Stazeno,Datum,Popis,Od,Do,Rezervace,Kapacita,Instruktor,Typ,Aktivita
23.03.2017 10:45,20.03.2017,Powerjoga,11:25,12:10,9,20,Tomas  Helbig,dynamicka posilovaci,Joga zeleny sal
23.03.2017 10:45,20.03.2017,Powerjoga,12:15,13:00,4,20,Tomas  Helbig,zacatecnici,Joga zeleny sal
23.03.2017 10:45,20.03.2017,Jemna joga,15:05,16:05,9,20,Vera Vojtechova,klidna protahovaci,Joga zeleny sal
23.03.2017 10:45,20.03.2017,Joga pro zdrava zada - vhodna pro zacatecniky,16:10,17:10,13,20,Vera Vojtechova,zdravotni,Joga zeleny sal
23.03.2017 10:45,20.03.2017,Hot joga,16:40,17:40,3,30,Veronika  Brozova CJ / EN,zacatecnici,Hot-joga
23.03.2017 10:45,20.03.2017,Ashtanga joga,17:20,18:50,10,20,Tomas  Helbig,dynamicka posilovaci,Joga zeleny sal
23.03.2017 10:45,20.03.2017,Hot joga,18:00,19:30,15,30,Monika Stuart,klidna protahovaci,Hot-joga
23.03.2017 10:45,20.03.2017,Hatha joga,18:55,19:55,11,20,Sandra Justova,klidna protahovaci,Joga zeleny sal
23.03.2017 10:45,20.03.2017,Hot joga zaskok Marketa Samesova,19:45,21:15,15,30,,dynamicka posilovaci,Hot-joga
23.03.2017 10:45,20.03.2017,Powerjoga,7:00,8:00,7,20,Eva Dornakova CJ / NJ,zacatecnici,Joga zeleny sal
23.03.2017 10:45,20.03.2017,Hatha joga - vhodna i pro zacatecniky,8:05,8:50,2,20,Eva Dornakova CJ / NJ,klidna protahovaci,Joga zeleny sal
23.03.2017 10:45,21.03.2017,Jemna joga,10:20,11:20,4,20,Katerina  Kornova,klidna protahovaci,Joga zeleny sal
23.03.2017 10:45,21.03.2017,Joga pro zdrava zada,11:25,12:10,12,20,Katerina  Kornova,zdravotni,Joga zeleny sal
23.03.2017 10:45,21.03.2017,Powerjoga,11:40,12:25,10,30,Karolina Chudobova,zacatecnici,Joga modry sal
23.03.2017 10:45,21.03.2017,Joga pro zdrava zada,12:15,13:00,9,20,Katerina  Kornova,zdravotni,Joga zeleny sal
23.03.2017 10:45,21.03.2017,Powerjoga,12:30,13:15,12,30,Karolina Chudobova,dynamicka posilovaci,Joga modry sal
23.03.2017 10:45,21.03.2017,Hatha joga,16:20,17:20,18,20,Lubica Vodvarkova,klidna protahovaci,Joga zeleny sal
23.03.2017 10:45,21.03.2017,Hot joga,16:40,17:40,19,30,Alexandra Mandova,zacatecnici,Hot-joga
23.03.2017 10:45,21.03.2017,Jemna joga,17:25,18:25,17,20,Lubica Vodvarkova,zacatecnici,Joga zeleny sal
23.03.2017 10:45,21.03.2017,Hot joga - vhodna i pro zacatecniky,18:00,19:30,23,30,Petr  Cmund,dynamicka posilovaci,Hot-joga
23.03.2017 10:45,21.03.2017,Gravid joga,18:30,19:30,14,20,Hana Stepanova,zdravotni,Joga zeleny sal
23.03.2017 10:45,21.03.2017,Kurz powerjogy pro zacatecniky - uzavreny kurz,19:40,21:10,0,0,Marketa Makovska CJ / EN,,Joga zeleny sal
23.03.2017 10:45,21.03.2017,Kurz jogy pro zacatecniky - uzavreny kurz,19:45,21:15,0,0,Richard Holicky,,Joga modry sal
23.03.2017 10:45,21.03.2017,Powerjoga,7:00,8:00,19,20,Hana Hruskova CJ / EN,dynamicka posilovaci,Joga zeleny sal
23.03.2017 10:45,21.03.2017,Powerjoga,8:05,9:05,3,20,Hana Hruskova CJ / EN,zacatecnici,Joga zeleny sal
23.03.2017 10:45,22.03.2017,Jemna joga - vhodna i pro seniory,10:15,11:15,2,22,Daniela  Fremuntova,klidna protahovaci,Joga modry sal
23.03.2017 10:45,22.03.2017,Powerjoga,11:25,12:10,9,30,Daniela  Fremuntova,dynamicka posilovaci,Joga modry sal
23.03.2017 10:45,22.03.2017,Joga pro zdrava zada,11:40,12:25,9,20,Katerina  Kornova,zdravotni,Joga zeleny sal
23.03.2017 10:45,22.03.2017,Powerjoga,12:15,13:00,9,30,Daniela  Fremuntova,zacatecnici,Joga modry sal
23.03.2017 10:45,22.03.2017,Joga pro zdrava zada,12:30,13:15,7,20,Katerina  Kornova,zdravotni,Joga zeleny sal
23.03.2017 10:45,22.03.2017,Joga zamerena na zdrava zada,16:20,17:20,11,20,Alexandra Mandova,zdravotni,Joga zeleny sal
23.03.2017 10:45,22.03.2017,Hot joga,16:30,17:30,7,30,Lenka Uhlikova,klidna protahovaci,Hot-joga
23.03.2017 10:45,22.03.2017,Powerjoga,17:25,18:25,20,20,Alexandra Mandova,dynamicka posilovaci,Joga zeleny sal
23.03.2017 10:45,22.03.2017,Hot joga,18:00,19:30,13,30,Eva Safarikova CJ / EN,dynamicka posilovaci,Hot-joga
23.03.2017 10:45,22.03.2017,Hatha joga,18:30,20:00,8,20,Marie Kmochova,klidna protahovaci,Joga zeleny sal
23.03.2017 10:45,22.03.2017,Hot joga,19:45,21:15,17,30,Jarmila Kucmasova,zacatecnici,Hot-joga
23.03.2017 10:45,22.03.2017,Intenzivni kurz jogy - uzavreny kurz,20:05,21:35,0,0,Katka  Prymkova  CJ / EN,,Joga zeleny sal
23.03.2017 10:45,22.03.2017,Joga - probuzeni patere,7:00,8:00,1,30,Micha  Prach Kotrckova,klidna protahovaci,Joga modry sal
23.03.2017 10:45,22.03.2017,Powerjoga,7:00,8:00,11,20,Veronika  Brozova CJ / EN,zacatecnici,Joga zeleny sal
23.03.2017 10:45,22.03.2017,Kundalini joga,8:05,9:35,3,20,Micha  Prach Kotrckova,zacatecnici,Joga zeleny sal
23.03.2017 10:45,23.03.2017,Office joga,11:25,12:10,5,30,Alexandra Mandova,klidna protahovaci,Joga modry sal
23.03.2017 10:45,23.03.2017,Powerjoga,11:40,12:25,11,20,Marketa Makovska CJ / EN,dynamicka posilovaci,Joga zeleny sal
23.03.2017 10:45,23.03.2017,Zdrava zada,12:15,13:00,7,30,Alexandra Mandova,zdravotni,Joga modry sal
23.03.2017 10:45,23.03.2017,Powerjoga,12:30,13:15,8,20,Marketa Makovska CJ / EN,zacatecnici,Joga zeleny sal
23.03.2017 10:45,23.03.2017,Jemna joga,15:15,16:15,11,20,Lubica Vodvarkova,klidna protahovaci,Joga zeleny sal
23.03.2017 10:45,23.03.2017,Hatha joga,16:20,17:20,18,20,Lubica Vodvarkova,zacatecnici,Joga zeleny sal
23.03.2017 10:45,23.03.2017,Hot joga,16:40,17:40,10,30,Alexandra Mandova,dynamicka posilovaci,Hot-joga
23.03.2017 11:12,23.03.2017,Hot joga,16:40,17:40,12,30,Alexandra Mandova,dynamicka posilovaci,Hot-joga
23.03.2017 12:51,23.03.2017,Hot joga,16:40,17:40,13,30,Alexandra Mandova,dynamicka posilovaci,Hot-joga
23.03.2017 10:45,23.03.2017,Powerjoga,17:25,18:25,20,20,Lubica Vodvarkova,dynamicka posilovaci,Joga zeleny sal
23.03.2017 10:45,23.03.2017,Hot joga,18:00,19:30,20,30,Pavla  Krecanova,zacatecnici,Hot-joga
23.03.2017 11:49,23.03.2017,Hot joga,18:00,19:30,19,30,Pavla  Krecanova,zacatecnici,Hot-joga
23.03.2017 13:12,23.03.2017,Hot joga,18:00,19:30,21,30,Pavla  Krecanova,zacatecnici,Hot-joga
23.03.2017 10:45,23.03.2017,Gravid joga,18:30,19:30,10,20,Hana Stepanova,zdravotni,Joga zeleny sal
23.03.2017 11:26,23.03.2017,Gravid joga,18:30,19:30,9,20,Hana Stepanova,zdravotni,Joga zeleny sal
23.03.2017 11:49,23.03.2017,Gravid joga,18:30,19:30,11,20,Hana Stepanova,zdravotni,Joga zeleny sal
23.03.2017 12:24,23.03.2017,Gravid joga,18:30,19:30,12,20,Hana Stepanova,zdravotni,Joga zeleny sal
23.03.2017 13:13,23.03.2017,Gravid joga,18:30,19:30,13,20,Hana Stepanova,zdravotni,Joga zeleny sal
23.03.2017 10:45,23.03.2017,Jemna joga,19:35,20:35,16,20,Hana Stepanova,klidna protahovaci,Joga zeleny sal
23.03.2017 11:27,23.03.2017,Jemna joga,19:35,20:35,17,20,Hana Stepanova,klidna protahovaci,Joga zeleny sal
23.03.2017 12:05,23.03.2017,Jemna joga,19:35,20:35,18,20,Hana Stepanova,klidna protahovaci,Joga zeleny sal
23.03.2017 10:45,23.03.2017,Hot joga,19:45,21:15,9,30,Monika Stuart,klidna protahovaci,Hot-joga
23.03.2017 13:10,23.03.2017,Hot joga,19:45,21:15,8,30,Monika Stuart,klidna protahovaci,Hot-joga
23.03.2017 14:20,23.03.2017,Hot joga,19:45,21:15,7,30,Monika Stuart,klidna protahovaci,Hot-joga
23.03.2017 14:24,23.03.2017,Hot joga,19:45,21:15,10,30,Monika Stuart,klidna protahovaci,Hot-joga
23.03.2017 10:45,23.03.2017,Powerjoga,7:00,8:00,5,20,Alexandra Mandova,dynamicka posilovaci,Joga zeleny sal
23.03.2017 10:45,23.03.2017,Jemna joga,8:00,9:00,4,30,Blanka Lorencova,zacatecnici,Joga modry sal
23.03.2017 10:45,23.03.2017,Hatha joga - vhodna i pro zacatecniky,8:05,8:50,9,20,Alexandra Mandova,klidna protahovaci,Joga zeleny sal
23.03.2017 10:45,23.03.2017,Zdrava zada,9:05,10:05,13,30,Blanka Lorencova,zdravotni,Joga modry sal
23.03.2017 10:45,24.03.2017,Hot joga,10:00,11:00,6,30,Vera Vojtechova,zacatecnici,Hot-joga
23.03.2017 15:51,24.03.2017,Hot joga,10:00,11:00,5,30,Vera Vojtechova,zacatecnici,Hot-joga
24.03.2017 03:09,24.03.2017,Hot joga,10:00,11:00,7,30,Vera Vojtechova,zacatecnici,Hot-joga
24.03.2017 04:10,24.03.2017,Hot joga,10:00,11:00,8,30,Vera Vojtechova,zacatecnici,Hot-joga
24.03.2017 04:29,24.03.2017,Hot joga,10:00,11:00,9,30,Vera Vojtechova,zacatecnici,Hot-joga
23.03.2017 10:45,24.03.2017,Jogova terapie - sal je mirne vyhraty,11:15,12:15,9,20,Vera Vojtechova,zdravotni,Joga modry sal
23.03.2017 21:21,24.03.2017,Jogova terapie - sal je mirne vyhraty,11:15,12:15,10,20,Vera Vojtechova,zdravotni,Joga modry sal
24.03.2017 03:33,24.03.2017,Jogova terapie - sal je mirne vyhraty,11:15,12:15,11,20,Vera Vojtechova,zdravotni,Joga modry sal
24.03.2017 05:01,24.03.2017,Jogova terapie - sal je mirne vyhraty,11:15,12:15,12,20,Vera Vojtechova,zdravotni,Joga modry sal
24.03.2017 05:06,24.03.2017,Jogova terapie - sal je mirne vyhraty,11:15,12:15,14,20,Vera Vojtechova,zdravotni,Joga modry sal
24.03.2017 05:27,24.03.2017,Jogova terapie - sal je mirne vyhraty,11:15,12:15,15,20,Vera Vojtechova,zdravotni,Joga modry sal
24.03.2017 05:31,24.03.2017,Jogova terapie - sal je mirne vyhraty,11:15,12:15,16,20,Vera Vojtechova,zdravotni,Joga modry sal
23.03.2017 10:45,24.03.2017,Powerjoga,11:25,12:10,0,20,Veronika  Brozova CJ / EN,zacatecnici,Joga zeleny sal
24.03.2017 02:06,24.03.2017,Powerjoga,11:25,12:10,1,20,Veronika  Brozova CJ / EN,zacatecnici,Joga zeleny sal
24.03.2017 03:48,24.03.2017,Powerjoga,11:25,12:10,2,20,Veronika  Brozova CJ / EN,zacatecnici,Joga zeleny sal
24.03.2017 04:05,24.03.2017,Powerjoga,11:25,12:10,4,20,Veronika  Brozova CJ / EN,zacatecnici,Joga zeleny sal
24.03.2017 05:20,24.03.2017,Powerjoga,11:25,12:10,5,20,Veronika  Brozova CJ / EN,zacatecnici,Joga zeleny sal
24.03.2017 05:21,24.03.2017,Powerjoga,11:25,12:10,6,20,Veronika  Brozova CJ / EN,zacatecnici,Joga zeleny sal
24.03.2017 05:33,24.03.2017,Powerjoga,11:25,12:10,7,20,Veronika  Brozova CJ / EN,zacatecnici,Joga zeleny sal
24.03.2017 05:34,24.03.2017,Powerjoga,11:25,12:10,8,20,Veronika  Brozova CJ / EN,zacatecnici,Joga zeleny sal
24.03.2017 05:43,24.03.2017,Powerjoga,11:25,12:10,9,20,Veronika  Brozova CJ / EN,zacatecnici,Joga zeleny sal
23.03.2017 10:45,24.03.2017,Powerjoga,12:15,13:00,4,20,Veronika  Brozova CJ / EN,dynamicka posilovaci,Joga zeleny sal
23.03.2017 11:12,24.03.2017,Powerjoga,12:15,13:00,5,20,Veronika  Brozova CJ / EN,dynamicka posilovaci,Joga zeleny sal
24.03.2017 02:55,24.03.2017,Powerjoga,12:15,13:00,6,20,Veronika  Brozova CJ / EN,dynamicka posilovaci,Joga zeleny sal
24.03.2017 04:03,24.03.2017,Powerjoga,12:15,13:00,7,20,Veronika  Brozova CJ / EN,dynamicka posilovaci,Joga zeleny sal
24.03.2017 04:43,24.03.2017,Powerjoga,12:15,13:00,8,20,Veronika  Brozova CJ / EN,dynamicka posilovaci,Joga zeleny sal
24.03.2017 06:20,24.03.2017,Powerjoga,12:15,13:00,9,20,Veronika  Brozova CJ / EN,dynamicka posilovaci,Joga zeleny sal
24.03.2017 06:21,24.03.2017,Powerjoga,12:15,13:00,11,20,Veronika  Brozova CJ / EN,dynamicka posilovaci,Joga zeleny sal
24.03.2017 06:22,24.03.2017,Powerjoga,12:15,13:00,12,20,Veronika  Brozova CJ / EN,dynamicka posilovaci,Joga zeleny sal
24.03.2017 06:32,24.03.2017,Powerjoga,12:15,13:00,13,20,Veronika  Brozova CJ / EN,dynamicka posilovaci,Joga zeleny sal
23.03.2017 10:45,24.03.2017,Hatha joga,14:10,15:10,2,20,Sandra Justova,zacatecnici,Joga zeleny sal
24.03.2017 03:10,24.03.2017,Hatha joga,14:10,15:10,3,20,Sandra Justova,zacatecnici,Joga zeleny sal
24.03.2017 06:09,24.03.2017,Hatha joga,14:10,15:10,4,20,Sandra Justova,zacatecnici,Joga zeleny sal
24.03.2017 06:54,24.03.2017,Hatha joga,14:10,15:10,5,20,Sandra Justova,zacatecnici,Joga zeleny sal
24.03.2017 07:51,24.03.2017,Hatha joga,14:10,15:10,6,20,Sandra Justova,zacatecnici,Joga zeleny sal
24.03.2017 08:06,24.03.2017,Hatha joga,14:10,15:10,7,20,Sandra Justova,zacatecnici,Joga zeleny sal
24.03.2017 08:31,24.03.2017,Hatha joga,14:10,15:10,8,20,Sandra Justova,zacatecnici,Joga zeleny sal
24.03.2017 08:32,24.03.2017,Hatha joga,14:10,15:10,9,20,Sandra Justova,zacatecnici,Joga zeleny sal
23.03.2017 10:45,24.03.2017,Joga pro zdrava zada,15:15,16:15,1,20,Katerina  Kornova,zdravotni,Joga zeleny sal
24.03.2017 07:13,24.03.2017,Joga pro zdrava zada,15:15,16:15,2,20,Katerina  Kornova,zdravotni,Joga zeleny sal
24.03.2017 07:23,24.03.2017,Joga pro zdrava zada,15:15,16:15,3,20,Katerina  Kornova,zdravotni,Joga zeleny sal
24.03.2017 09:24,24.03.2017,Joga pro zdrava zada,15:15,16:15,4,20,Katerina  Kornova,zdravotni,Joga zeleny sal
24.03.2017 09:55,24.03.2017,Joga pro zdrava zada,15:15,16:15,5,20,Katerina  Kornova,zdravotni,Joga zeleny sal
23.03.2017 10:45,24.03.2017,Jemna joga,16:20,17:20,5,20,Katerina  Kornova,klidna protahovaci,Joga zeleny sal
24.03.2017 03:11,24.03.2017,Jemna joga,16:20,17:20,4,20,Katerina  Kornova,klidna protahovaci,Joga zeleny sal
24.03.2017 08:34,24.03.2017,Jemna joga,16:20,17:20,6,20,Katerina  Kornova,klidna protahovaci,Joga zeleny sal
24.03.2017 08:38,24.03.2017,Jemna joga,16:20,17:20,7,20,Katerina  Kornova,klidna protahovaci,Joga zeleny sal
24.03.2017 09:08,24.03.2017,Jemna joga,16:20,17:20,8,20,Katerina  Kornova,klidna protahovaci,Joga zeleny sal
24.03.2017 10:38,24.03.2017,Jemna joga,16:20,17:20,10,20,Katerina  Kornova,klidna protahovaci,Joga zeleny sal
23.03.2017 10:45,24.03.2017,Powerjoga,17:25,18:25,7,20,Tomas  Helbig,dynamicka posilovaci,Joga zeleny sal
24.03.2017 02:50,24.03.2017,Powerjoga,17:25,18:25,6,20,Tomas  Helbig,dynamicka posilovaci,Joga zeleny sal
24.03.2017 06:17,24.03.2017,Powerjoga,17:25,18:25,8,20,Tomas  Helbig,dynamicka posilovaci,Joga zeleny sal
24.03.2017 06:44,24.03.2017,Powerjoga,17:25,18:25,9,20,Tomas  Helbig,dynamicka posilovaci,Joga zeleny sal
24.03.2017 11:33,24.03.2017,Powerjoga,17:25,18:25,10,20,Tomas  Helbig,dynamicka posilovaci,Joga zeleny sal
24.03.2017 11:46,24.03.2017,Powerjoga,17:25,18:25,11,20,Tomas  Helbig,dynamicka posilovaci,Joga zeleny sal
23.03.2017 10:45,24.03.2017,Ashtanga joga - vhodna i pro zacatecniky,18:30,20:00,5,20,Tomas  Helbig,zacatecnici,Joga zeleny sal
23.03.2017 11:45,24.03.2017,Ashtanga joga - vhodna i pro zacatecniky,18:30,20:00,6,20,Tomas  Helbig,zacatecnici,Joga zeleny sal
24.03.2017 02:26,24.03.2017,Ashtanga joga - vhodna i pro zacatecniky,18:30,20:00,7,20,Tomas  Helbig,zacatecnici,Joga zeleny sal
24.03.2017 05:48,24.03.2017,Ashtanga joga - vhodna i pro zacatecniky,18:30,20:00,8,20,Tomas  Helbig,zacatecnici,Joga zeleny sal
23.03.2017 10:45,24.03.2017,Hatha joga,7:00,8:00,6,20,Alexandra Mandova,zacatecnici,Joga zeleny sal
23.03.2017 11:17,24.03.2017,Hatha joga,7:00,8:00,7,20,Alexandra Mandova,zacatecnici,Joga zeleny sal
24.03.2017 01:17,24.03.2017,Hatha joga,7:00,8:00,8,20,Alexandra Mandova,zacatecnici,Joga zeleny sal
23.03.2017 10:45,24.03.2017,Jemna joga,8:05,8:50,2,20,Alexandra Mandova,klidna protahovaci,Joga zeleny sal
23.03.2017 12:23,24.03.2017,Jemna joga,8:05,8:50,3,20,Alexandra Mandova,klidna protahovaci,Joga zeleny sal
23.03.2017 17:03,24.03.2017,Jemna joga,8:05,8:50,4,20,Alexandra Mandova,klidna protahovaci,Joga zeleny sal
24.03.2017 01:59,24.03.2017,Jemna joga,8:05,8:50,5,20,Alexandra Mandova,klidna protahovaci,Joga zeleny sal
24.03.2017 02:26,24.03.2017,Jemna joga,8:05,8:50,6,20,Alexandra Mandova,klidna protahovaci,Joga zeleny sal
23.03.2017 10:45,25.03.2017,Powerjoga,10:20,11:20,1,20,Martina Dvorakova,dynamicka posilovaci,Joga zeleny sal
23.03.2017 11:12,25.03.2017,Powerjoga,10:20,11:20,2,20,Martina Dvorakova,dynamicka posilovaci,Joga zeleny sal
24.03.2017 08:45,25.03.2017,Powerjoga,10:20,11:20,3,20,Martina Dvorakova,dynamicka posilovaci,Joga zeleny sal
25.03.2017 03:07,25.03.2017,Powerjoga,10:20,11:20,4,20,Martina Dvorakova,dynamicka posilovaci,Joga zeleny sal
25.03.2017 04:32,25.03.2017,Powerjoga,10:20,11:20,5,20,Martina Dvorakova,dynamicka posilovaci,Joga zeleny sal
25.03.2017 04:38,25.03.2017,Powerjoga,10:20,11:20,7,20,Martina Dvorakova,dynamicka posilovaci,Joga zeleny sal
23.03.2017 10:45,25.03.2017,Hatha joga,11:30,13:00,5,20,Martina Koralova,zacatecnici,Joga zeleny sal
23.03.2017 13:52,25.03.2017,Hatha joga,11:30,13:00,6,20,Martina Koralova,zacatecnici,Joga zeleny sal
24.03.2017 01:04,25.03.2017,Hatha joga,11:30,13:00,7,20,Martina Koralova,zacatecnici,Joga zeleny sal
24.03.2017 05:25,25.03.2017,Hatha joga,11:30,13:00,8,20,Martina Koralova,zacatecnici,Joga zeleny sal
24.03.2017 05:27,25.03.2017,Hatha joga,11:30,13:00,9,20,Martina Koralova,zacatecnici,Joga zeleny sal
24.03.2017 06:58,25.03.2017,Hatha joga,11:30,13:00,10,20,Martina Koralova,zacatecnici,Joga zeleny sal
24.03.2017 18:20,25.03.2017,Hatha joga,11:30,13:00,11,20,Martina Koralova,zacatecnici,Joga zeleny sal
24.03.2017 18:22,25.03.2017,Hatha joga,11:30,13:00,12,20,Martina Koralova,zacatecnici,Joga zeleny sal
25.03.2017 05:49,25.03.2017,Hatha joga,11:30,13:00,13,20,Martina Koralova,zacatecnici,Joga zeleny sal
23.03.2017 10:45,25.03.2017,Jemna joga,13:05,14:05,1,20,Martina Koralova,klidna protahovaci,Joga zeleny sal
24.03.2017 04:53,25.03.2017,Jemna joga,13:05,14:05,2,20,Martina Koralova,klidna protahovaci,Joga zeleny sal
24.03.2017 07:50,25.03.2017,Jemna joga,13:05,14:05,3,20,Martina Koralova,klidna protahovaci,Joga zeleny sal
24.03.2017 10:13,25.03.2017,Jemna joga,13:05,14:05,4,20,Martina Koralova,klidna protahovaci,Joga zeleny sal
24.03.2017 11:24,25.03.2017,Jemna joga,13:05,14:05,5,20,Martina Koralova,klidna protahovaci,Joga zeleny sal
25.03.2017 06:31,25.03.2017,Jemna joga,13:05,14:05,6,20,Martina Koralova,klidna protahovaci,Joga zeleny sal
23.03.2017 10:45,25.03.2017,Hatha joga,14:15,15:45,1,20,Milana Jermanova,klidna protahovaci,Joga zeleny sal
24.03.2017 06:15,25.03.2017,Hatha joga,14:15,15:45,0,20,Milana Jermanova,klidna protahovaci,Joga zeleny sal
23.03.2017 10:45,25.03.2017,Powerjoga,15:50,16:50,1,20,Veronika  Brozova CJ / EN,dynamicka posilovaci,Joga zeleny sal
24.03.2017 14:53,25.03.2017,Powerjoga,15:50,16:50,2,20,Veronika  Brozova CJ / EN,dynamicka posilovaci,Joga zeleny sal
25.03.2017 05:43,25.03.2017,Powerjoga,15:50,16:50,3,20,Veronika  Brozova CJ / EN,dynamicka posilovaci,Joga zeleny sal
25.03.2017 08:03,25.03.2017,Powerjoga,15:50,16:50,4,20,Veronika  Brozova CJ / EN,dynamicka posilovaci,Joga zeleny sal
25.03.2017 10:04,25.03.2017,Powerjoga,15:50,16:50,5,20,Veronika  Brozova CJ / EN,dynamicka posilovaci,Joga zeleny sal
25.03.2017 10:07,25.03.2017,Powerjoga,15:50,16:50,6,20,Veronika  Brozova CJ / EN,dynamicka posilovaci,Joga zeleny sal
23.03.2017 10:45,25.03.2017,Jemna joga,17:00,18:30,1,20,Veronika  Brozova CJ / EN,klidna protahovaci,Joga zeleny sal
23.03.2017 15:43,25.03.2017,Jemna joga,17:00,18:30,2,20,Veronika  Brozova CJ / EN,klidna protahovaci,Joga zeleny sal
25.03.2017 08:19,25.03.2017,Jemna joga,17:00,18:30,3,20,Veronika  Brozova CJ / EN,klidna protahovaci,Joga zeleny sal
25.03.2017 10:47,25.03.2017,Jemna joga,17:00,18:30,4,20,Veronika  Brozova CJ / EN,klidna protahovaci,Joga zeleny sal
23.03.2017 10:45,25.03.2017,Hatha joga,9:15,10:15,7,20,Martina Dvorakova,klidna protahovaci,Joga zeleny sal
24.03.2017 09:35,25.03.2017,Hatha joga,9:15,10:15,8,20,Martina Dvorakova,klidna protahovaci,Joga zeleny sal
24.03.2017 16:43,25.03.2017,Hatha joga,9:15,10:15,9,20,Martina Dvorakova,klidna protahovaci,Joga zeleny sal
25.03.2017 03:40,25.03.2017,Hatha joga,9:15,10:15,10,20,Martina Dvorakova,klidna protahovaci,Joga zeleny sal
25.03.2017 03:41,25.03.2017,Hatha joga,9:15,10:15,11,20,Martina Dvorakova,klidna protahovaci,Joga zeleny sal
23.03.2017 10:45,26.03.2017,Hormonalni joga - opakovani sestavy,10:00,12:00,6,20,Tana Jilemnicka,zdravotni,Joga zeleny sal
24.03.2017 05:06,26.03.2017,Hormonalni joga - opakovani sestavy,10:00,12:00,8,20,Tana Jilemnicka,zdravotni,Joga zeleny sal
24.03.2017 07:28,26.03.2017,Hormonalni joga - opakovani sestavy,10:00,12:00,9,20,Tana Jilemnicka,zdravotni,Joga zeleny sal
26.03.2017 04:09,26.03.2017,Hormonalni joga - opakovani sestavy,10:00,12:00,5,20,Tana Jilemnicka,zdravotni,Joga zeleny sal
23.03.2017 10:45,26.03.2017,Hot joga,16:45,18:15,30,30,Alexandra Mandova,zacatecnici,Hot-joga
25.03.2017 15:29,26.03.2017,Hot joga,16:45,18:15,29,30,Alexandra Mandova,zacatecnici,Hot-joga
26.03.2017 02:44,26.03.2017,Hot joga,16:45,18:15,28,30,Alexandra Mandova,zacatecnici,Hot-joga
26.03.2017 03:32,26.03.2017,Hot joga,16:45,18:15,26,30,Alexandra Mandova,zacatecnici,Hot-joga
26.03.2017 04:46,26.03.2017,Hot joga,16:45,18:15,25,30,Alexandra Mandova,zacatecnici,Hot-joga
26.03.2017 05:01,26.03.2017,Hot joga,16:45,18:15,27,30,Alexandra Mandova,zacatecnici,Hot-joga
23.03.2017 10:45,26.03.2017,Hatha joga,17:00,18:00,6,20,Katka  Prymkova  CJ / EN,klidna protahovaci,Joga zeleny sal
24.03.2017 14:50,26.03.2017,Hatha joga,17:00,18:00,7,20,Katka  Prymkova  CJ / EN,klidna protahovaci,Joga zeleny sal
25.03.2017 13:16,26.03.2017,Hatha joga,17:00,18:00,8,20,Katka  Prymkova  CJ / EN,klidna protahovaci,Joga zeleny sal
26.03.2017 04:52,26.03.2017,Hatha joga,17:00,18:00,10,20,Katka  Prymkova  CJ / EN,klidna protahovaci,Joga zeleny sal
26.03.2017 05:58,26.03.2017,Hatha joga,17:00,18:00,11,20,Katka  Prymkova  CJ / EN,klidna protahovaci,Joga zeleny sal
26.03.2017 06:59,26.03.2017,Hatha joga,17:00,18:00,12,20,Katka  Prymkova  CJ / EN,klidna protahovaci,Joga zeleny sal
26.03.2017 07:03,26.03.2017,Hatha joga,17:00,18:00,13,20,Katka  Prymkova  CJ / EN,klidna protahovaci,Joga zeleny sal
26.03.2017 07:05,26.03.2017,Hatha joga,17:00,18:00,14,20,Katka  Prymkova  CJ / EN,klidna protahovaci,Joga zeleny sal
26.03.2017 08:25,26.03.2017,Hatha joga,17:00,18:00,15,20,Katka  Prymkova  CJ / EN,klidna protahovaci,Joga zeleny sal
26.03.2017 09:11,26.03.2017,Hatha joga,17:00,18:00,16,20,Katka  Prymkova  CJ / EN,klidna protahovaci,Joga zeleny sal
26.03.2017 09:37,26.03.2017,Hatha joga,17:00,18:00,17,20,Katka  Prymkova  CJ / EN,klidna protahovaci,Joga zeleny sal
26.03.2017 09:44,26.03.2017,Hatha joga,17:00,18:00,18,20,Katka  Prymkova  CJ / EN,klidna protahovaci,Joga zeleny sal
26.03.2017 10:16,26.03.2017,Hatha joga,17:00,18:00,19,20,Katka  Prymkova  CJ / EN,klidna protahovaci,Joga zeleny sal
23.03.2017 10:45,26.03.2017,Powerjoga - vhodna i pro zacatecniky,18:10,19:40,20,20,Petra Tomkova,dynamicka posilovaci,Joga zeleny sal
24.03.2017 06:59,26.03.2017,Powerjoga - vhodna i pro zacatecniky,18:10,19:40,19,20,Petra Tomkova,dynamicka posilovaci,Joga zeleny sal
23.03.2017 10:45,26.03.2017,Hot joga,18:30,19:30,4,30,Katka  Prymkova  CJ / EN,dynamicka posilovaci,Hot-joga
23.03.2017 12:15,26.03.2017,Hot joga,18:30,19:30,6,30,Katka  Prymkova  CJ / EN,dynamicka posilovaci,Hot-joga
23.03.2017 12:16,26.03.2017,Hot joga,18:30,19:30,7,30,Katka  Prymkova  CJ / EN,dynamicka posilovaci,Hot-joga
23.03.2017 14:32,26.03.2017,Hot joga,18:30,19:30,8,30,Katka  Prymkova  CJ / EN,dynamicka posilovaci,Hot-joga
25.03.2017 07:34,26.03.2017,Hot joga,18:30,19:30,9,30,Katka  Prymkova  CJ / EN,dynamicka posilovaci,Hot-joga
26.03.2017 03:14,26.03.2017,Hot joga,18:30,19:30,10,30,Katka  Prymkova  CJ / EN,dynamicka posilovaci,Hot-joga
26.03.2017 05:41,26.03.2017,Hot joga,18:30,19:30,11,30,Katka  Prymkova  CJ / EN,dynamicka posilovaci,Hot-joga
26.03.2017 07:10,26.03.2017,Hot joga,18:30,19:30,12,30,Katka  Prymkova  CJ / EN,dynamicka posilovaci,Hot-joga
26.03.2017 08:04,26.03.2017,Hot joga,18:30,19:30,13,30,Katka  Prymkova  CJ / EN,dynamicka posilovaci,Hot-joga
26.03.2017 10:21,26.03.2017,Hot joga,18:30,19:30,14,30,Katka  Prymkova  CJ / EN,dynamicka posilovaci,Hot-joga
26.03.2017 11:16,26.03.2017,Hot joga,18:30,19:30,15,30,Katka  Prymkova  CJ / EN,dynamicka posilovaci,Hot-joga
26.03.2017 11:17,26.03.2017,Hot joga,18:30,19:30,16,30,Katka  Prymkova  CJ / EN,dynamicka posilovaci,Hot-joga
26.03.2017 11:23,26.03.2017,Hot joga,18:30,19:30,17,30,Katka  Prymkova  CJ / EN,dynamicka posilovaci,Hot-joga
26.03.2017 11:34,26.03.2017,Hot joga,18:30,19:30,18,30,Katka  Prymkova  CJ / EN,dynamicka posilovaci,Hot-joga
26.03.2017 11:39,26.03.2017,Hot joga,18:30,19:30,20,30,Katka  Prymkova  CJ / EN,dynamicka posilovaci,Hot-joga
26.03.2017 11:47,26.03.2017,Hot joga,18:30,19:30,21,30,Katka  Prymkova  CJ / EN,dynamicka posilovaci,Hot-joga
26.03.2017 11:55,26.03.2017,Hot joga,18:30,19:30,22,30,Katka  Prymkova  CJ / EN,dynamicka posilovaci,Hot-joga
23.03.2017 10:45,26.03.2017,Intenzivni kurz jogy - uzavreny kurz,19:45,21:15,0,0,Katka  Prymkova  CJ / EN,,Joga zeleny sal
26.03.2017 17:22,27.03.2017,Powerjoga,11:25,12:10,1,20,Tomas  Helbig,dynamicka posilovaci,Joga zeleny sal
27.03.2017 03:26,27.03.2017,Powerjoga,11:25,12:10,2,20,Tomas  Helbig,dynamicka posilovaci,Joga zeleny sal
27.03.2017 03:27,27.03.2017,Powerjoga,11:25,12:10,3,20,Tomas  Helbig,dynamicka posilovaci,Joga zeleny sal
27.03.2017 04:01,27.03.2017,Powerjoga,11:25,12:10,5,20,Tomas  Helbig,dynamicka posilovaci,Joga zeleny sal
27.03.2017 04:35,27.03.2017,Powerjoga,11:25,12:10,6,20,Tomas  Helbig,dynamicka posilovaci,Joga zeleny sal
27.03.2017 05:01,27.03.2017,Powerjoga,11:25,12:10,7,20,Tomas  Helbig,dynamicka posilovaci,Joga zeleny sal
27.03.2017 05:03,27.03.2017,Powerjoga,11:25,12:10,8,20,Tomas  Helbig,dynamicka posilovaci,Joga zeleny sal
26.03.2017 17:22,27.03.2017,Hatha joga - vhodna i pro zacatecniky,11:40,12:25,2,20,Alexandra Mandova,klidna protahovaci,Joga modry sal
27.03.2017 03:12,27.03.2017,Hatha joga - vhodna i pro zacatecniky,11:40,12:25,3,20,Alexandra Mandova,klidna protahovaci,Joga modry sal
27.03.2017 04:48,27.03.2017,Hatha joga - vhodna i pro zacatecniky,11:40,12:25,4,20,Alexandra Mandova,klidna protahovaci,Joga modry sal
26.03.2017 17:22,27.03.2017,Powerjoga,12:15,13:00,0,20,Tomas  Helbig,zacatecnici,Joga zeleny sal
27.03.2017 01:54,27.03.2017,Powerjoga,12:15,13:00,1,20,Tomas  Helbig,zacatecnici,Joga zeleny sal
27.03.2017 05:00,27.03.2017,Powerjoga,12:15,13:00,2,20,Tomas  Helbig,zacatecnici,Joga zeleny sal
27.03.2017 05:22,27.03.2017,Powerjoga,12:15,13:00,3,20,Tomas  Helbig,zacatecnici,Joga zeleny sal
27.03.2017 05:37,27.03.2017,Powerjoga,12:15,13:00,4,20,Tomas  Helbig,zacatecnici,Joga zeleny sal
26.03.2017 17:22,27.03.2017,Office joga,12:30,13:15,1,30,Alexandra Mandova,klidna protahovaci,Joga modry sal
27.03.2017 03:50,27.03.2017,Office joga,12:30,13:15,2,30,Alexandra Mandova,klidna protahovaci,Joga modry sal
26.03.2017 17:22,27.03.2017,Jemna joga,15:05,16:05,4,20,Vera Vojtechova,klidna protahovaci,Joga zeleny sal
27.03.2017 02:28,27.03.2017,Jemna joga,15:05,16:05,3,20,Vera Vojtechova,klidna protahovaci,Joga zeleny sal
27.03.2017 07:34,27.03.2017,Jemna joga,15:05,16:05,5,20,Vera Vojtechova,klidna protahovaci,Joga zeleny sal
27.03.2017 08:22,27.03.2017,Jemna joga,15:05,16:05,6,20,Vera Vojtechova,klidna protahovaci,Joga zeleny sal
27.03.2017 08:23,27.03.2017,Jemna joga,15:05,16:05,8,20,Vera Vojtechova,klidna protahovaci,Joga zeleny sal
26.03.2017 17:22,27.03.2017,Joga pro zdrava zada - vhodna pro zacatecniky,16:10,17:10,10,20,Vera Vojtechova,zdravotni,Joga zeleny sal
27.03.2017 01:03,27.03.2017,Joga pro zdrava zada - vhodna pro zacatecniky,16:10,17:10,11,20,Vera Vojtechova,zdravotni,Joga zeleny sal
27.03.2017 01:04,27.03.2017,Joga pro zdrava zada - vhodna pro zacatecniky,16:10,17:10,12,20,Vera Vojtechova,zdravotni,Joga zeleny sal
27.03.2017 03:02,27.03.2017,Joga pro zdrava zada - vhodna pro zacatecniky,16:10,17:10,13,20,Vera Vojtechova,zdravotni,Joga zeleny sal
27.03.2017 03:07,27.03.2017,Joga pro zdrava zada - vhodna pro zacatecniky,16:10,17:10,14,20,Vera Vojtechova,zdravotni,Joga zeleny sal
27.03.2017 03:21,27.03.2017,Joga pro zdrava zada - vhodna pro zacatecniky,16:10,17:10,15,20,Vera Vojtechova,zdravotni,Joga zeleny sal
27.03.2017 04:14,27.03.2017,Joga pro zdrava zada - vhodna pro zacatecniky,16:10,17:10,16,20,Vera Vojtechova,zdravotni,Joga zeleny sal
27.03.2017 05:21,27.03.2017,Joga pro zdrava zada - vhodna pro zacatecniky,16:10,17:10,17,20,Vera Vojtechova,zdravotni,Joga zeleny sal
27.03.2017 09:35,27.03.2017,Joga pro zdrava zada - vhodna pro zacatecniky,16:10,17:10,18,20,Vera Vojtechova,zdravotni,Joga zeleny sal
26.03.2017 17:22,27.03.2017,Hot joga,16:40,17:40,3,30,Veronika  Brozova CJ / EN,zacatecnici,Hot-joga
27.03.2017 01:16,27.03.2017,Hot joga,16:40,17:40,2,30,Veronika  Brozova CJ / EN,zacatecnici,Hot-joga
27.03.2017 03:04,27.03.2017,Hot joga,16:40,17:40,4,30,Veronika  Brozova CJ / EN,zacatecnici,Hot-joga
27.03.2017 03:07,27.03.2017,Hot joga,16:40,17:40,5,30,Veronika  Brozova CJ / EN,zacatecnici,Hot-joga
27.03.2017 03:38,27.03.2017,Hot joga,16:40,17:40,6,30,Veronika  Brozova CJ / EN,zacatecnici,Hot-joga
27.03.2017 06:41,27.03.2017,Hot joga,16:40,17:40,7,30,Veronika  Brozova CJ / EN,zacatecnici,Hot-joga
27.03.2017 09:53,27.03.2017,Hot joga,16:40,17:40,8,30,Veronika  Brozova CJ / EN,zacatecnici,Hot-joga
27.03.2017 10:00,27.03.2017,Hot joga,16:40,17:40,9,30,Veronika  Brozova CJ / EN,zacatecnici,Hot-joga
26.03.2017 17:22,27.03.2017,Ashtanga joga,17:20,18:50,7,20,Katka  Prymkova  CJ / EN,dynamicka posilovaci,Joga zeleny sal
27.03.2017 02:16,27.03.2017,Ashtanga joga,17:20,18:50,6,20,Katka  Prymkova  CJ / EN,dynamicka posilovaci,Joga zeleny sal
27.03.2017 07:29,27.03.2017,Ashtanga joga,17:20,18:50,8,20,Katka  Prymkova  CJ / EN,dynamicka posilovaci,Joga zeleny sal
27.03.2017 10:23,27.03.2017,Ashtanga joga,17:20,18:50,9,20,Katka  Prymkova  CJ / EN,dynamicka posilovaci,Joga zeleny sal
26.03.2017 17:22,27.03.2017,Hot joga,18:00,19:30,9,30,Monika Stuart,klidna protahovaci,Hot-joga
27.03.2017 02:13,27.03.2017,Hot joga,18:00,19:30,10,30,Monika Stuart,klidna protahovaci,Hot-joga
27.03.2017 02:17,27.03.2017,Hot joga,18:00,19:30,11,30,Monika Stuart,klidna protahovaci,Hot-joga
27.03.2017 05:54,27.03.2017,Hot joga,18:00,19:30,12,30,Monika Stuart,klidna protahovaci,Hot-joga
27.03.2017 10:23,27.03.2017,Hot joga,18:00,19:30,13,30,Monika Stuart,klidna protahovaci,Hot-joga
27.03.2017 11:07,27.03.2017,Hot joga,18:00,19:30,14,30,Monika Stuart,klidna protahovaci,Hot-joga
27.03.2017 11:19,27.03.2017,Hot joga,18:00,19:30,15,30,Monika Stuart,klidna protahovaci,Hot-joga
26.03.2017 17:22,27.03.2017,Hatha joga,18:55,19:55,13,20,Katka  Prymkova  CJ / EN,klidna protahovaci,Joga zeleny sal
27.03.2017 03:01,27.03.2017,Hatha joga,18:55,19:55,14,20,Katka  Prymkova  CJ / EN,klidna protahovaci,Joga zeleny sal
27.03.2017 04:39,27.03.2017,Hatha joga,18:55,19:55,15,20,Katka  Prymkova  CJ / EN,klidna protahovaci,Joga zeleny sal
27.03.2017 06:39,27.03.2017,Hatha joga,18:55,19:55,16,20,Katka  Prymkova  CJ / EN,klidna protahovaci,Joga zeleny sal
27.03.2017 08:02,27.03.2017,Hatha joga,18:55,19:55,18,20,Katka  Prymkova  CJ / EN,klidna protahovaci,Joga zeleny sal
27.03.2017 09:14,27.03.2017,Hatha joga,18:55,19:55,17,20,Katka  Prymkova  CJ / EN,klidna protahovaci,Joga zeleny sal
27.03.2017 10:22,27.03.2017,Hatha joga,18:55,19:55,19,20,Katka  Prymkova  CJ / EN,klidna protahovaci,Joga zeleny sal
27.03.2017 10:30,27.03.2017,Hatha joga,18:55,19:55,20,20,Katka  Prymkova  CJ / EN,klidna protahovaci,Joga zeleny sal
26.03.2017 17:22,27.03.2017,Hot joga,19:45,21:15,1,30,,dynamicka posilovaci,Hot-joga
27.03.2017 03:08,27.03.2017,Hot joga,19:45,21:15,2,30,,dynamicka posilovaci,Hot-joga
27.03.2017 03:50,27.03.2017,Hot joga,19:45,21:15,3,30,,dynamicka posilovaci,Hot-joga
27.03.2017 04:13,27.03.2017,Hot joga,19:45,21:15,4,30,,dynamicka posilovaci,Hot-joga
27.03.2017 05:32,27.03.2017,Hot joga,19:45,21:15,5,30,,dynamicka posilovaci,Hot-joga
27.03.2017 06:40,27.03.2017,Hot joga,19:45,21:15,6,30,,dynamicka posilovaci,Hot-joga
27.03.2017 06:45,27.03.2017,Hot joga,19:45,21:15,7,30,,dynamicka posilovaci,Hot-joga
27.03.2017 08:15,27.03.2017,Hot joga,19:45,21:15,8,30,,dynamicka posilovaci,Hot-joga
27.03.2017 09:23,27.03.2017,Hot joga,19:45,21:15,9,30,,dynamicka posilovaci,Hot-joga
27.03.2017 10:57,27.03.2017,Hot joga,19:45,21:15,11,30,,dynamicka posilovaci,Hot-joga
27.03.2017 12:12,27.03.2017,Hot joga,19:45,21:15,12,30,,dynamicka posilovaci,Hot-joga
27.03.2017 12:47,27.03.2017,Hot joga,19:45,21:15,10,30,,dynamicka posilovaci,Hot-joga
26.03.2017 17:22,27.03.2017,Powerjoga,7:00,8:00,6,20,Eva Dornakova CJ / NJ,zacatecnici,Joga zeleny sal
27.03.2017 00:24,27.03.2017,Powerjoga,7:00,8:00,7,20,Eva Dornakova CJ / NJ,zacatecnici,Joga zeleny sal
27.03.2017 00:25,27.03.2017,Powerjoga,7:00,8:00,8,20,Eva Dornakova CJ / NJ,zacatecnici,Joga zeleny sal
26.03.2017 17:22,27.03.2017,Hatha joga - vhodna i pro zacatecniky,8:05,8:50,3,20,Eva Dornakova CJ / NJ,klidna protahovaci,Joga zeleny sal
26.03.2017 17:22,28.03.2017,Jemna joga,10:20,11:20,5,20,Katerina  Kornova,klidna protahovaci,Joga zeleny sal
27.03.2017 07:59,28.03.2017,Jemna joga,10:20,11:20,6,20,Katerina  Kornova,klidna protahovaci,Joga zeleny sal
27.03.2017 14:11,28.03.2017,Jemna joga,10:20,11:20,7,20,Katerina  Kornova,klidna protahovaci,Joga zeleny sal
27.03.2017 15:07,28.03.2017,Jemna joga,10:20,11:20,8,20,Katerina  Kornova,klidna protahovaci,Joga zeleny sal
28.03.2017 03:43,28.03.2017,Jemna joga,10:20,11:20,9,20,Katerina  Kornova,klidna protahovaci,Joga zeleny sal
26.03.2017 17:22,28.03.2017,Joga pro seniory,10:35,11:35,2,30,Blanka Lorencova,klidna protahovaci,Joga modry sal
28.03.2017 03:48,28.03.2017,Joga pro seniory,10:35,11:35,3,30,Blanka Lorencova,klidna protahovaci,Joga modry sal
26.03.2017 17:22,28.03.2017,Joga pro zdrava zada,11:25,12:10,0,20,Katerina  Kornova,zdravotni,Joga zeleny sal
27.03.2017 05:40,28.03.2017,Joga pro zdrava zada,11:25,12:10,1,20,Katerina  Kornova,zdravotni,Joga zeleny sal
28.03.2017 02:38,28.03.2017,Joga pro zdrava zada,11:25,12:10,2,20,Katerina  Kornova,zdravotni,Joga zeleny sal
28.03.2017 04:25,28.03.2017,Joga pro zdrava zada,11:25,12:10,3,20,Katerina  Kornova,zdravotni,Joga zeleny sal
28.03.2017 04:45,28.03.2017,Joga pro zdrava zada,11:25,12:10,5,20,Katerina  Kornova,zdravotni,Joga zeleny sal
26.03.2017 17:22,28.03.2017,Powerjoga,11:40,12:25,1,30,Karolina Chudobova,zacatecnici,Joga modry sal
28.03.2017 00:58,28.03.2017,Powerjoga,11:40,12:25,2,30,Karolina Chudobova,zacatecnici,Joga modry sal
28.03.2017 04:30,28.03.2017,Powerjoga,11:40,12:25,3,30,Karolina Chudobova,zacatecnici,Joga modry sal
28.03.2017 04:53,28.03.2017,Powerjoga,11:40,12:25,5,30,Karolina Chudobova,zacatecnici,Joga modry sal
28.03.2017 05:00,28.03.2017,Powerjoga,11:40,12:25,6,30,Karolina Chudobova,zacatecnici,Joga modry sal
26.03.2017 17:22,28.03.2017,Joga pro zdrava zada,12:15,13:00,0,20,Katerina  Kornova,zdravotni,Joga zeleny sal
27.03.2017 04:43,28.03.2017,Joga pro zdrava zada,12:15,13:00,1,20,Katerina  Kornova,zdravotni,Joga zeleny sal
26.03.2017 17:22,28.03.2017,Powerjoga,12:30,13:15,3,30,Karolina Chudobova,dynamicka posilovaci,Joga modry sal
28.03.2017 02:57,28.03.2017,Powerjoga,12:30,13:15,4,30,Karolina Chudobova,dynamicka posilovaci,Joga modry sal
28.03.2017 03:01,28.03.2017,Powerjoga,12:30,13:15,5,30,Karolina Chudobova,dynamicka posilovaci,Joga modry sal
28.03.2017 03:26,28.03.2017,Powerjoga,12:30,13:15,6,30,Karolina Chudobova,dynamicka posilovaci,Joga modry sal
28.03.2017 04:33,28.03.2017,Powerjoga,12:30,13:15,7,30,Karolina Chudobova,dynamicka posilovaci,Joga modry sal
28.03.2017 05:55,28.03.2017,Powerjoga,12:30,13:15,8,30,Karolina Chudobova,dynamicka posilovaci,Joga modry sal
26.03.2017 17:22,28.03.2017,Powerjoga,15:15,16:15,2,20,Alexandra Mandova,dynamicka posilovaci,Joga zeleny sal
26.03.2017 17:22,28.03.2017,Hatha joga,16:20,17:20,19,20,Lubica Vodvarkova,klidna protahovaci,Joga zeleny sal
27.03.2017 05:16,28.03.2017,Hatha joga,16:20,17:20,20,20,Lubica Vodvarkova,klidna protahovaci,Joga zeleny sal
28.03.2017 06:58,28.03.2017,Hatha joga,16:20,17:20,18,20,Lubica Vodvarkova,klidna protahovaci,Joga zeleny sal
26.03.2017 17:22,28.03.2017,Hot joga,16:40,17:40,2,30,Alexandra Mandova,zacatecnici,Hot-joga
27.03.2017 04:40,28.03.2017,Hot joga,16:40,17:40,3,30,Alexandra Mandova,zacatecnici,Hot-joga
27.03.2017 06:30,28.03.2017,Hot joga,16:40,17:40,4,30,Alexandra Mandova,zacatecnici,Hot-joga
27.03.2017 11:21,28.03.2017,Hot joga,16:40,17:40,5,30,Alexandra Mandova,zacatecnici,Hot-joga
27.03.2017 12:32,28.03.2017,Hot joga,16:40,17:40,6,30,Alexandra Mandova,zacatecnici,Hot-joga
27.03.2017 14:55,28.03.2017,Hot joga,16:40,17:40,7,30,Alexandra Mandova,zacatecnici,Hot-joga
27.03.2017 16:21,28.03.2017,Hot joga,16:40,17:40,9,30,Alexandra Mandova,zacatecnici,Hot-joga
27.03.2017 17:40,28.03.2017,Hot joga,16:40,17:40,10,30,Alexandra Mandova,zacatecnici,Hot-joga
28.03.2017 05:09,28.03.2017,Hot joga,16:40,17:40,11,30,Alexandra Mandova,zacatecnici,Hot-joga
28.03.2017 07:10,28.03.2017,Hot joga,16:40,17:40,12,30,Alexandra Mandova,zacatecnici,Hot-joga
28.03.2017 07:13,28.03.2017,Hot joga,16:40,17:40,13,30,Alexandra Mandova,zacatecnici,Hot-joga
28.03.2017 09:40,28.03.2017,Hot joga,16:40,17:40,14,30,Alexandra Mandova,zacatecnici,Hot-joga
28.03.2017 09:44,28.03.2017,Hot joga,16:40,17:40,15,30,Alexandra Mandova,zacatecnici,Hot-joga
26.03.2017 17:22,28.03.2017,Jemna joga,17:25,18:25,20,20,Lubica Vodvarkova,zacatecnici,Joga zeleny sal
27.03.2017 23:17,28.03.2017,Jemna joga,17:25,18:25,19,20,Lubica Vodvarkova,zacatecnici,Joga zeleny sal
28.03.2017 00:54,28.03.2017,Jemna joga,17:25,18:25,18,20,Lubica Vodvarkova,zacatecnici,Joga zeleny sal
28.03.2017 05:46,28.03.2017,Jemna joga,17:25,18:25,17,20,Lubica Vodvarkova,zacatecnici,Joga zeleny sal
26.03.2017 17:22,28.03.2017,Hot joga - vhodna i pro zacatecniky,18:00,19:30,13,30,Petr  Cmund,dynamicka posilovaci,Hot-joga
27.03.2017 03:49,28.03.2017,Hot joga - vhodna i pro zacatecniky,18:00,19:30,14,30,Petr  Cmund,dynamicka posilovaci,Hot-joga
27.03.2017 05:14,28.03.2017,Hot joga - vhodna i pro zacatecniky,18:00,19:30,15,30,Petr  Cmund,dynamicka posilovaci,Hot-joga
27.03.2017 06:24,28.03.2017,Hot joga - vhodna i pro zacatecniky,18:00,19:30,16,30,Petr  Cmund,dynamicka posilovaci,Hot-joga
27.03.2017 09:15,28.03.2017,Hot joga - vhodna i pro zacatecniky,18:00,19:30,17,30,Petr  Cmund,dynamicka posilovaci,Hot-joga
27.03.2017 10:07,28.03.2017,Hot joga - vhodna i pro zacatecniky,18:00,19:30,18,30,Petr  Cmund,dynamicka posilovaci,Hot-joga
27.03.2017 13:06,28.03.2017,Hot joga - vhodna i pro zacatecniky,18:00,19:30,19,30,Petr  Cmund,dynamicka posilovaci,Hot-joga
27.03.2017 13:10,28.03.2017,Hot joga - vhodna i pro zacatecniky,18:00,19:30,20,30,Petr  Cmund,dynamicka posilovaci,Hot-joga
27.03.2017 14:16,28.03.2017,Hot joga - vhodna i pro zacatecniky,18:00,19:30,21,30,Petr  Cmund,dynamicka posilovaci,Hot-joga
27.03.2017 14:23,28.03.2017,Hot joga - vhodna i pro zacatecniky,18:00,19:30,22,30,Petr  Cmund,dynamicka posilovaci,Hot-joga
28.03.2017 03:46,28.03.2017,Hot joga - vhodna i pro zacatecniky,18:00,19:30,23,30,Petr  Cmund,dynamicka posilovaci,Hot-joga
28.03.2017 04:17,28.03.2017,Hot joga - vhodna i pro zacatecniky,18:00,19:30,24,30,Petr  Cmund,dynamicka posilovaci,Hot-joga
28.03.2017 04:38,28.03.2017,Hot joga - vhodna i pro zacatecniky,18:00,19:30,25,30,Petr  Cmund,dynamicka posilovaci,Hot-joga
28.03.2017 05:50,28.03.2017,Hot joga - vhodna i pro zacatecniky,18:00,19:30,26,30,Petr  Cmund,dynamicka posilovaci,Hot-joga
26.03.2017 17:22,28.03.2017,Gravid joga,18:30,19:30,3,20,Hana Stepanova,zdravotni,Joga zeleny sal
27.03.2017 01:52,28.03.2017,Gravid joga,18:30,19:30,2,20,Hana Stepanova,zdravotni,Joga zeleny sal
27.03.2017 02:45,28.03.2017,Gravid joga,18:30,19:30,4,20,Hana Stepanova,zdravotni,Joga zeleny sal
27.03.2017 04:02,28.03.2017,Gravid joga,18:30,19:30,4,20,Karolina Chudobova,zdravotni,Joga zeleny sal
27.03.2017 05:01,28.03.2017,Gravid joga,18:30,19:30,5,20,Karolina Chudobova,zdravotni,Joga zeleny sal
27.03.2017 05:59,28.03.2017,Gravid joga,18:30,19:30,6,20,Karolina Chudobova,zdravotni,Joga zeleny sal
27.03.2017 10:15,28.03.2017,Gravid joga,18:30,19:30,7,20,Karolina Chudobova,zdravotni,Joga zeleny sal
28.03.2017 00:26,28.03.2017,Gravid joga,18:30,19:30,8,20,Karolina Chudobova,zdravotni,Joga zeleny sal
26.03.2017 17:22,28.03.2017,Kurz powerjogy pro zacatecniky - uzavreny kurz,19:40,21:10,0,0,Marketa Makovska CJ / EN,,Joga zeleny sal
26.03.2017 17:22,28.03.2017,Kurz jogy pro zacatecniky - uzavreny kurz,19:45,21:15,0,0,Richard Holicky,,Joga modry sal
26.03.2017 17:22,28.03.2017,Powerjoga,7:00,8:00,2,20,Hana Hruskova CJ / EN,dynamicka posilovaci,Joga zeleny sal
27.03.2017 02:41,28.03.2017,Powerjoga,7:00,8:00,3,20,Hana Hruskova CJ / EN,dynamicka posilovaci,Joga zeleny sal
27.03.2017 04:04,28.03.2017,Powerjoga,7:00,8:00,4,20,Hana Hruskova CJ / EN,dynamicka posilovaci,Joga zeleny sal
27.03.2017 04:53,28.03.2017,Powerjoga,7:00,8:00,5,20,Hana Hruskova CJ / EN,dynamicka posilovaci,Joga zeleny sal
27.03.2017 06:23,28.03.2017,Powerjoga,7:00,8:00,6,20,Hana Hruskova CJ / EN,dynamicka posilovaci,Joga zeleny sal
27.03.2017 07:23,28.03.2017,Powerjoga,7:00,8:00,7,20,Hana Hruskova CJ / EN,dynamicka posilovaci,Joga zeleny sal
27.03.2017 09:45,28.03.2017,Powerjoga,7:00,8:00,8,20,Hana Hruskova CJ / EN,dynamicka posilovaci,Joga zeleny sal
27.03.2017 10:47,28.03.2017,Powerjoga,7:00,8:00,9,20,Hana Hruskova CJ / EN,dynamicka posilovaci,Joga zeleny sal
27.03.2017 10:50,28.03.2017,Powerjoga,7:00,8:00,10,20,Hana Hruskova CJ / EN,dynamicka posilovaci,Joga zeleny sal
27.03.2017 15:10,28.03.2017,Powerjoga,7:00,8:00,11,20,Hana Hruskova CJ / EN,dynamicka posilovaci,Joga zeleny sal
26.03.2017 17:22,28.03.2017,Powerjoga,8:05,9:05,2,20,Hana Hruskova CJ / EN,zacatecnici,Joga zeleny sal
27.03.2017 07:07,28.03.2017,Powerjoga,8:05,9:05,3,20,Hana Hruskova CJ / EN,zacatecnici,Joga zeleny sal
27.03.2017 08:47,28.03.2017,Powerjoga,8:05,9:05,4,20,Hana Hruskova CJ / EN,zacatecnici,Joga zeleny sal
26.03.2017 17:22,29.03.2017,Jemna joga - vhodna i pro seniory,10:15,11:15,0,22,Daniela  Fremuntova,klidna protahovaci,Joga modry sal
28.03.2017 08:47,29.03.2017,Jemna joga - vhodna i pro seniory,10:15,11:15,1,22,Daniela  Fremuntova,klidna protahovaci,Joga modry sal
28.03.2017 14:57,29.03.2017,Jemna joga - vhodna i pro seniory,10:15,11:15,2,22,Daniela  Fremuntova,klidna protahovaci,Joga modry sal
26.03.2017 17:22,29.03.2017,Powerjoga,11:25,12:10,0,30,Daniela  Fremuntova,dynamicka posilovaci,Joga modry sal
28.03.2017 04:38,29.03.2017,Powerjoga,11:25,12:10,1,30,Daniela  Fremuntova,dynamicka posilovaci,Joga modry sal
29.03.2017 03:15,29.03.2017,Powerjoga,11:25,12:10,2,30,Daniela  Fremuntova,dynamicka posilovaci,Joga modry sal
29.03.2017 04:38,29.03.2017,Powerjoga,11:25,12:10,3,30,Daniela  Fremuntova,dynamicka posilovaci,Joga modry sal
29.03.2017 04:40,29.03.2017,Powerjoga,11:25,12:10,4,30,Daniela  Fremuntova,dynamicka posilovaci,Joga modry sal
29.03.2017 05:05,29.03.2017,Powerjoga,11:25,12:10,5,30,Daniela  Fremuntova,dynamicka posilovaci,Joga modry sal
26.03.2017 17:22,29.03.2017,Joga pro zdrava zada,11:40,12:25,0,20,Katerina  Kornova,zdravotni,Joga zeleny sal
27.03.2017 05:40,29.03.2017,Joga pro zdrava zada,11:40,12:25,1,20,Katerina  Kornova,zdravotni,Joga zeleny sal
27.03.2017 08:00,29.03.2017,Joga pro zdrava zada,11:40,12:25,3,20,Katerina  Kornova,zdravotni,Joga zeleny sal
28.03.2017 06:44,29.03.2017,Joga pro zdrava zada,11:40,12:25,4,20,Katerina  Kornova,zdravotni,Joga zeleny sal
29.03.2017 02:49,29.03.2017,Joga pro zdrava zada,11:40,12:25,5,20,Katerina  Kornova,zdravotni,Joga zeleny sal
29.03.2017 04:53,29.03.2017,Joga pro zdrava zada,11:40,12:25,6,20,Katerina  Kornova,zdravotni,Joga zeleny sal
29.03.2017 04:58,29.03.2017,Joga pro zdrava zada,11:40,12:25,7,20,Katerina  Kornova,zdravotni,Joga zeleny sal
29.03.2017 05:02,29.03.2017,Joga pro zdrava zada,11:40,12:25,9,20,Katerina  Kornova,zdravotni,Joga zeleny sal
26.03.2017 17:22,29.03.2017,Powerjoga,12:15,13:00,4,30,Daniela  Fremuntova,zacatecnici,Joga modry sal
27.03.2017 04:45,29.03.2017,Powerjoga,12:15,13:00,5,30,Daniela  Fremuntova,zacatecnici,Joga modry sal
29.03.2017 04:33,29.03.2017,Powerjoga,12:15,13:00,6,30,Daniela  Fremuntova,zacatecnici,Joga modry sal
29.03.2017 04:38,29.03.2017,Powerjoga,12:15,13:00,7,30,Daniela  Fremuntova,zacatecnici,Joga modry sal
29.03.2017 05:08,29.03.2017,Powerjoga,12:15,13:00,8,30,Daniela  Fremuntova,zacatecnici,Joga modry sal
26.03.2017 17:22,29.03.2017,Joga pro zdrava zada,12:30,13:15,0,20,Katerina  Kornova,zdravotni,Joga zeleny sal
27.03.2017 04:37,29.03.2017,Joga pro zdrava zada,12:30,13:15,1,20,Katerina  Kornova,zdravotni,Joga zeleny sal
29.03.2017 03:28,29.03.2017,Joga pro zdrava zada,12:30,13:15,2,20,Katerina  Kornova,zdravotni,Joga zeleny sal
29.03.2017 03:44,29.03.2017,Joga pro zdrava zada,12:30,13:15,3,20,Katerina  Kornova,zdravotni,Joga zeleny sal
29.03.2017 04:27,29.03.2017,Joga pro zdrava zada,12:30,13:15,4,20,Katerina  Kornova,zdravotni,Joga zeleny sal
29.03.2017 05:15,29.03.2017,Joga pro zdrava zada,12:30,13:15,5,20,Katerina  Kornova,zdravotni,Joga zeleny sal
29.03.2017 05:24,29.03.2017,Joga pro zdrava zada,12:30,13:15,6,20,Katerina  Kornova,zdravotni,Joga zeleny sal
29.03.2017 05:47,29.03.2017,Joga pro zdrava zada,12:30,13:15,7,20,Katerina  Kornova,zdravotni,Joga zeleny sal
26.03.2017 17:22,29.03.2017,Joga zamerena na zdrava zada,16:20,17:20,2,20,Alexandra Mandova,zdravotni,Joga zeleny sal
27.03.2017 08:44,29.03.2017,Joga zamerena na zdrava zada,16:20,17:20,3,20,Alexandra Mandova,zdravotni,Joga zeleny sal
27.03.2017 11:03,29.03.2017,Joga zamerena na zdrava zada,16:20,17:20,4,20,Alexandra Mandova,zdravotni,Joga zeleny sal
28.03.2017 06:17,29.03.2017,Joga zamerena na zdrava zada,16:20,17:20,5,20,Alexandra Mandova,zdravotni,Joga zeleny sal
28.03.2017 12:36,29.03.2017,Joga zamerena na zdrava zada,16:20,17:20,6,20,Alexandra Mandova,zdravotni,Joga zeleny sal
29.03.2017 05:30,29.03.2017,Joga zamerena na zdrava zada,16:20,17:20,7,20,Alexandra Mandova,zdravotni,Joga zeleny sal
29.03.2017 09:14,29.03.2017,Joga zamerena na zdrava zada,16:20,17:20,7,20,Lenka Uhlikova,zdravotni,Joga zeleny sal
29.03.2017 09:49,29.03.2017,Joga zamerena na zdrava zada,16:20,17:20,8,20,Lenka Uhlikova,zdravotni,Joga zeleny sal
26.03.2017 17:22,29.03.2017,Hot joga,16:30,17:30,0,30,Lenka Uhlikova,klidna protahovaci,Hot-joga
26.03.2017 17:22,29.03.2017,Powerjoga,17:25,18:25,6,20,Alexandra Mandova,dynamicka posilovaci,Joga zeleny sal
27.03.2017 08:26,29.03.2017,Powerjoga,17:25,18:25,7,20,Alexandra Mandova,dynamicka posilovaci,Joga zeleny sal
28.03.2017 06:17,29.03.2017,Powerjoga,17:25,18:25,8,20,Alexandra Mandova,dynamicka posilovaci,Joga zeleny sal
28.03.2017 13:04,29.03.2017,Powerjoga,17:25,18:25,9,20,Alexandra Mandova,dynamicka posilovaci,Joga zeleny sal
29.03.2017 05:00,29.03.2017,Powerjoga,17:25,18:25,10,20,Alexandra Mandova,dynamicka posilovaci,Joga zeleny sal
29.03.2017 09:14,29.03.2017,Powerjoga,17:25,18:25,9,20,Lenka Uhlikova,dynamicka posilovaci,Joga zeleny sal
29.03.2017 10:21,29.03.2017,Powerjoga,17:25,18:25,10,20,Lenka Uhlikova,dynamicka posilovaci,Joga zeleny sal
26.03.2017 17:22,29.03.2017,Hot joga,18:00,19:30,4,30,Eva Safarikova CJ / EN,dynamicka posilovaci,Hot-joga
27.03.2017 02:20,29.03.2017,Hot joga,18:00,19:30,5,30,Eva Safarikova CJ / EN,dynamicka posilovaci,Hot-joga
27.03.2017 08:48,29.03.2017,Hot joga,18:00,19:30,6,30,Eva Safarikova CJ / EN,dynamicka posilovaci,Hot-joga
28.03.2017 02:56,29.03.2017,Hot joga,18:00,19:30,7,30,Eva Safarikova CJ / EN,dynamicka posilovaci,Hot-joga
28.03.2017 05:59,29.03.2017,Hot joga,18:00,19:30,5,30,Marketa  Samesova,dynamicka posilovaci,Hot-joga
28.03.2017 06:17,29.03.2017,Hot joga,18:00,19:30,6,30,Marketa  Samesova,dynamicka posilovaci,Hot-joga
28.03.2017 11:18,29.03.2017,Hot joga,18:00,19:30,7,30,Marketa  Samesova,dynamicka posilovaci,Hot-joga
29.03.2017 10:03,29.03.2017,Hot joga,18:00,19:30,4,30,Marketa  Samesova,dynamicka posilovaci,Hot-joga
26.03.2017 17:22,29.03.2017,Hatha joga,18:30,20:00,1,20,Marie Kmochova,klidna protahovaci,Joga zeleny sal
27.03.2017 06:07,29.03.2017,Hatha joga,18:30,20:00,2,20,Marie Kmochova,klidna protahovaci,Joga zeleny sal
27.03.2017 13:58,29.03.2017,Hatha joga,18:30,20:00,3,20,Marie Kmochova,klidna protahovaci,Joga zeleny sal
27.03.2017 16:03,29.03.2017,Hatha joga,18:30,20:00,4,20,Marie Kmochova,klidna protahovaci,Joga zeleny sal
29.03.2017 01:58,29.03.2017,Hatha joga,18:30,20:00,5,20,Marie Kmochova,klidna protahovaci,Joga zeleny sal
29.03.2017 03:22,29.03.2017,Hatha joga,18:30,20:00,6,20,Marie Kmochova,klidna protahovaci,Joga zeleny sal
29.03.2017 03:30,29.03.2017,Hatha joga,18:30,20:00,7,20,Marie Kmochova,klidna protahovaci,Joga zeleny sal
29.03.2017 12:05,29.03.2017,Hatha joga,18:30,20:00,8,20,Marie Kmochova,klidna protahovaci,Joga zeleny sal
26.03.2017 17:22,29.03.2017,Hot joga,19:45,21:15,3,30,Jarmila Kucmasova,zacatecnici,Hot-joga
27.03.2017 04:07,29.03.2017,Hot joga,19:45,21:15,4,30,Jarmila Kucmasova,zacatecnici,Hot-joga
27.03.2017 04:08,29.03.2017,Hot joga,19:45,21:15,5,30,Jarmila Kucmasova,zacatecnici,Hot-joga
27.03.2017 16:22,29.03.2017,Hot joga,19:45,21:15,6,30,Jarmila Kucmasova,zacatecnici,Hot-joga
28.03.2017 12:54,29.03.2017,Hot joga,19:45,21:15,7,30,Jarmila Kucmasova,zacatecnici,Hot-joga
29.03.2017 07:35,29.03.2017,Hot joga,19:45,21:15,9,30,Jarmila Kucmasova,zacatecnici,Hot-joga
29.03.2017 08:17,29.03.2017,Hot joga,19:45,21:15,10,30,Jarmila Kucmasova,zacatecnici,Hot-joga
29.03.2017 09:24,29.03.2017,Hot joga,19:45,21:15,11,30,Jarmila Kucmasova,zacatecnici,Hot-joga
29.03.2017 10:33,29.03.2017,Hot joga,19:45,21:15,12,30,Jarmila Kucmasova,zacatecnici,Hot-joga
26.03.2017 17:22,29.03.2017,Intenzivni kurz jogy - uzavreny kurz,20:05,21:35,0,0,Katka  Prymkova  CJ / EN,,Joga zeleny sal
26.03.2017 17:22,29.03.2017,Joga - probuzeni patere,7:00,8:00,1,30,Micha  Prach Kotrckova,klidna protahovaci,Joga modry sal
27.03.2017 13:06,29.03.2017,Joga - probuzeni patere,7:00,8:00,0,30,Micha  Prach Kotrckova,klidna protahovaci,Joga modry sal
26.03.2017 17:22,29.03.2017,Powerjoga,7:00,8:00,2,20,Veronika  Brozova CJ / EN,zacatecnici,Joga zeleny sal
27.03.2017 06:37,29.03.2017,Powerjoga,7:00,8:00,3,20,Veronika  Brozova CJ / EN,zacatecnici,Joga zeleny sal
28.03.2017 03:19,29.03.2017,Powerjoga,7:00,8:00,4,20,Veronika  Brozova CJ / EN,zacatecnici,Joga zeleny sal
28.03.2017 03:50,29.03.2017,Powerjoga,7:00,8:00,5,20,Veronika  Brozova CJ / EN,zacatecnici,Joga zeleny sal
28.03.2017 04:45,29.03.2017,Powerjoga,7:00,8:00,6,20,Veronika  Brozova CJ / EN,zacatecnici,Joga zeleny sal
28.03.2017 13:39,29.03.2017,Powerjoga,7:00,8:00,7,20,Veronika  Brozova CJ / EN,zacatecnici,Joga zeleny sal
28.03.2017 14:43,29.03.2017,Powerjoga,7:00,8:00,8,20,Veronika  Brozova CJ / EN,zacatecnici,Joga zeleny sal
28.03.2017 14:57,29.03.2017,Powerjoga,7:00,8:00,9,20,Veronika  Brozova CJ / EN,zacatecnici,Joga zeleny sal
28.03.2017 15:48,29.03.2017,Powerjoga,7:00,8:00,10,20,Veronika  Brozova CJ / EN,zacatecnici,Joga zeleny sal
26.03.2017 17:22,29.03.2017,Kundalini joga,8:05,9:35,2,20,Micha  Prach Kotrckova,zacatecnici,Joga zeleny sal
27.03.2017 12:05,29.03.2017,Kundalini joga,8:05,9:35,3,20,Micha  Prach Kotrckova,zacatecnici,Joga zeleny sal
28.03.2017 08:00,29.03.2017,Kundalini joga,8:05,9:35,4,20,Micha  Prach Kotrckova,zacatecnici,Joga zeleny sal
29.03.2017 01:47,29.03.2017,Kundalini joga,8:05,9:35,5,20,Micha  Prach Kotrckova,zacatecnici,Joga zeleny sal
26.03.2017 17:22,30.03.2017,Office joga,11:25,12:10,0,30,Alexandra Mandova,klidna protahovaci,Joga modry sal
29.03.2017 10:31,30.03.2017,Office joga,11:25,12:10,1,30,Alexandra Mandova,klidna protahovaci,Joga modry sal
26.03.2017 17:22,30.03.2017,Powerjoga,11:40,12:25,2,20,Marketa Makovska CJ / EN,dynamicka posilovaci,Joga zeleny sal
28.03.2017 02:59,30.03.2017,Powerjoga,11:40,12:25,3,20,Marketa Makovska CJ / EN,dynamicka posilovaci,Joga zeleny sal
28.03.2017 04:14,30.03.2017,Powerjoga,11:40,12:25,4,20,Marketa Makovska CJ / EN,dynamicka posilovaci,Joga zeleny sal
29.03.2017 02:49,30.03.2017,Powerjoga,11:40,12:25,5,20,Marketa Makovska CJ / EN,dynamicka posilovaci,Joga zeleny sal
29.03.2017 04:09,30.03.2017,Powerjoga,11:40,12:25,6,20,Marketa Makovska CJ / EN,dynamicka posilovaci,Joga zeleny sal
29.03.2017 12:23,30.03.2017,Powerjoga,11:40,12:25,7,20,Marketa Makovska CJ / EN,dynamicka posilovaci,Joga zeleny sal
30.03.2017 03:14,30.03.2017,Powerjoga,11:40,12:25,8,20,Marketa Makovska CJ / EN,dynamicka posilovaci,Joga zeleny sal
30.03.2017 03:15,30.03.2017,Powerjoga,11:40,12:25,9,20,Marketa Makovska CJ / EN,dynamicka posilovaci,Joga zeleny sal
30.03.2017 05:00,30.03.2017,Powerjoga,11:40,12:25,10,20,Marketa Makovska CJ / EN,dynamicka posilovaci,Joga zeleny sal
26.03.2017 17:22,30.03.2017,Zdrava zada,12:15,13:00,0,30,Alexandra Mandova,zdravotni,Joga modry sal
27.03.2017 04:47,30.03.2017,Zdrava zada,12:15,13:00,1,30,Alexandra Mandova,zdravotni,Joga modry sal
30.03.2017 02:07,30.03.2017,Zdrava zada,12:15,13:00,2,30,Alexandra Mandova,zdravotni,Joga modry sal
30.03.2017 02:47,30.03.2017,Zdrava zada,12:15,13:00,3,30,Alexandra Mandova,zdravotni,Joga modry sal
30.03.2017 04:52,30.03.2017,Zdrava zada,12:15,13:00,4,30,Alexandra Mandova,zdravotni,Joga modry sal
26.03.2017 17:22,30.03.2017,Powerjoga,12:30,13:15,1,20,Marketa Makovska CJ / EN,zacatecnici,Joga zeleny sal
30.03.2017 03:21,30.03.2017,Powerjoga,12:30,13:15,2,20,Marketa Makovska CJ / EN,zacatecnici,Joga zeleny sal
30.03.2017 04:29,30.03.2017,Powerjoga,12:30,13:15,3,20,Marketa Makovska CJ / EN,zacatecnici,Joga zeleny sal
30.03.2017 04:58,30.03.2017,Powerjoga,12:30,13:15,4,20,Marketa Makovska CJ / EN,zacatecnici,Joga zeleny sal
30.03.2017 05:06,30.03.2017,Powerjoga,12:30,13:15,5,20,Marketa Makovska CJ / EN,zacatecnici,Joga zeleny sal
26.03.2017 17:22,30.03.2017,Jemna joga,15:15,16:15,2,20,Lubica Vodvarkova,klidna protahovaci,Joga zeleny sal
27.03.2017 06:01,30.03.2017,Jemna joga,15:15,16:15,3,20,Lubica Vodvarkova,klidna protahovaci,Joga zeleny sal
27.03.2017 08:07,30.03.2017,Jemna joga,15:15,16:15,4,20,Lubica Vodvarkova,klidna protahovaci,Joga zeleny sal
27.03.2017 14:00,30.03.2017,Jemna joga,15:15,16:15,5,20,Lubica Vodvarkova,klidna protahovaci,Joga zeleny sal
28.03.2017 04:42,30.03.2017,Jemna joga,15:15,16:15,6,20,Lubica Vodvarkova,klidna protahovaci,Joga zeleny sal
30.03.2017 02:12,30.03.2017,Jemna joga,15:15,16:15,7,20,Lubica Vodvarkova,klidna protahovaci,Joga zeleny sal
30.03.2017 07:46,30.03.2017,Jemna joga,15:15,16:15,8,20,Lubica Vodvarkova,klidna protahovaci,Joga zeleny sal
26.03.2017 17:22,30.03.2017,Hatha joga,16:20,17:20,20,20,Lubica Vodvarkova,zacatecnici,Joga zeleny sal
29.03.2017 04:13,30.03.2017,Hatha joga,16:20,17:20,19,20,Lubica Vodvarkova,zacatecnici,Joga zeleny sal
29.03.2017 10:14,30.03.2017,Hatha joga,16:20,17:20,18,20,Lubica Vodvarkova,zacatecnici,Joga zeleny sal
30.03.2017 00:40,30.03.2017,Hatha joga,16:20,17:20,17,20,Lubica Vodvarkova,zacatecnici,Joga zeleny sal
26.03.2017 17:22,30.03.2017,Hot joga,16:40,17:40,1,30,Alexandra Mandova,dynamicka posilovaci,Hot-joga
27.03.2017 11:21,30.03.2017,Hot joga,16:40,17:40,2,30,Alexandra Mandova,dynamicka posilovaci,Hot-joga
28.03.2017 22:57,30.03.2017,Hot joga,16:40,17:40,3,30,Alexandra Mandova,dynamicka posilovaci,Hot-joga
30.03.2017 09:02,30.03.2017,Hot joga,16:40,17:40,4,30,Alexandra Mandova,dynamicka posilovaci,Hot-joga
30.03.2017 09:49,30.03.2017,Hot joga,16:40,17:40,5,30,Alexandra Mandova,dynamicka posilovaci,Hot-joga
26.03.2017 17:22,30.03.2017,Powerjoga,17:25,18:25,4,20,Karolina Chudobova,dynamicka posilovaci,Joga zeleny sal
27.03.2017 10:42,30.03.2017,Powerjoga,17:25,18:25,5,20,Karolina Chudobova,dynamicka posilovaci,Joga zeleny sal
29.03.2017 01:54,30.03.2017,Powerjoga,17:25,18:25,6,20,Karolina Chudobova,dynamicka posilovaci,Joga zeleny sal
29.03.2017 02:45,30.03.2017,Powerjoga,17:25,18:25,7,20,Karolina Chudobova,dynamicka posilovaci,Joga zeleny sal
29.03.2017 04:51,30.03.2017,Powerjoga,17:25,18:25,8,20,Karolina Chudobova,dynamicka posilovaci,Joga zeleny sal
29.03.2017 08:44,30.03.2017,Powerjoga,17:25,18:25,9,20,Karolina Chudobova,dynamicka posilovaci,Joga zeleny sal
30.03.2017 03:51,30.03.2017,Powerjoga,17:25,18:25,10,20,Karolina Chudobova,dynamicka posilovaci,Joga zeleny sal
30.03.2017 10:26,30.03.2017,Powerjoga,17:25,18:25,11,20,Karolina Chudobova,dynamicka posilovaci,Joga zeleny sal
30.03.2017 10:36,30.03.2017,Powerjoga,17:25,18:25,13,20,Karolina Chudobova,dynamicka posilovaci,Joga zeleny sal
30.03.2017 10:43,30.03.2017,Powerjoga,17:25,18:25,14,20,Karolina Chudobova,dynamicka posilovaci,Joga zeleny sal
26.03.2017 17:22,30.03.2017,Hot joga,18:00,19:30,12,30,Pavla  Krecanova,zacatecnici,Hot-joga
27.03.2017 02:13,30.03.2017,Hot joga,18:00,19:30,13,30,Pavla  Krecanova,zacatecnici,Hot-joga
27.03.2017 03:45,30.03.2017,Hot joga,18:00,19:30,14,30,Pavla  Krecanova,zacatecnici,Hot-joga
27.03.2017 12:33,30.03.2017,Hot joga,18:00,19:30,15,30,Pavla  Krecanova,zacatecnici,Hot-joga
28.03.2017 01:59,30.03.2017,Hot joga,18:00,19:30,16,30,Pavla  Krecanova,zacatecnici,Hot-joga
28.03.2017 08:38,30.03.2017,Hot joga,18:00,19:30,17,30,Pavla  Krecanova,zacatecnici,Hot-joga
28.03.2017 11:17,30.03.2017,Hot joga,18:00,19:30,18,30,Pavla  Krecanova,zacatecnici,Hot-joga
29.03.2017 06:29,30.03.2017,Hot joga,18:00,19:30,19,30,Pavla  Krecanova,zacatecnici,Hot-joga
30.03.2017 00:40,30.03.2017,Hot joga,18:00,19:30,20,30,Pavla  Krecanova,zacatecnici,Hot-joga
26.03.2017 17:22,30.03.2017,Gravid joga,18:30,19:30,6,20,Karolina Chudobova,zdravotni,Joga zeleny sal
27.03.2017 02:29,30.03.2017,Gravid joga,18:30,19:30,7,20,Karolina Chudobova,zdravotni,Joga zeleny sal
27.03.2017 10:09,30.03.2017,Gravid joga,18:30,19:30,8,20,Karolina Chudobova,zdravotni,Joga zeleny sal
27.03.2017 22:56,30.03.2017,Gravid joga,18:30,19:30,9,20,Karolina Chudobova,zdravotni,Joga zeleny sal
28.03.2017 01:54,30.03.2017,Gravid joga,18:30,19:30,10,20,Karolina Chudobova,zdravotni,Joga zeleny sal
28.03.2017 06:55,30.03.2017,Gravid joga,18:30,19:30,11,20,Karolina Chudobova,zdravotni,Joga zeleny sal
28.03.2017 15:10,30.03.2017,Gravid joga,18:30,19:30,12,20,Karolina Chudobova,zdravotni,Joga zeleny sal
29.03.2017 08:56,30.03.2017,Gravid joga,18:30,19:30,13,20,Karolina Chudobova,zdravotni,Joga zeleny sal
30.03.2017 07:53,30.03.2017,Gravid joga,18:30,19:30,14,20,Karolina Chudobova,zdravotni,Joga zeleny sal
30.03.2017 10:36,30.03.2017,Gravid joga,18:30,19:30,15,20,Karolina Chudobova,zdravotni,Joga zeleny sal
30.03.2017 11:28,30.03.2017,Gravid joga,18:30,19:30,16,20,Karolina Chudobova,zdravotni,Joga zeleny sal
30.03.2017 12:03,30.03.2017,Gravid joga,18:30,19:30,18,20,Karolina Chudobova,zdravotni,Joga zeleny sal
26.03.2017 17:22,30.03.2017,Jemna joga,19:35,20:35,2,20,Karolina Chudobova,klidna protahovaci,Joga zeleny sal
27.03.2017 09:23,30.03.2017,Jemna joga,19:35,20:35,3,20,Karolina Chudobova,klidna protahovaci,Joga zeleny sal
27.03.2017 14:54,30.03.2017,Jemna joga,19:35,20:35,4,20,Karolina Chudobova,klidna protahovaci,Joga zeleny sal
28.03.2017 09:07,30.03.2017,Jemna joga,19:35,20:35,5,20,Karolina Chudobova,klidna protahovaci,Joga zeleny sal
28.03.2017 12:51,30.03.2017,Jemna joga,19:35,20:35,6,20,Karolina Chudobova,klidna protahovaci,Joga zeleny sal
28.03.2017 12:53,30.03.2017,Jemna joga,19:35,20:35,7,20,Karolina Chudobova,klidna protahovaci,Joga zeleny sal
28.03.2017 17:10,30.03.2017,Jemna joga,19:35,20:35,8,20,Karolina Chudobova,klidna protahovaci,Joga zeleny sal
29.03.2017 02:56,30.03.2017,Jemna joga,19:35,20:35,9,20,Karolina Chudobova,klidna protahovaci,Joga zeleny sal
29.03.2017 02:59,30.03.2017,Jemna joga,19:35,20:35,10,20,Karolina Chudobova,klidna protahovaci,Joga zeleny sal
29.03.2017 08:56,30.03.2017,Jemna joga,19:35,20:35,11,20,Karolina Chudobova,klidna protahovaci,Joga zeleny sal
29.03.2017 16:08,30.03.2017,Jemna joga,19:35,20:35,12,20,Karolina Chudobova,klidna protahovaci,Joga zeleny sal
30.03.2017 11:16,30.03.2017,Jemna joga,19:35,20:35,13,20,Karolina Chudobova,klidna protahovaci,Joga zeleny sal
30.03.2017 11:25,30.03.2017,Jemna joga,19:35,20:35,14,20,Karolina Chudobova,klidna protahovaci,Joga zeleny sal
26.03.2017 17:22,30.03.2017,Hot joga,19:45,21:15,0,30,Monika Stuart,klidna protahovaci,Hot-joga
27.03.2017 03:16,30.03.2017,Hot joga,19:45,21:15,1,30,Monika Stuart,klidna protahovaci,Hot-joga
28.03.2017 04:04,30.03.2017,Hot joga,19:45,21:15,2,30,Monika Stuart,klidna protahovaci,Hot-joga
28.03.2017 05:29,30.03.2017,Hot joga,19:45,21:15,3,30,Monika Stuart,klidna protahovaci,Hot-joga
29.03.2017 08:06,30.03.2017,Hot joga,19:45,21:15,4,30,Monika Stuart,klidna protahovaci,Hot-joga
30.03.2017 10:55,30.03.2017,Hot joga,19:45,21:15,5,30,Monika Stuart,klidna protahovaci,Hot-joga
30.03.2017 12:53,30.03.2017,Hot joga,19:45,21:15,6,30,Monika Stuart,klidna protahovaci,Hot-joga
30.03.2017 12:59,30.03.2017,Hot joga,19:45,21:15,7,30,Monika Stuart,klidna protahovaci,Hot-joga
30.03.2017 13:06,30.03.2017,Hot joga,19:45,21:15,8,30,Monika Stuart,klidna protahovaci,Hot-joga
30.03.2017 13:07,30.03.2017,Hot joga,19:45,21:15,10,30,Monika Stuart,klidna protahovaci,Hot-joga
26.03.2017 17:22,30.03.2017,Powerjoga,7:00,8:00,1,20,Alexandra Mandova,dynamicka posilovaci,Joga zeleny sal
27.03.2017 08:16,30.03.2017,Powerjoga,7:00,8:00,2,20,Alexandra Mandova,dynamicka posilovaci,Joga zeleny sal
29.03.2017 07:43,30.03.2017,Powerjoga,7:00,8:00,3,20,Alexandra Mandova,dynamicka posilovaci,Joga zeleny sal
29.03.2017 10:17,30.03.2017,Powerjoga,7:00,8:00,4,20,Alexandra Mandova,dynamicka posilovaci,Joga zeleny sal
29.03.2017 13:33,30.03.2017,Powerjoga,7:00,8:00,5,20,Alexandra Mandova,dynamicka posilovaci,Joga zeleny sal
29.03.2017 16:12,30.03.2017,Powerjoga,7:00,8:00,6,20,Alexandra Mandova,dynamicka posilovaci,Joga zeleny sal
29.03.2017 23:52,30.03.2017,Powerjoga,7:00,8:00,7,20,Alexandra Mandova,dynamicka posilovaci,Joga zeleny sal
26.03.2017 17:22,30.03.2017,Jemna joga,8:00,9:00,0,30,Blanka Lorencova,zacatecnici,Joga modry sal
27.03.2017 06:40,30.03.2017,Jemna joga,8:00,9:00,1,30,Blanka Lorencova,zacatecnici,Joga modry sal
26.03.2017 17:22,30.03.2017,Hatha joga - vhodna i pro zacatecniky,8:05,8:50,5,20,Alexandra Mandova,klidna protahovaci,Joga zeleny sal
27.03.2017 15:26,30.03.2017,Hatha joga - vhodna i pro zacatecniky,8:05,8:50,6,20,Alexandra Mandova,klidna protahovaci,Joga zeleny sal
27.03.2017 16:21,30.03.2017,Hatha joga - vhodna i pro zacatecniky,8:05,8:50,7,20,Alexandra Mandova,klidna protahovaci,Joga zeleny sal
29.03.2017 14:58,30.03.2017,Hatha joga - vhodna i pro zacatecniky,8:05,8:50,8,20,Alexandra Mandova,klidna protahovaci,Joga zeleny sal
29.03.2017 16:03,30.03.2017,Hatha joga - vhodna i pro zacatecniky,8:05,8:50,9,20,Alexandra Mandova,klidna protahovaci,Joga zeleny sal
29.03.2017 16:25,30.03.2017,Hatha joga - vhodna i pro zacatecniky,8:05,8:50,10,20,Alexandra Mandova,klidna protahovaci,Joga zeleny sal
26.03.2017 17:22,30.03.2017,Zdrava zada,9:05,10:05,2,30,Blanka Lorencova,zdravotni,Joga modry sal
27.03.2017 07:57,30.03.2017,Zdrava zada,9:05,10:05,3,30,Blanka Lorencova,zdravotni,Joga modry sal
27.03.2017 15:14,30.03.2017,Zdrava zada,9:05,10:05,4,30,Blanka Lorencova,zdravotni,Joga modry sal
28.03.2017 03:52,30.03.2017,Zdrava zada,9:05,10:05,5,30,Blanka Lorencova,zdravotni,Joga modry sal
29.03.2017 06:40,30.03.2017,Zdrava zada,9:05,10:05,6,30,Blanka Lorencova,zdravotni,Joga modry sal
29.03.2017 09:03,30.03.2017,Zdrava zada,9:05,10:05,7,30,Blanka Lorencova,zdravotni,Joga modry sal
29.03.2017 10:06,30.03.2017,Zdrava zada,9:05,10:05,8,30,Blanka Lorencova,zdravotni,Joga modry sal
29.03.2017 13:36,30.03.2017,Zdrava zada,9:05,10:05,9,30,Blanka Lorencova,zdravotni,Joga modry sal
29.03.2017 14:20,30.03.2017,Zdrava zada,9:05,10:05,10,30,Blanka Lorencova,zdravotni,Joga modry sal
30.03.2017 02:45,30.03.2017,Zdrava zada,9:05,10:05,11,30,Blanka Lorencova,zdravotni,Joga modry sal
26.03.2017 17:22,31.03.2017,Hot joga,10:00,11:00,3,30,Vera Vojtechova,zacatecnici,Hot-joga
27.03.2017 03:08,31.03.2017,Hot joga,10:00,11:00,4,30,Vera Vojtechova,zacatecnici,Hot-joga
30.03.2017 09:02,31.03.2017,Hot joga,10:00,11:00,5,30,Vera Vojtechova,zacatecnici,Hot-joga
30.03.2017 13:47,31.03.2017,Hot joga,10:00,11:00,6,30,Vera Vojtechova,zacatecnici,Hot-joga
26.03.2017 17:22,31.03.2017,Jogova terapie - sal je mirne vyhraty,11:15,12:15,6,20,Vera Vojtechova,zdravotni,Joga modry sal
27.03.2017 03:08,31.03.2017,Jogova terapie - sal je mirne vyhraty,11:15,12:15,7,20,Vera Vojtechova,zdravotni,Joga modry sal
27.03.2017 04:46,31.03.2017,Jogova terapie - sal je mirne vyhraty,11:15,12:15,8,20,Vera Vojtechova,zdravotni,Joga modry sal
27.03.2017 07:53,31.03.2017,Jogova terapie - sal je mirne vyhraty,11:15,12:15,9,20,Vera Vojtechova,zdravotni,Joga modry sal
27.03.2017 08:37,31.03.2017,Jogova terapie - sal je mirne vyhraty,11:15,12:15,10,20,Vera Vojtechova,zdravotni,Joga modry sal
27.03.2017 11:17,31.03.2017,Jogova terapie - sal je mirne vyhraty,11:15,12:15,11,20,Vera Vojtechova,zdravotni,Joga modry sal
29.03.2017 10:32,31.03.2017,Jogova terapie - sal je mirne vyhraty,11:15,12:15,12,20,Vera Vojtechova,zdravotni,Joga modry sal
30.03.2017 06:27,31.03.2017,Jogova terapie - sal je mirne vyhraty,11:15,12:15,13,20,Vera Vojtechova,zdravotni,Joga modry sal
30.03.2017 07:14,31.03.2017,Jogova terapie - sal je mirne vyhraty,11:15,12:15,14,20,Vera Vojtechova,zdravotni,Joga modry sal
30.03.2017 07:55,31.03.2017,Jogova terapie - sal je mirne vyhraty,11:15,12:15,15,20,Vera Vojtechova,zdravotni,Joga modry sal
30.03.2017 14:12,31.03.2017,Jogova terapie - sal je mirne vyhraty,11:15,12:15,16,20,Vera Vojtechova,zdravotni,Joga modry sal
31.03.2017 04:34,31.03.2017,Jogova terapie - sal je mirne vyhraty,11:15,12:15,17,20,Vera Vojtechova,zdravotni,Joga modry sal
26.03.2017 17:22,31.03.2017,Powerjoga,11:25,12:10,0,20,Karolina Chudobova,zacatecnici,Joga zeleny sal
29.03.2017 02:57,31.03.2017,Powerjoga,11:25,12:10,1,20,Karolina Chudobova,zacatecnici,Joga zeleny sal
29.03.2017 05:04,31.03.2017,Powerjoga,11:25,12:10,1,20,Tomas  Helbig,zacatecnici,Joga zeleny sal
31.03.2017 00:03,31.03.2017,Powerjoga,11:25,12:10,0,20,Tomas  Helbig,zacatecnici,Joga zeleny sal
31.03.2017 02:45,31.03.2017,Powerjoga,11:25,12:10,2,20,Tomas  Helbig,zacatecnici,Joga zeleny sal
31.03.2017 04:12,31.03.2017,Powerjoga,11:25,12:10,3,20,Tomas  Helbig,zacatecnici,Joga zeleny sal
31.03.2017 04:45,31.03.2017,Powerjoga,11:25,12:10,4,20,Tomas  Helbig,zacatecnici,Joga zeleny sal
31.03.2017 04:46,31.03.2017,Powerjoga,11:25,12:10,5,20,Tomas  Helbig,zacatecnici,Joga zeleny sal
26.03.2017 17:22,31.03.2017,Powerjoga,12:15,13:00,3,20,Karolina Chudobova,dynamicka posilovaci,Joga zeleny sal
29.03.2017 05:04,31.03.2017,Powerjoga,12:15,13:00,3,20,Tomas  Helbig,dynamicka posilovaci,Joga zeleny sal
29.03.2017 10:38,31.03.2017,Powerjoga,12:15,13:00,2,20,Tomas  Helbig,dynamicka posilovaci,Joga zeleny sal
31.03.2017 03:57,31.03.2017,Powerjoga,12:15,13:00,4,20,Tomas  Helbig,dynamicka posilovaci,Joga zeleny sal
31.03.2017 04:42,31.03.2017,Powerjoga,12:15,13:00,5,20,Tomas  Helbig,dynamicka posilovaci,Joga zeleny sal
31.03.2017 05:25,31.03.2017,Powerjoga,12:15,13:00,6,20,Tomas  Helbig,dynamicka posilovaci,Joga zeleny sal
31.03.2017 05:26,31.03.2017,Powerjoga,12:15,13:00,7,20,Tomas  Helbig,dynamicka posilovaci,Joga zeleny sal
31.03.2017 05:33,31.03.2017,Powerjoga,12:15,13:00,8,20,Tomas  Helbig,dynamicka posilovaci,Joga zeleny sal
31.03.2017 05:35,31.03.2017,Powerjoga,12:15,13:00,9,20,Tomas  Helbig,dynamicka posilovaci,Joga zeleny sal
31.03.2017 05:37,31.03.2017,Powerjoga,12:15,13:00,10,20,Tomas  Helbig,dynamicka posilovaci,Joga zeleny sal
26.03.2017 17:22,31.03.2017,Hatha joga,14:10,15:10,0,20,Sandra Justova,zacatecnici,Joga zeleny sal
31.03.2017 05:03,31.03.2017,Hatha joga,14:10,15:10,1,20,Sandra Justova,zacatecnici,Joga zeleny sal
31.03.2017 05:48,31.03.2017,Hatha joga,14:10,15:10,2,20,Sandra Justova,zacatecnici,Joga zeleny sal
31.03.2017 05:49,31.03.2017,Hatha joga,14:10,15:10,3,20,Sandra Justova,zacatecnici,Joga zeleny sal
31.03.2017 07:08,31.03.2017,Hatha joga,14:10,15:10,4,20,Sandra Justova,zacatecnici,Joga zeleny sal
26.03.2017 17:22,31.03.2017,Joga pro zdrava zada,15:15,16:15,2,20,Katerina  Kornova,zdravotni,Joga zeleny sal
27.03.2017 04:28,31.03.2017,Joga pro zdrava zada,15:15,16:15,1,20,Katerina  Kornova,zdravotni,Joga zeleny sal
30.03.2017 04:08,31.03.2017,Joga pro zdrava zada,15:15,16:15,3,20,Katerina  Kornova,zdravotni,Joga zeleny sal
31.03.2017 08:06,31.03.2017,Joga pro zdrava zada,15:15,16:15,4,20,Katerina  Kornova,zdravotni,Joga zeleny sal
26.03.2017 17:22,31.03.2017,Jemna joga,16:20,17:20,3,20,Katerina  Kornova,klidna protahovaci,Joga zeleny sal
26.03.2017 23:08,31.03.2017,Jemna joga,16:20,17:20,2,20,Katerina  Kornova,klidna protahovaci,Joga zeleny sal
27.03.2017 07:50,31.03.2017,Jemna joga,16:20,17:20,4,20,Katerina  Kornova,klidna protahovaci,Joga zeleny sal
29.03.2017 01:50,31.03.2017,Jemna joga,16:20,17:20,5,20,Katerina  Kornova,klidna protahovaci,Joga zeleny sal
31.03.2017 04:35,31.03.2017,Jemna joga,16:20,17:20,6,20,Katerina  Kornova,klidna protahovaci,Joga zeleny sal
26.03.2017 17:22,31.03.2017,Powerjoga,17:25,18:25,2,20,Hana Hruskova CJ / EN,dynamicka posilovaci,Joga zeleny sal
27.03.2017 08:56,31.03.2017,Powerjoga,17:25,18:25,1,20,Hana Hruskova CJ / EN,dynamicka posilovaci,Joga zeleny sal
29.03.2017 10:39,31.03.2017,Powerjoga,17:25,18:25,3,20,Hana Hruskova CJ / EN,dynamicka posilovaci,Joga zeleny sal
30.03.2017 09:22,31.03.2017,Powerjoga,17:25,18:25,4,20,Hana Hruskova CJ / EN,dynamicka posilovaci,Joga zeleny sal
26.03.2017 17:22,31.03.2017,Ashtanga joga - vhodna i pro zacatecniky,18:30,20:00,1,20,Hana Hruskova CJ / EN,zacatecnici,Joga zeleny sal
28.03.2017 03:50,31.03.2017,Ashtanga joga - vhodna i pro zacatecniky,18:30,20:00,2,20,Hana Hruskova CJ / EN,zacatecnici,Joga zeleny sal
28.03.2017 05:43,31.03.2017,Ashtanga joga - vhodna i pro zacatecniky,18:30,20:00,3,20,Hana Hruskova CJ / EN,zacatecnici,Joga zeleny sal
29.03.2017 06:36,31.03.2017,Ashtanga joga - vhodna i pro zacatecniky,18:30,20:00,4,20,Hana Hruskova CJ / EN,zacatecnici,Joga zeleny sal
29.03.2017 07:15,31.03.2017,Ashtanga joga - vhodna i pro zacatecniky,18:30,20:00,5,20,Hana Hruskova CJ / EN,zacatecnici,Joga zeleny sal
29.03.2017 14:30,31.03.2017,Ashtanga joga - vhodna i pro zacatecniky,18:30,20:00,6,20,Hana Hruskova CJ / EN,zacatecnici,Joga zeleny sal
29.03.2017 16:25,31.03.2017,Ashtanga joga - vhodna i pro zacatecniky,18:30,20:00,7,20,Hana Hruskova CJ / EN,zacatecnici,Joga zeleny sal
30.03.2017 13:13,31.03.2017,Ashtanga joga - vhodna i pro zacatecniky,18:30,20:00,8,20,Hana Hruskova CJ / EN,zacatecnici,Joga zeleny sal
30.03.2017 14:47,31.03.2017,Ashtanga joga - vhodna i pro zacatecniky,18:30,20:00,9,20,Hana Hruskova CJ / EN,zacatecnici,Joga zeleny sal
31.03.2017 06:47,31.03.2017,Ashtanga joga - vhodna i pro zacatecniky,18:30,20:00,10,20,Hana Hruskova CJ / EN,zacatecnici,Joga zeleny sal
31.03.2017 07:05,31.03.2017,Ashtanga joga - vhodna i pro zacatecniky,18:30,20:00,11,20,Hana Hruskova CJ / EN,zacatecnici,Joga zeleny sal
31.03.2017 08:01,31.03.2017,Ashtanga joga - vhodna i pro zacatecniky,18:30,20:00,12,20,Hana Hruskova CJ / EN,zacatecnici,Joga zeleny sal
31.03.2017 10:36,31.03.2017,Ashtanga joga - vhodna i pro zacatecniky,18:30,20:00,13,20,Hana Hruskova CJ / EN,zacatecnici,Joga zeleny sal
26.03.2017 17:22,31.03.2017,Hatha joga,7:00,8:00,2,20,Alexandra Mandova,zacatecnici,Joga zeleny sal
27.03.2017 05:56,31.03.2017,Hatha joga,7:00,8:00,3,20,Alexandra Mandova,zacatecnici,Joga zeleny sal
27.03.2017 11:05,31.03.2017,Hatha joga,7:00,8:00,4,20,Alexandra Mandova,zacatecnici,Joga zeleny sal
27.03.2017 14:02,31.03.2017,Hatha joga,7:00,8:00,5,20,Alexandra Mandova,zacatecnici,Joga zeleny sal
27.03.2017 14:12,31.03.2017,Hatha joga,7:00,8:00,6,20,Alexandra Mandova,zacatecnici,Joga zeleny sal
28.03.2017 23:23,31.03.2017,Hatha joga,7:00,8:00,7,20,Alexandra Mandova,zacatecnici,Joga zeleny sal
26.03.2017 17:22,31.03.2017,Jemna joga,8:05,8:50,1,20,Alexandra Mandova,klidna protahovaci,Joga zeleny sal
27.03.2017 15:27,31.03.2017,Jemna joga,8:05,8:50,2,20,Alexandra Mandova,klidna protahovaci,Joga zeleny sal
30.03.2017 14:34,31.03.2017,Jemna joga,8:05,8:50,3,20,Alexandra Mandova,klidna protahovaci,Joga zeleny sal
30.03.2017 17:27,31.03.2017,Jemna joga,8:05,8:50,4,20,Alexandra Mandova,klidna protahovaci,Joga zeleny sal
30.03.2017 23:06,31.03.2017,Jemna joga,8:05,8:50,5,20,Alexandra Mandova,klidna protahovaci,Joga zeleny sal
31.03.2017 00:46,31.03.2017,Jemna joga,8:05,8:50,6,20,Alexandra Mandova,klidna protahovaci,Joga zeleny sal
31.03.2017 01:10,31.03.2017,Jemna joga,8:05,8:50,7,20,Alexandra Mandova,klidna protahovaci,Joga zeleny sal
26.03.2017 17:22,01.04.2017,Powerjoga,10:20,11:20,0,20,Dominika  Sablaturova,dynamicka posilovaci,Joga zeleny sal
27.03.2017 04:54,01.04.2017,Powerjoga,10:20,11:20,1,20,Dominika  Sablaturova,dynamicka posilovaci,Joga zeleny sal
30.03.2017 01:48,01.04.2017,Powerjoga,10:20,11:20,2,20,Dominika  Sablaturova,dynamicka posilovaci,Joga zeleny sal
31.03.2017 17:59,01.04.2017,Powerjoga,10:20,11:20,3,20,Dominika  Sablaturova,dynamicka posilovaci,Joga zeleny sal
01.04.2017 03:17,01.04.2017,Powerjoga,10:20,11:20,4,20,Dominika  Sablaturova,dynamicka posilovaci,Joga zeleny sal
01.04.2017 03:33,01.04.2017,Powerjoga,10:20,11:20,6,20,Dominika  Sablaturova,dynamicka posilovaci,Joga zeleny sal
01.04.2017 03:37,01.04.2017,Powerjoga,10:20,11:20,7,20,Dominika  Sablaturova,dynamicka posilovaci,Joga zeleny sal
26.03.2017 17:22,01.04.2017,Hatha joga,11:30,13:00,2,20,Martina Koralova,zacatecnici,Joga zeleny sal
27.03.2017 03:19,01.04.2017,Hatha joga,11:30,13:00,3,20,Martina Koralova,zacatecnici,Joga zeleny sal
29.03.2017 08:40,01.04.2017,Hatha joga,11:30,13:00,4,20,Martina Koralova,zacatecnici,Joga zeleny sal
29.03.2017 13:06,01.04.2017,Hatha joga,11:30,13:00,5,20,Martina Koralova,zacatecnici,Joga zeleny sal
01.04.2017 01:21,01.04.2017,Hatha joga,11:30,13:00,6,20,Martina Koralova,zacatecnici,Joga zeleny sal
01.04.2017 01:24,01.04.2017,Hatha joga,11:30,13:00,7,20,Martina Koralova,zacatecnici,Joga zeleny sal
01.04.2017 02:37,01.04.2017,Hatha joga,11:30,13:00,8,20,Martina Koralova,zacatecnici,Joga zeleny sal
01.04.2017 02:43,01.04.2017,Hatha joga,11:30,13:00,9,20,Martina Koralova,zacatecnici,Joga zeleny sal
01.04.2017 03:23,01.04.2017,Hatha joga,11:30,13:00,10,20,Martina Koralova,zacatecnici,Joga zeleny sal
01.04.2017 04:50,01.04.2017,Hatha joga,11:30,13:00,11,20,Martina Koralova,zacatecnici,Joga zeleny sal
26.03.2017 17:22,01.04.2017,Jemna joga,13:05,14:05,2,20,Martina Koralova,klidna protahovaci,Joga zeleny sal
28.03.2017 15:03,01.04.2017,Jemna joga,13:05,14:05,3,20,Martina Koralova,klidna protahovaci,Joga zeleny sal
01.04.2017 05:10,01.04.2017,Jemna joga,13:05,14:05,1,20,Martina Koralova,klidna protahovaci,Joga zeleny sal
26.03.2017 17:22,01.04.2017,Hatha joga,14:15,15:45,1,20,Milana Jermanova,klidna protahovaci,Joga zeleny sal
31.03.2017 09:30,01.04.2017,Hatha joga,14:15,15:45,0,20,Milana Jermanova,klidna protahovaci,Joga zeleny sal
26.03.2017 17:22,01.04.2017,Powerjoga,15:50,16:50,1,20,Veronika  Brozova CJ / EN,dynamicka posilovaci,Joga zeleny sal
26.03.2017 17:22,01.04.2017,Jemna joga,17:00,18:30,1,20,Veronika  Brozova CJ / EN,klidna protahovaci,Joga zeleny sal
31.03.2017 02:08,01.04.2017,Jemna joga,17:00,18:30,2,20,Veronika  Brozova CJ / EN,klidna protahovaci,Joga zeleny sal
31.03.2017 11:22,01.04.2017,Jemna joga,17:00,18:30,3,20,Veronika  Brozova CJ / EN,klidna protahovaci,Joga zeleny sal
01.04.2017 04:03,01.04.2017,Jemna joga,17:00,18:30,4,20,Veronika  Brozova CJ / EN,klidna protahovaci,Joga zeleny sal
01.04.2017 08:26,01.04.2017,Jemna joga,17:00,18:30,5,20,Veronika  Brozova CJ / EN,klidna protahovaci,Joga zeleny sal
01.04.2017 08:40,01.04.2017,Jemna joga,17:00,18:30,6,20,Veronika  Brozova CJ / EN,klidna protahovaci,Joga zeleny sal
01.04.2017 10:11,01.04.2017,Jemna joga,17:00,18:30,7,20,Veronika  Brozova CJ / EN,klidna protahovaci,Joga zeleny sal
01.04.2017 10:12,01.04.2017,Jemna joga,17:00,18:30,8,20,Veronika  Brozova CJ / EN,klidna protahovaci,Joga zeleny sal
01.04.2017 10:20,01.04.2017,Jemna joga,17:00,18:30,9,20,Veronika  Brozova CJ / EN,klidna protahovaci,Joga zeleny sal
26.03.2017 17:22,01.04.2017,Hatha joga,9:15,10:15,2,20,Dominika  Sablaturova,klidna protahovaci,Joga zeleny sal
27.03.2017 16:24,01.04.2017,Hatha joga,9:15,10:15,3,20,Dominika  Sablaturova,klidna protahovaci,Joga zeleny sal
31.03.2017 11:49,01.04.2017,Hatha joga,9:15,10:15,4,20,Dominika  Sablaturova,klidna protahovaci,Joga zeleny sal
26.03.2017 17:22,02.04.2017,Hot joga,16:45,18:15,12,30,Alexandra Mandova,zacatecnici,Hot-joga
27.03.2017 01:17,02.04.2017,Hot joga,16:45,18:15,13,30,Alexandra Mandova,zacatecnici,Hot-joga
27.03.2017 11:00,02.04.2017,Hot joga,16:45,18:15,14,30,Alexandra Mandova,zacatecnici,Hot-joga
27.03.2017 11:21,02.04.2017,Hot joga,16:45,18:15,15,30,Alexandra Mandova,zacatecnici,Hot-joga
27.03.2017 12:46,02.04.2017,Hot joga,16:45,18:15,16,30,Alexandra Mandova,zacatecnici,Hot-joga
28.03.2017 11:18,02.04.2017,Hot joga,16:45,18:15,17,30,Alexandra Mandova,zacatecnici,Hot-joga
28.03.2017 14:03,02.04.2017,Hot joga,16:45,18:15,18,30,Alexandra Mandova,zacatecnici,Hot-joga
29.03.2017 03:36,02.04.2017,Hot joga,16:45,18:15,19,30,Alexandra Mandova,zacatecnici,Hot-joga
29.03.2017 05:52,02.04.2017,Hot joga,16:45,18:15,20,30,Alexandra Mandova,zacatecnici,Hot-joga
29.03.2017 06:44,02.04.2017,Hot joga,16:45,18:15,21,30,Alexandra Mandova,zacatecnici,Hot-joga
29.03.2017 06:46,02.04.2017,Hot joga,16:45,18:15,22,30,Alexandra Mandova,zacatecnici,Hot-joga
29.03.2017 10:25,02.04.2017,Hot joga,16:45,18:15,23,30,Alexandra Mandova,zacatecnici,Hot-joga
30.03.2017 01:30,02.04.2017,Hot joga,16:45,18:15,24,30,Alexandra Mandova,zacatecnici,Hot-joga
30.03.2017 01:54,02.04.2017,Hot joga,16:45,18:15,25,30,Alexandra Mandova,zacatecnici,Hot-joga
30.03.2017 09:31,02.04.2017,Hot joga,16:45,18:15,26,30,Alexandra Mandova,zacatecnici,Hot-joga
30.03.2017 10:04,02.04.2017,Hot joga,16:45,18:15,27,30,Alexandra Mandova,zacatecnici,Hot-joga
30.03.2017 10:06,02.04.2017,Hot joga,16:45,18:15,28,30,Alexandra Mandova,zacatecnici,Hot-joga
30.03.2017 12:35,02.04.2017,Hot joga,16:45,18:15,29,30,Alexandra Mandova,zacatecnici,Hot-joga
30.03.2017 14:15,02.04.2017,Hot joga,16:45,18:15,30,30,Alexandra Mandova,zacatecnici,Hot-joga
26.03.2017 17:22,02.04.2017,Hatha joga,17:00,18:00,1,20,Katka  Prymkova  CJ / EN,klidna protahovaci,Joga zeleny sal
27.03.2017 03:07,02.04.2017,Hatha joga,17:00,18:00,3,20,Katka  Prymkova  CJ / EN,klidna protahovaci,Joga zeleny sal
27.03.2017 12:39,02.04.2017,Hatha joga,17:00,18:00,2,20,Katka  Prymkova  CJ / EN,klidna protahovaci,Joga zeleny sal
31.03.2017 06:40,02.04.2017,Hatha joga,17:00,18:00,4,20,Katka  Prymkova  CJ / EN,klidna protahovaci,Joga zeleny sal
31.03.2017 07:44,02.04.2017,Hatha joga,17:00,18:00,5,20,Katka  Prymkova  CJ / EN,klidna protahovaci,Joga zeleny sal
31.03.2017 10:59,02.04.2017,Hatha joga,17:00,18:00,6,20,Katka  Prymkova  CJ / EN,klidna protahovaci,Joga zeleny sal
31.03.2017 17:59,02.04.2017,Hatha joga,17:00,18:00,7,20,Katka  Prymkova  CJ / EN,klidna protahovaci,Joga zeleny sal
01.04.2017 05:30,02.04.2017,Hatha joga,17:00,18:00,8,20,Katka  Prymkova  CJ / EN,klidna protahovaci,Joga zeleny sal
02.04.2017 04:57,02.04.2017,Hatha joga,17:00,18:00,9,20,Katka  Prymkova  CJ / EN,klidna protahovaci,Joga zeleny sal
02.04.2017 05:13,02.04.2017,Hatha joga,17:00,18:00,10,20,Katka  Prymkova  CJ / EN,klidna protahovaci,Joga zeleny sal
02.04.2017 06:54,02.04.2017,Hatha joga,17:00,18:00,11,20,Katka  Prymkova  CJ / EN,klidna protahovaci,Joga zeleny sal
02.04.2017 09:30,02.04.2017,Hatha joga,17:00,18:00,12,20,Katka  Prymkova  CJ / EN,klidna protahovaci,Joga zeleny sal
02.04.2017 09:52,02.04.2017,Hatha joga,17:00,18:00,13,20,Katka  Prymkova  CJ / EN,klidna protahovaci,Joga zeleny sal
26.03.2017 17:22,02.04.2017,Powerjoga - vhodna i pro zacatecniky,18:10,19:40,20,20,Petra Tomkova,dynamicka posilovaci,Joga zeleny sal
27.03.2017 09:28,02.04.2017,Powerjoga - vhodna i pro zacatecniky,18:10,19:40,19,20,Petra Tomkova,dynamicka posilovaci,Joga zeleny sal
26.03.2017 17:22,02.04.2017,Hot joga,18:30,19:30,2,30,Katka  Prymkova  CJ / EN,dynamicka posilovaci,Hot-joga
29.03.2017 09:54,02.04.2017,Hot joga,18:30,19:30,3,30,Katka  Prymkova  CJ / EN,dynamicka posilovaci,Hot-joga
29.03.2017 13:25,02.04.2017,Hot joga,18:30,19:30,3,30,Alexandra Mandova,dynamicka posilovaci,Hot-joga
31.03.2017 01:59,02.04.2017,Hot joga,18:30,19:30,4,30,Alexandra Mandova,dynamicka posilovaci,Hot-joga
31.03.2017 04:52,02.04.2017,Hot joga,18:30,19:30,5,30,Alexandra Mandova,dynamicka posilovaci,Hot-joga
01.04.2017 03:15,02.04.2017,Hot joga,18:30,19:30,6,30,Alexandra Mandova,dynamicka posilovaci,Hot-joga
01.04.2017 05:42,02.04.2017,Hot joga,18:30,19:30,7,30,Alexandra Mandova,dynamicka posilovaci,Hot-joga
01.04.2017 10:10,02.04.2017,Hot joga,18:30,19:30,8,30,Alexandra Mandova,dynamicka posilovaci,Hot-joga
01.04.2017 10:19,02.04.2017,Hot joga,18:30,19:30,9,30,Alexandra Mandova,dynamicka posilovaci,Hot-joga
02.04.2017 02:20,02.04.2017,Hot joga,18:30,19:30,10,30,Alexandra Mandova,dynamicka posilovaci,Hot-joga
02.04.2017 02:34,02.04.2017,Hot joga,18:30,19:30,11,30,Alexandra Mandova,dynamicka posilovaci,Hot-joga
26.03.2017 17:22,02.04.2017,Intenzivni kurz jogy - uzavreny kurz,19:45,21:15,0,0,Katka  Prymkova  CJ / EN,,Joga zeleny sal
02.04.2017 17:20,03.04.2017,Power joga,11:25,12:10,2,20,Tomas  Helbig,dynamicka posilovaci,Joga zeleny sal
03.04.2017 02:18,03.04.2017,Power joga,11:25,12:10,3,20,Tomas  Helbig,dynamicka posilovaci,Joga zeleny sal
03.04.2017 04:22,03.04.2017,Power joga,11:25,12:10,4,20,Tomas  Helbig,dynamicka posilovaci,Joga zeleny sal
03.04.2017 04:39,03.04.2017,Power joga,11:25,12:10,5,20,Tomas  Helbig,dynamicka posilovaci,Joga zeleny sal
03.04.2017 04:40,03.04.2017,Power joga,11:25,12:10,6,20,Tomas  Helbig,dynamicka posilovaci,Joga zeleny sal
03.04.2017 04:49,03.04.2017,Power joga,11:25,12:10,7,20,Tomas  Helbig,dynamicka posilovaci,Joga zeleny sal
03.04.2017 04:54,03.04.2017,Power joga,11:25,12:10,8,20,Tomas  Helbig,dynamicka posilovaci,Joga zeleny sal
02.04.2017 17:20,03.04.2017,Hatha joga - vhodna i pro zacatecniky,11:40,12:25,1,20,Alexandra Mandova,klidna protahovaci,Joga modry sal
03.04.2017 01:47,03.04.2017,Hatha joga - vhodna i pro zacatecniky,11:40,12:25,2,20,Alexandra Mandova,klidna protahovaci,Joga modry sal
03.04.2017 02:36,03.04.2017,Hatha joga - vhodna i pro zacatecniky,11:40,12:25,4,20,Alexandra Mandova,klidna protahovaci,Joga modry sal
03.04.2017 03:44,03.04.2017,Hatha joga - vhodna i pro zacatecniky,11:40,12:25,5,20,Alexandra Mandova,klidna protahovaci,Joga modry sal
03.04.2017 03:47,03.04.2017,Hatha joga - vhodna i pro zacatecniky,11:40,12:25,6,20,Alexandra Mandova,klidna protahovaci,Joga modry sal
03.04.2017 03:59,03.04.2017,Hatha joga - vhodna i pro zacatecniky,11:40,12:25,7,20,Alexandra Mandova,klidna protahovaci,Joga modry sal
02.04.2017 17:20,03.04.2017,Powerjoga,12:15,13:00,2,20,Tomas  Helbig,zacatecnici,Joga zeleny sal
03.04.2017 05:00,03.04.2017,Powerjoga,12:15,13:00,3,20,Tomas  Helbig,zacatecnici,Joga zeleny sal
03.04.2017 05:02,03.04.2017,Powerjoga,12:15,13:00,4,20,Tomas  Helbig,zacatecnici,Joga zeleny sal
03.04.2017 05:10,03.04.2017,Powerjoga,12:15,13:00,5,20,Tomas  Helbig,zacatecnici,Joga zeleny sal
03.04.2017 05:28,03.04.2017,Powerjoga,12:15,13:00,6,20,Tomas  Helbig,zacatecnici,Joga zeleny sal
02.04.2017 17:20,03.04.2017,Office joga,12:30,13:15,0,30,Alexandra Mandova,klidna protahovaci,Joga modry sal
03.04.2017 03:35,03.04.2017,Office joga,12:30,13:15,1,30,Alexandra Mandova,klidna protahovaci,Joga modry sal
03.04.2017 04:20,03.04.2017,Office joga,12:30,13:15,2,30,Alexandra Mandova,klidna protahovaci,Joga modry sal
03.04.2017 04:21,03.04.2017,Office joga,12:30,13:15,3,30,Alexandra Mandova,klidna protahovaci,Joga modry sal
03.04.2017 05:41,03.04.2017,Office joga,12:30,13:15,4,30,Alexandra Mandova,klidna protahovaci,Joga modry sal
02.04.2017 17:20,03.04.2017,Jemna joga,15:05,16:05,5,20,Vera Vojtechova,klidna protahovaci,Joga zeleny sal
03.04.2017 04:05,03.04.2017,Jemna joga,15:05,16:05,6,20,Vera Vojtechova,klidna protahovaci,Joga zeleny sal
03.04.2017 05:47,03.04.2017,Jemna joga,15:05,16:05,7,20,Vera Vojtechova,klidna protahovaci,Joga zeleny sal
03.04.2017 08:09,03.04.2017,Jemna joga,15:05,16:05,8,20,Vera Vojtechova,klidna protahovaci,Joga zeleny sal
03.04.2017 08:10,03.04.2017,Jemna joga,15:05,16:05,9,20,Vera Vojtechova,klidna protahovaci,Joga zeleny sal
03.04.2017 08:12,03.04.2017,Jemna joga,15:05,16:05,10,20,Vera Vojtechova,klidna protahovaci,Joga zeleny sal
02.04.2017 17:20,03.04.2017,Joga pro zdrava zada - vhodna pro zacatecniky,16:10,17:10,9,20,Vera Vojtechova,zdravotni,Joga zeleny sal
02.04.2017 23:01,03.04.2017,Joga pro zdrava zada - vhodna pro zacatecniky,16:10,17:10,10,20,Vera Vojtechova,zdravotni,Joga zeleny sal
03.04.2017 03:22,03.04.2017,Joga pro zdrava zada - vhodna pro zacatecniky,16:10,17:10,11,20,Vera Vojtechova,zdravotni,Joga zeleny sal
03.04.2017 08:36,03.04.2017,Joga pro zdrava zada - vhodna pro zacatecniky,16:10,17:10,12,20,Vera Vojtechova,zdravotni,Joga zeleny sal
03.04.2017 08:38,03.04.2017,Joga pro zdrava zada - vhodna pro zacatecniky,16:10,17:10,13,20,Vera Vojtechova,zdravotni,Joga zeleny sal
03.04.2017 09:17,03.04.2017,Joga pro zdrava zada - vhodna pro zacatecniky,16:10,17:10,14,20,Vera Vojtechova,zdravotni,Joga zeleny sal
02.04.2017 17:20,03.04.2017,Hot joga,16:40,17:40,7,30,Veronika  Brozova CJ / EN,zacatecnici,Hot-joga
03.04.2017 04:18,03.04.2017,Hot joga,16:40,17:40,8,30,Veronika  Brozova CJ / EN,zacatecnici,Hot-joga
03.04.2017 06:55,03.04.2017,Hot joga,16:40,17:40,9,30,Veronika  Brozova CJ / EN,zacatecnici,Hot-joga
03.04.2017 06:56,03.04.2017,Hot joga,16:40,17:40,10,30,Veronika  Brozova CJ / EN,zacatecnici,Hot-joga
03.04.2017 09:32,03.04.2017,Hot joga,16:40,17:40,11,30,Veronika  Brozova CJ / EN,zacatecnici,Hot-joga
03.04.2017 09:55,03.04.2017,Hot joga,16:40,17:40,12,30,Veronika  Brozova CJ / EN,zacatecnici,Hot-joga
02.04.2017 17:20,03.04.2017,Ashtanga joga,17:20,18:50,7,20,Katka  Prymkova  CJ / EN,dynamicka posilovaci,Joga zeleny sal
03.04.2017 07:16,03.04.2017,Ashtanga joga,17:20,18:50,8,20,Katka  Prymkova  CJ / EN,dynamicka posilovaci,Joga zeleny sal
03.04.2017 10:08,03.04.2017,Ashtanga joga,17:20,18:50,9,20,Katka  Prymkova  CJ / EN,dynamicka posilovaci,Joga zeleny sal
03.04.2017 10:09,03.04.2017,Ashtanga joga,17:20,18:50,10,20,Katka  Prymkova  CJ / EN,dynamicka posilovaci,Joga zeleny sal
03.04.2017 10:18,03.04.2017,Ashtanga joga,17:20,18:50,11,20,Katka  Prymkova  CJ / EN,dynamicka posilovaci,Joga zeleny sal
03.04.2017 10:24,03.04.2017,Ashtanga joga,17:20,18:50,12,20,Katka  Prymkova  CJ / EN,dynamicka posilovaci,Joga zeleny sal
02.04.2017 17:20,03.04.2017,Hot joga,18:00,19:30,3,30,Monika Stuart,klidna protahovaci,Hot-joga
03.04.2017 04:09,03.04.2017,Hot joga,18:00,19:30,4,30,Monika Stuart,klidna protahovaci,Hot-joga
03.04.2017 04:13,03.04.2017,Hot joga,18:00,19:30,5,30,Monika Stuart,klidna protahovaci,Hot-joga
03.04.2017 04:52,03.04.2017,Hot joga,18:00,19:30,6,30,Monika Stuart,klidna protahovaci,Hot-joga
03.04.2017 05:18,03.04.2017,Hot joga,18:00,19:30,8,30,Monika Stuart,klidna protahovaci,Hot-joga
03.04.2017 07:10,03.04.2017,Hot joga,18:00,19:30,9,30,Monika Stuart,klidna protahovaci,Hot-joga
03.04.2017 08:41,03.04.2017,Hot joga,18:00,19:30,10,30,Monika Stuart,klidna protahovaci,Hot-joga
03.04.2017 09:51,03.04.2017,Hot joga,18:00,19:30,11,30,Monika Stuart,klidna protahovaci,Hot-joga
03.04.2017 09:52,03.04.2017,Hot joga,18:00,19:30,12,30,Monika Stuart,klidna protahovaci,Hot-joga
03.04.2017 11:02,03.04.2017,Hot joga,18:00,19:30,13,30,Monika Stuart,klidna protahovaci,Hot-joga
02.04.2017 17:20,03.04.2017,Hatha joga,18:55,19:55,5,20,Katka  Prymkova  CJ / EN,klidna protahovaci,Joga zeleny sal
02.04.2017 17:29,03.04.2017,Hatha joga,18:55,19:55,6,20,Katka  Prymkova  CJ / EN,klidna protahovaci,Joga zeleny sal
03.04.2017 06:54,03.04.2017,Hatha joga,18:55,19:55,7,20,Katka  Prymkova  CJ / EN,klidna protahovaci,Joga zeleny sal
03.04.2017 11:47,03.04.2017,Hatha joga,18:55,19:55,8,20,Katka  Prymkova  CJ / EN,klidna protahovaci,Joga zeleny sal
03.04.2017 12:10,03.04.2017,Hatha joga,18:55,19:55,9,20,Katka  Prymkova  CJ / EN,klidna protahovaci,Joga zeleny sal
03.04.2017 12:13,03.04.2017,Hatha joga,18:55,19:55,10,20,Katka  Prymkova  CJ / EN,klidna protahovaci,Joga zeleny sal
03.04.2017 12:16,03.04.2017,Hatha joga,18:55,19:55,11,20,Katka  Prymkova  CJ / EN,klidna protahovaci,Joga zeleny sal
02.04.2017 17:20,03.04.2017,Hot joga,19:45,21:15,2,30,Marketa  Samesova,dynamicka posilovaci,Hot-joga
03.04.2017 00:56,03.04.2017,Hot joga,19:45,21:15,1,30,Marketa  Samesova,dynamicka posilovaci,Hot-joga
03.04.2017 00:57,03.04.2017,Hot joga,19:45,21:15,0,30,Marketa  Samesova,dynamicka posilovaci,Hot-joga
03.04.2017 08:18,03.04.2017,Hot joga,19:45,21:15,3,30,Marketa  Samesova,dynamicka posilovaci,Hot-joga
03.04.2017 10:37,03.04.2017,Hot joga,19:45,21:15,4,30,Marketa  Samesova,dynamicka posilovaci,Hot-joga
03.04.2017 11:31,03.04.2017,Hot joga,19:45,21:15,5,30,Marketa  Samesova,dynamicka posilovaci,Hot-joga
03.04.2017 12:14,03.04.2017,Hot joga,19:45,21:15,6,30,Marketa  Samesova,dynamicka posilovaci,Hot-joga
03.04.2017 12:43,03.04.2017,Hot joga,19:45,21:15,7,30,Marketa  Samesova,dynamicka posilovaci,Hot-joga
03.04.2017 12:53,03.04.2017,Hot joga,19:45,21:15,8,30,Marketa  Samesova,dynamicka posilovaci,Hot-joga
03.04.2017 12:55,03.04.2017,Hot joga,19:45,21:15,10,30,Marketa  Samesova,dynamicka posilovaci,Hot-joga
03.04.2017 12:57,03.04.2017,Hot joga,19:45,21:15,12,30,Marketa  Samesova,dynamicka posilovaci,Hot-joga
02.04.2017 17:20,03.04.2017,Powerjoga,7:00,8:00,5,20,Eva Dornakova CJ / NJ,zacatecnici,Joga zeleny sal
02.04.2017 17:20,03.04.2017,Hatha joga - vhodna i pro zacatecniky,8:05,8:50,4,20,Eva Dornakova CJ / NJ,klidna protahovaci,Joga zeleny sal
03.04.2017 00:58,03.04.2017,Hatha joga - vhodna i pro zacatecniky,8:05,8:50,3,20,Eva Dornakova CJ / NJ,klidna protahovaci,Joga zeleny sal
02.04.2017 17:20,04.04.2017,Jemna joga,10:20,11:20,1,20,Katerina  Kornova,klidna protahovaci,Joga zeleny sal
03.04.2017 15:24,04.04.2017,Jemna joga,10:20,11:20,2,20,Katerina  Kornova,klidna protahovaci,Joga zeleny sal
02.04.2017 17:20,04.04.2017,Joga pro seniory,10:35,11:35,1,30,Blanka Lorencova,klidna protahovaci,Joga modry sal
03.04.2017 12:36,04.04.2017,Joga pro seniory,10:35,11:35,2,30,Blanka Lorencova,klidna protahovaci,Joga modry sal
03.04.2017 15:00,04.04.2017,Joga pro seniory,10:35,11:35,3,30,Blanka Lorencova,klidna protahovaci,Joga modry sal
03.04.2017 16:41,04.04.2017,Joga pro seniory,10:35,11:35,4,30,Blanka Lorencova,klidna protahovaci,Joga modry sal
03.04.2017 17:14,04.04.2017,Joga pro seniory,10:35,11:35,5,30,Blanka Lorencova,klidna protahovaci,Joga modry sal
04.04.2017 02:07,04.04.2017,Joga pro seniory,10:35,11:35,6,30,Blanka Lorencova,klidna protahovaci,Joga modry sal
02.04.2017 17:20,04.04.2017,Joga pro zdrava zada,11:25,12:10,0,20,Katerina  Kornova,zdravotni,Joga zeleny sal
03.04.2017 05:42,04.04.2017,Joga pro zdrava zada,11:25,12:10,1,20,Katerina  Kornova,zdravotni,Joga zeleny sal
04.04.2017 03:12,04.04.2017,Joga pro zdrava zada,11:25,12:10,2,20,Katerina  Kornova,zdravotni,Joga zeleny sal
02.04.2017 17:20,04.04.2017,Powerjoga,11:40,12:25,1,30,Karolina Chudobova,zacatecnici,Joga modry sal
03.04.2017 15:27,04.04.2017,Powerjoga,11:40,12:25,2,30,Karolina Chudobova,zacatecnici,Joga modry sal
04.04.2017 01:13,04.04.2017,Powerjoga,11:40,12:25,3,30,Karolina Chudobova,zacatecnici,Joga modry sal
04.04.2017 02:37,04.04.2017,Powerjoga,11:40,12:25,4,30,Karolina Chudobova,zacatecnici,Joga modry sal
04.04.2017 03:06,04.04.2017,Powerjoga,11:40,12:25,5,30,Karolina Chudobova,zacatecnici,Joga modry sal
04.04.2017 04:24,04.04.2017,Powerjoga,11:40,12:25,6,30,Karolina Chudobova,zacatecnici,Joga modry sal
04.04.2017 04:29,04.04.2017,Powerjoga,11:40,12:25,7,30,Karolina Chudobova,zacatecnici,Joga modry sal
04.04.2017 04:51,04.04.2017,Powerjoga,11:40,12:25,8,30,Karolina Chudobova,zacatecnici,Joga modry sal
02.04.2017 17:20,04.04.2017,Joga pro zdrava zada,12:15,13:00,0,20,Katerina  Kornova,zdravotni,Joga zeleny sal
03.04.2017 03:36,04.04.2017,Joga pro zdrava zada,12:15,13:00,1,20,Katerina  Kornova,zdravotni,Joga zeleny sal
03.04.2017 12:34,04.04.2017,Joga pro zdrava zada,12:15,13:00,2,20,Katerina  Kornova,zdravotni,Joga zeleny sal
04.04.2017 04:21,04.04.2017,Joga pro zdrava zada,12:15,13:00,3,20,Katerina  Kornova,zdravotni,Joga zeleny sal
04.04.2017 05:29,04.04.2017,Joga pro zdrava zada,12:15,13:00,4,20,Katerina  Kornova,zdravotni,Joga zeleny sal
04.04.2017 05:32,04.04.2017,Joga pro zdrava zada,12:15,13:00,5,20,Katerina  Kornova,zdravotni,Joga zeleny sal
02.04.2017 17:20,04.04.2017,Powerjoga,12:30,13:15,2,30,Karolina Chudobova,dynamicka posilovaci,Joga modry sal
03.04.2017 01:33,04.04.2017,Powerjoga,12:30,13:15,3,30,Karolina Chudobova,dynamicka posilovaci,Joga modry sal
03.04.2017 05:45,04.04.2017,Powerjoga,12:30,13:15,4,30,Karolina Chudobova,dynamicka posilovaci,Joga modry sal
03.04.2017 12:50,04.04.2017,Powerjoga,12:30,13:15,5,30,Karolina Chudobova,dynamicka posilovaci,Joga modry sal
04.04.2017 02:11,04.04.2017,Powerjoga,12:30,13:15,6,30,Karolina Chudobova,dynamicka posilovaci,Joga modry sal
04.04.2017 02:44,04.04.2017,Powerjoga,12:30,13:15,7,30,Karolina Chudobova,dynamicka posilovaci,Joga modry sal
04.04.2017 03:00,04.04.2017,Powerjoga,12:30,13:15,8,30,Karolina Chudobova,dynamicka posilovaci,Joga modry sal
04.04.2017 03:40,04.04.2017,Powerjoga,12:30,13:15,9,30,Karolina Chudobova,dynamicka posilovaci,Joga modry sal
04.04.2017 03:54,04.04.2017,Powerjoga,12:30,13:15,10,30,Karolina Chudobova,dynamicka posilovaci,Joga modry sal
04.04.2017 06:11,04.04.2017,Powerjoga,12:30,13:15,11,30,Karolina Chudobova,dynamicka posilovaci,Joga modry sal
04.04.2017 06:13,04.04.2017,Powerjoga,12:30,13:15,13,30,Karolina Chudobova,dynamicka posilovaci,Joga modry sal
02.04.2017 17:20,04.04.2017,Powerjoga,15:15,16:15,0,20,Alexandra Mandova,dynamicka posilovaci,Joga zeleny sal
03.04.2017 06:43,04.04.2017,Powerjoga,15:15,16:15,1,20,Alexandra Mandova,dynamicka posilovaci,Joga zeleny sal
03.04.2017 23:50,04.04.2017,Powerjoga,15:15,16:15,2,20,Alexandra Mandova,dynamicka posilovaci,Joga zeleny sal
02.04.2017 17:20,04.04.2017,Hatha joga,16:20,17:20,20,20,Lubica Vodvarkova,klidna protahovaci,Joga zeleny sal
03.04.2017 03:42,04.04.2017,Hatha joga,16:20,17:20,19,20,Lubica Vodvarkova,klidna protahovaci,Joga zeleny sal
03.04.2017 03:45,04.04.2017,Hatha joga,16:20,17:20,17,20,Lubica Vodvarkova,klidna protahovaci,Joga zeleny sal
03.04.2017 03:53,04.04.2017,Hatha joga,16:20,17:20,16,20,Lubica Vodvarkova,klidna protahovaci,Joga zeleny sal
02.04.2017 17:20,04.04.2017,Hot joga,16:40,17:40,4,30,Alexandra Mandova,zacatecnici,Hot-joga
03.04.2017 01:33,04.04.2017,Hot joga,16:40,17:40,3,30,Alexandra Mandova,zacatecnici,Hot-joga
03.04.2017 02:50,04.04.2017,Hot joga,16:40,17:40,5,30,Alexandra Mandova,zacatecnici,Hot-joga
03.04.2017 07:01,04.04.2017,Hot joga,16:40,17:40,6,30,Alexandra Mandova,zacatecnici,Hot-joga
04.04.2017 01:47,04.04.2017,Hot joga,16:40,17:40,7,30,Alexandra Mandova,zacatecnici,Hot-joga
04.04.2017 03:44,04.04.2017,Hot joga,16:40,17:40,8,30,Alexandra Mandova,zacatecnici,Hot-joga
04.04.2017 03:45,04.04.2017,Hot joga,16:40,17:40,9,30,Alexandra Mandova,zacatecnici,Hot-joga
04.04.2017 04:26,04.04.2017,Hot joga,16:40,17:40,10,30,Alexandra Mandova,zacatecnici,Hot-joga
04.04.2017 05:19,04.04.2017,Hot joga,16:40,17:40,11,30,Alexandra Mandova,zacatecnici,Hot-joga
04.04.2017 05:55,04.04.2017,Hot joga,16:40,17:40,12,30,Alexandra Mandova,zacatecnici,Hot-joga
04.04.2017 07:22,04.04.2017,Hot joga,16:40,17:40,13,30,Alexandra Mandova,zacatecnici,Hot-joga
04.04.2017 09:26,04.04.2017,Hot joga,16:40,17:40,14,30,Alexandra Mandova,zacatecnici,Hot-joga
04.04.2017 09:41,04.04.2017,Hot joga,16:40,17:40,15,30,Alexandra Mandova,zacatecnici,Hot-joga
04.04.2017 09:49,04.04.2017,Hot joga,16:40,17:40,16,30,Alexandra Mandova,zacatecnici,Hot-joga
04.04.2017 09:57,04.04.2017,Hot joga,16:40,17:40,17,30,Alexandra Mandova,zacatecnici,Hot-joga
02.04.2017 17:20,04.04.2017,Jemna joga,17:25,18:25,20,20,Lubica Vodvarkova,zacatecnici,Joga zeleny sal
03.04.2017 02:09,04.04.2017,Jemna joga,17:25,18:25,19,20,Lubica Vodvarkova,zacatecnici,Joga zeleny sal
03.04.2017 09:40,04.04.2017,Jemna joga,17:25,18:25,18,20,Lubica Vodvarkova,zacatecnici,Joga zeleny sal
02.04.2017 17:20,04.04.2017,Hot joga - vhodna i pro zacatecniky,18:00,19:30,9,30,Petr  Cmund,dynamicka posilovaci,Hot-joga
02.04.2017 18:10,04.04.2017,Hot joga - vhodna i pro zacatecniky,18:00,19:30,10,30,Petr  Cmund,dynamicka posilovaci,Hot-joga
03.04.2017 04:37,04.04.2017,Hot joga - vhodna i pro zacatecniky,18:00,19:30,11,30,Petr  Cmund,dynamicka posilovaci,Hot-joga
03.04.2017 13:09,04.04.2017,Hot joga - vhodna i pro zacatecniky,18:00,19:30,12,30,Petr  Cmund,dynamicka posilovaci,Hot-joga
03.04.2017 14:01,04.04.2017,Hot joga - vhodna i pro zacatecniky,18:00,19:30,13,30,Petr  Cmund,dynamicka posilovaci,Hot-joga
03.04.2017 14:57,04.04.2017,Hot joga - vhodna i pro zacatecniky,18:00,19:30,14,30,Petr  Cmund,dynamicka posilovaci,Hot-joga
04.04.2017 06:35,04.04.2017,Hot joga - vhodna i pro zacatecniky,18:00,19:30,15,30,Petr  Cmund,dynamicka posilovaci,Hot-joga
04.04.2017 08:41,04.04.2017,Hot joga - vhodna i pro zacatecniky,18:00,19:30,16,30,Petr  Cmund,dynamicka posilovaci,Hot-joga
04.04.2017 10:27,04.04.2017,Hot joga - vhodna i pro zacatecniky,18:00,19:30,17,30,Petr  Cmund,dynamicka posilovaci,Hot-joga
04.04.2017 11:05,04.04.2017,Hot joga - vhodna i pro zacatecniky,18:00,19:30,18,30,Petr  Cmund,dynamicka posilovaci,Hot-joga
02.04.2017 17:20,04.04.2017,Gravid joga,18:30,19:30,7,20,Hana Stepanova,zdravotni,Joga zeleny sal
03.04.2017 03:38,04.04.2017,Gravid joga,18:30,19:30,8,20,Hana Stepanova,zdravotni,Joga zeleny sal
03.04.2017 07:40,04.04.2017,Gravid joga,18:30,19:30,9,20,Hana Stepanova,zdravotni,Joga zeleny sal
03.04.2017 12:48,04.04.2017,Gravid joga,18:30,19:30,6,20,Hana Stepanova,zdravotni,Joga zeleny sal
04.04.2017 02:57,04.04.2017,Gravid joga,18:30,19:30,5,20,Hana Stepanova,zdravotni,Joga zeleny sal
04.04.2017 09:10,04.04.2017,Gravid joga,18:30,19:30,10,20,Hana Stepanova,zdravotni,Joga zeleny sal
04.04.2017 09:12,04.04.2017,Gravid joga,18:30,19:30,11,20,Hana Stepanova,zdravotni,Joga zeleny sal
04.04.2017 10:39,04.04.2017,Gravid joga,18:30,19:30,12,20,Hana Stepanova,zdravotni,Joga zeleny sal
04.04.2017 10:53,04.04.2017,Gravid joga,18:30,19:30,13,20,Hana Stepanova,zdravotni,Joga zeleny sal
04.04.2017 11:06,04.04.2017,Gravid joga,18:30,19:30,14,20,Hana Stepanova,zdravotni,Joga zeleny sal
04.04.2017 11:35,04.04.2017,Gravid joga,18:30,19:30,15,20,Hana Stepanova,zdravotni,Joga zeleny sal
04.04.2017 11:37,04.04.2017,Gravid joga,18:30,19:30,18,20,Hana Stepanova,zdravotni,Joga zeleny sal
04.04.2017 11:41,04.04.2017,Gravid joga,18:30,19:30,17,20,Hana Stepanova,zdravotni,Joga zeleny sal
04.04.2017 11:49,04.04.2017,Gravid joga,18:30,19:30,16,20,Hana Stepanova,zdravotni,Joga zeleny sal
02.04.2017 17:20,04.04.2017,Kurz powerjogy pro zacatecniky - uzavreny kurz,19:40,21:10,0,0,Marketa Makovska CJ / EN,,Joga zeleny sal
02.04.2017 17:20,04.04.2017,Kurz jogy pro zacatecniky - uzavreny kurz,19:45,21:15,0,0,Richard Holicky,,Joga modry sal
02.04.2017 17:20,04.04.2017,Powerjoga,7:00,8:00,2,20,Hana Hruskova CJ / EN,dynamicka posilovaci,Joga zeleny sal
03.04.2017 01:10,04.04.2017,Powerjoga,7:00,8:00,3,20,Hana Hruskova CJ / EN,dynamicka posilovaci,Joga zeleny sal
03.04.2017 02:02,04.04.2017,Powerjoga,7:00,8:00,4,20,Hana Hruskova CJ / EN,dynamicka posilovaci,Joga zeleny sal
03.04.2017 04:02,04.04.2017,Powerjoga,7:00,8:00,5,20,Hana Hruskova CJ / EN,dynamicka posilovaci,Joga zeleny sal
03.04.2017 04:38,04.04.2017,Powerjoga,7:00,8:00,6,20,Hana Hruskova CJ / EN,dynamicka posilovaci,Joga zeleny sal
03.04.2017 09:41,04.04.2017,Powerjoga,7:00,8:00,7,20,Hana Hruskova CJ / EN,dynamicka posilovaci,Joga zeleny sal
03.04.2017 10:16,04.04.2017,Powerjoga,7:00,8:00,8,20,Hana Hruskova CJ / EN,dynamicka posilovaci,Joga zeleny sal
03.04.2017 13:45,04.04.2017,Powerjoga,7:00,8:00,9,20,Hana Hruskova CJ / EN,dynamicka posilovaci,Joga zeleny sal
02.04.2017 17:20,04.04.2017,Powerjoga,8:05,9:05,1,20,Hana Hruskova CJ / EN,zacatecnici,Joga zeleny sal
03.04.2017 11:08,04.04.2017,Powerjoga,8:05,9:05,2,20,Hana Hruskova CJ / EN,zacatecnici,Joga zeleny sal
03.04.2017 14:33,04.04.2017,Powerjoga,8:05,9:05,3,20,Hana Hruskova CJ / EN,zacatecnici,Joga zeleny sal
03.04.2017 23:54,04.04.2017,Powerjoga,8:05,9:05,4,20,Hana Hruskova CJ / EN,zacatecnici,Joga zeleny sal
04.04.2017 01:20,04.04.2017,Powerjoga,8:05,9:05,5,20,Hana Hruskova CJ / EN,zacatecnici,Joga zeleny sal
03.04.2017 14:19,05.04.2017,Kurz jogy pro zacatecniky,10:00,11:00,0,0,Richard Holicky,,Joga zeleny sal
02.04.2017 17:20,05.04.2017,Jemna joga - vhodna i pro seniory,10:15,11:15,0,22,Daniela  Fremuntova,klidna protahovaci,Joga modry sal
04.04.2017 13:50,05.04.2017,Jemna joga - vhodna i pro seniory,10:15,11:15,1,22,Daniela  Fremuntova,klidna protahovaci,Joga modry sal
02.04.2017 17:20,05.04.2017,Powerjoga,11:25,12:10,1,30,Daniela  Fremuntova,dynamicka posilovaci,Joga modry sal
04.04.2017 13:50,05.04.2017,Powerjoga,11:25,12:10,2,30,Daniela  Fremuntova,dynamicka posilovaci,Joga modry sal
05.04.2017 01:52,05.04.2017,Powerjoga,11:25,12:10,3,30,Daniela  Fremuntova,dynamicka posilovaci,Joga modry sal
05.04.2017 03:06,05.04.2017,Powerjoga,11:25,12:10,4,30,Daniela  Fremuntova,dynamicka posilovaci,Joga modry sal
05.04.2017 03:11,05.04.2017,Powerjoga,11:25,12:10,5,30,Daniela  Fremuntova,dynamicka posilovaci,Joga modry sal
05.04.2017 04:24,05.04.2017,Powerjoga,11:25,12:10,6,30,Daniela  Fremuntova,dynamicka posilovaci,Joga modry sal
05.04.2017 04:28,05.04.2017,Powerjoga,11:25,12:10,7,30,Daniela  Fremuntova,dynamicka posilovaci,Joga modry sal
05.04.2017 04:44,05.04.2017,Powerjoga,11:25,12:10,8,30,Daniela  Fremuntova,dynamicka posilovaci,Joga modry sal
05.04.2017 04:47,05.04.2017,Powerjoga,11:25,12:10,9,30,Daniela  Fremuntova,dynamicka posilovaci,Joga modry sal
02.04.2017 17:20,05.04.2017,Joga pro zdrava zada,11:40,12:25,0,20,Katerina  Kornova,zdravotni,Joga zeleny sal
03.04.2017 03:46,05.04.2017,Joga pro zdrava zada,11:40,12:25,1,20,Katerina  Kornova,zdravotni,Joga zeleny sal
03.04.2017 03:47,05.04.2017,Joga pro zdrava zada,11:40,12:25,2,20,Katerina  Kornova,zdravotni,Joga zeleny sal
04.04.2017 02:22,05.04.2017,Joga pro zdrava zada,11:40,12:25,4,20,Katerina  Kornova,zdravotni,Joga zeleny sal
04.04.2017 02:50,05.04.2017,Joga pro zdrava zada,11:40,12:25,5,20,Katerina  Kornova,zdravotni,Joga zeleny sal
04.04.2017 08:04,05.04.2017,Joga pro zdrava zada,11:40,12:25,6,20,Katerina  Kornova,zdravotni,Joga zeleny sal
05.04.2017 01:40,05.04.2017,Joga pro zdrava zada,11:40,12:25,7,20,Katerina  Kornova,zdravotni,Joga zeleny sal
05.04.2017 03:01,05.04.2017,Joga pro zdrava zada,11:40,12:25,8,20,Katerina  Kornova,zdravotni,Joga zeleny sal
05.04.2017 04:48,05.04.2017,Joga pro zdrava zada,11:40,12:25,9,20,Katerina  Kornova,zdravotni,Joga zeleny sal
02.04.2017 17:20,05.04.2017,Powerjoga,12:15,13:00,0,30,Daniela  Fremuntova,zacatecnici,Joga modry sal
05.04.2017 04:02,05.04.2017,Powerjoga,12:15,13:00,3,30,Daniela  Fremuntova,zacatecnici,Joga modry sal
05.04.2017 04:26,05.04.2017,Powerjoga,12:15,13:00,4,30,Daniela  Fremuntova,zacatecnici,Joga modry sal
02.04.2017 17:20,05.04.2017,Joga pro zdrava zada,12:30,13:15,4,20,Katerina  Kornova,zdravotni,Joga zeleny sal
04.04.2017 11:43,05.04.2017,Joga pro zdrava zada,12:30,13:15,5,20,Katerina  Kornova,zdravotni,Joga zeleny sal
05.04.2017 03:27,05.04.2017,Joga pro zdrava zada,12:30,13:15,6,20,Katerina  Kornova,zdravotni,Joga zeleny sal
05.04.2017 03:28,05.04.2017,Joga pro zdrava zada,12:30,13:15,7,20,Katerina  Kornova,zdravotni,Joga zeleny sal
05.04.2017 04:45,05.04.2017,Joga pro zdrava zada,12:30,13:15,8,20,Katerina  Kornova,zdravotni,Joga zeleny sal
02.04.2017 17:20,05.04.2017,Joga zamerena na zdrava zada,16:20,17:20,5,20,Alexandra Mandova,zdravotni,Joga zeleny sal
03.04.2017 06:24,05.04.2017,Joga zamerena na zdrava zada,16:20,17:20,4,20,Alexandra Mandova,zdravotni,Joga zeleny sal
04.04.2017 06:13,05.04.2017,Joga zamerena na zdrava zada,16:20,17:20,6,20,Alexandra Mandova,zdravotni,Joga zeleny sal
04.04.2017 14:12,05.04.2017,Joga zamerena na zdrava zada,16:20,17:20,7,20,Alexandra Mandova,zdravotni,Joga zeleny sal
05.04.2017 03:41,05.04.2017,Joga zamerena na zdrava zada,16:20,17:20,8,20,Alexandra Mandova,zdravotni,Joga zeleny sal
05.04.2017 09:13,05.04.2017,Joga zamerena na zdrava zada,16:20,17:20,9,20,Alexandra Mandova,zdravotni,Joga zeleny sal
05.04.2017 09:33,05.04.2017,Joga zamerena na zdrava zada,16:20,17:20,10,20,Alexandra Mandova,zdravotni,Joga zeleny sal
02.04.2017 17:20,05.04.2017,Hot joga,16:30,17:30,3,30,Lenka Uhlikova,klidna protahovaci,Hot-joga
04.04.2017 05:53,05.04.2017,Hot joga,16:30,17:30,4,30,Lenka Uhlikova,klidna protahovaci,Hot-joga
04.04.2017 15:33,05.04.2017,Hot joga,16:30,17:30,2,30,Lenka Uhlikova,klidna protahovaci,Hot-joga
02.04.2017 17:20,05.04.2017,Powerjoga,17:25,18:25,6,20,Alexandra Mandova,dynamicka posilovaci,Joga zeleny sal
03.04.2017 01:56,05.04.2017,Powerjoga,17:25,18:25,7,20,Alexandra Mandova,dynamicka posilovaci,Joga zeleny sal
04.04.2017 08:30,05.04.2017,Powerjoga,17:25,18:25,8,20,Alexandra Mandova,dynamicka posilovaci,Joga zeleny sal
04.04.2017 09:00,05.04.2017,Powerjoga,17:25,18:25,9,20,Alexandra Mandova,dynamicka posilovaci,Joga zeleny sal
04.04.2017 11:25,05.04.2017,Powerjoga,17:25,18:25,11,20,Alexandra Mandova,dynamicka posilovaci,Joga zeleny sal
04.04.2017 15:45,05.04.2017,Powerjoga,17:25,18:25,12,20,Alexandra Mandova,dynamicka posilovaci,Joga zeleny sal
05.04.2017 04:53,05.04.2017,Powerjoga,17:25,18:25,13,20,Alexandra Mandova,dynamicka posilovaci,Joga zeleny sal
05.04.2017 05:01,05.04.2017,Powerjoga,17:25,18:25,14,20,Alexandra Mandova,dynamicka posilovaci,Joga zeleny sal
02.04.2017 17:20,05.04.2017,Hot joga,18:00,19:30,1,30,Marketa  Samesova,dynamicka posilovaci,Hot-joga
03.04.2017 01:22,05.04.2017,Hot joga,18:00,19:30,2,30,Marketa  Samesova,dynamicka posilovaci,Hot-joga
03.04.2017 07:10,05.04.2017,Hot joga,18:00,19:30,3,30,Marketa  Samesova,dynamicka posilovaci,Hot-joga
04.04.2017 02:13,05.04.2017,Hot joga,18:00,19:30,4,30,Marketa  Samesova,dynamicka posilovaci,Hot-joga
04.04.2017 08:07,05.04.2017,Hot joga,18:00,19:30,5,30,Marketa  Samesova,dynamicka posilovaci,Hot-joga
05.04.2017 08:57,05.04.2017,Hot joga,18:00,19:30,6,30,Marketa  Samesova,dynamicka posilovaci,Hot-joga
05.04.2017 09:56,05.04.2017,Hot joga,18:00,19:30,7,30,Marketa  Samesova,dynamicka posilovaci,Hot-joga
05.04.2017 10:26,05.04.2017,Hot joga,18:00,19:30,8,30,Marketa  Samesova,dynamicka posilovaci,Hot-joga
05.04.2017 11:05,05.04.2017,Hot joga,18:00,19:30,9,30,Marketa  Samesova,dynamicka posilovaci,Hot-joga
05.04.2017 11:21,05.04.2017,Hot joga,18:00,19:30,10,30,Marketa  Samesova,dynamicka posilovaci,Hot-joga
02.04.2017 17:20,05.04.2017,Hatha joga,18:30,20:00,3,20,Marie Kmochova,klidna protahovaci,Joga zeleny sal
04.04.2017 11:22,05.04.2017,Hatha joga,18:30,20:00,4,20,Marie Kmochova,klidna protahovaci,Joga zeleny sal
04.04.2017 13:15,05.04.2017,Hatha joga,18:30,20:00,5,20,Marie Kmochova,klidna protahovaci,Joga zeleny sal
04.04.2017 15:46,05.04.2017,Hatha joga,18:30,20:00,6,20,Marie Kmochova,klidna protahovaci,Joga zeleny sal
05.04.2017 02:49,05.04.2017,Hatha joga,18:30,20:00,7,20,Marie Kmochova,klidna protahovaci,Joga zeleny sal
05.04.2017 02:50,05.04.2017,Hatha joga,18:30,20:00,8,20,Marie Kmochova,klidna protahovaci,Joga zeleny sal
05.04.2017 04:36,05.04.2017,Hatha joga,18:30,20:00,9,20,Marie Kmochova,klidna protahovaci,Joga zeleny sal
05.04.2017 04:37,05.04.2017,Hatha joga,18:30,20:00,10,20,Marie Kmochova,klidna protahovaci,Joga zeleny sal
05.04.2017 11:40,05.04.2017,Hatha joga,18:30,20:00,11,20,Marie Kmochova,klidna protahovaci,Joga zeleny sal
05.04.2017 11:43,05.04.2017,Hatha joga,18:30,20:00,14,20,Marie Kmochova,klidna protahovaci,Joga zeleny sal
05.04.2017 11:45,05.04.2017,Hatha joga,18:30,20:00,13,20,Marie Kmochova,klidna protahovaci,Joga zeleny sal
05.04.2017 11:51,05.04.2017,Hatha joga,18:30,20:00,15,20,Marie Kmochova,klidna protahovaci,Joga zeleny sal
05.04.2017 11:56,05.04.2017,Hatha joga,18:30,20:00,17,20,Marie Kmochova,klidna protahovaci,Joga zeleny sal
05.04.2017 11:57,05.04.2017,Hatha joga,18:30,20:00,18,20,Marie Kmochova,klidna protahovaci,Joga zeleny sal
02.04.2017 17:20,05.04.2017,Hot joga,19:45,21:15,2,30,Jarmila Kucmasova,zacatecnici,Hot-joga
03.04.2017 01:48,05.04.2017,Hot joga,19:45,21:15,3,30,Jarmila Kucmasova,zacatecnici,Hot-joga
05.04.2017 01:59,05.04.2017,Hot joga,19:45,21:15,4,30,Jarmila Kucmasova,zacatecnici,Hot-joga
05.04.2017 04:57,05.04.2017,Hot joga,19:45,21:15,5,30,Jarmila Kucmasova,zacatecnici,Hot-joga
05.04.2017 06:58,05.04.2017,Hot joga,19:45,21:15,6,30,Jarmila Kucmasova,zacatecnici,Hot-joga
05.04.2017 07:40,05.04.2017,Hot joga,19:45,21:15,7,30,Jarmila Kucmasova,zacatecnici,Hot-joga
05.04.2017 10:21,05.04.2017,Hot joga,19:45,21:15,8,30,Jarmila Kucmasova,zacatecnici,Hot-joga
02.04.2017 17:20,05.04.2017,Intenzivni kurz jogy - uzavreny kurz,20:05,21:35,0,0,Katka  Prymkova  CJ / EN,,Joga zeleny sal
02.04.2017 17:20,05.04.2017,Joga - probuzeni patere,7:00,8:00,0,30,Micha  Prach Kotrckova,klidna protahovaci,Joga modry sal
04.04.2017 05:34,05.04.2017,Joga - probuzeni patere,7:00,8:00,1,30,Micha  Prach Kotrckova,klidna protahovaci,Joga modry sal
04.04.2017 16:09,05.04.2017,Joga - probuzeni patere,7:00,8:00,2,30,Micha  Prach Kotrckova,klidna protahovaci,Joga modry sal
05.04.2017 02:19,05.04.2017,Joga - probuzeni patere,7:00,8:00,3,30,Micha  Prach Kotrckova,klidna protahovaci,Joga modry sal
02.04.2017 17:20,05.04.2017,Powerjoga,7:00,8:00,3,20,Veronika  Brozova CJ / EN,zacatecnici,Joga zeleny sal
03.04.2017 01:56,05.04.2017,Powerjoga,7:00,8:00,4,20,Veronika  Brozova CJ / EN,zacatecnici,Joga zeleny sal
04.04.2017 05:04,05.04.2017,Powerjoga,7:00,8:00,5,20,Veronika  Brozova CJ / EN,zacatecnici,Joga zeleny sal
04.04.2017 14:23,05.04.2017,Powerjoga,7:00,8:00,6,20,Veronika  Brozova CJ / EN,zacatecnici,Joga zeleny sal
04.04.2017 14:45,05.04.2017,Powerjoga,7:00,8:00,7,20,Veronika  Brozova CJ / EN,zacatecnici,Joga zeleny sal
04.04.2017 16:08,05.04.2017,Powerjoga,7:00,8:00,8,20,Veronika  Brozova CJ / EN,zacatecnici,Joga zeleny sal
05.04.2017 01:41,05.04.2017,Powerjoga,7:00,8:00,9,20,Veronika  Brozova CJ / EN,zacatecnici,Joga zeleny sal
05.04.2017 01:42,05.04.2017,Powerjoga,7:00,8:00,10,20,Veronika  Brozova CJ / EN,zacatecnici,Joga zeleny sal
02.04.2017 17:20,05.04.2017,Kundalini joga,8:05,9:35,3,20,Micha  Prach Kotrckova,zacatecnici,Joga zeleny sal
05.04.2017 01:14,05.04.2017,Kundalini joga,8:05,9:35,4,20,Micha  Prach Kotrckova,zacatecnici,Joga zeleny sal
05.04.2017 01:31,05.04.2017,Kundalini joga,8:05,9:35,7,20,Micha  Prach Kotrckova,zacatecnici,Joga zeleny sal
02.04.2017 17:20,06.04.2017,Office joga,11:25,12:10,0,30,Alexandra Mandova,klidna protahovaci,Joga modry sal
02.04.2017 17:20,06.04.2017,Powerjoga,11:40,12:25,2,20,Marketa Makovska CJ / EN,dynamicka posilovaci,Joga zeleny sal
03.04.2017 03:50,06.04.2017,Powerjoga,11:40,12:25,3,20,Marketa Makovska CJ / EN,dynamicka posilovaci,Joga zeleny sal
04.04.2017 05:41,06.04.2017,Powerjoga,11:40,12:25,4,20,Marketa Makovska CJ / EN,dynamicka posilovaci,Joga zeleny sal
05.04.2017 07:56,06.04.2017,Powerjoga,11:40,12:25,5,20,Marketa Makovska CJ / EN,dynamicka posilovaci,Joga zeleny sal
05.04.2017 10:09,06.04.2017,Powerjoga,11:40,12:25,6,20,Marketa Makovska CJ / EN,dynamicka posilovaci,Joga zeleny sal
06.04.2017 01:53,06.04.2017,Powerjoga,11:40,12:25,7,20,Marketa Makovska CJ / EN,dynamicka posilovaci,Joga zeleny sal
06.04.2017 02:14,06.04.2017,Powerjoga,11:40,12:25,8,20,Marketa Makovska CJ / EN,dynamicka posilovaci,Joga zeleny sal
06.04.2017 03:12,06.04.2017,Powerjoga,11:40,12:25,9,20,Marketa Makovska CJ / EN,dynamicka posilovaci,Joga zeleny sal
06.04.2017 04:55,06.04.2017,Powerjoga,11:40,12:25,10,20,Marketa Makovska CJ / EN,dynamicka posilovaci,Joga zeleny sal
02.04.2017 17:20,06.04.2017,Zdrava zada,12:15,13:00,0,30,Alexandra Mandova,zdravotni,Joga modry sal
03.04.2017 06:54,06.04.2017,Zdrava zada,12:15,13:00,1,30,Alexandra Mandova,zdravotni,Joga modry sal
05.04.2017 14:49,06.04.2017,Zdrava zada,12:15,13:00,2,30,Alexandra Mandova,zdravotni,Joga modry sal
06.04.2017 03:26,06.04.2017,Zdrava zada,12:15,13:00,3,30,Alexandra Mandova,zdravotni,Joga modry sal
06.04.2017 03:53,06.04.2017,Zdrava zada,12:15,13:00,4,30,Alexandra Mandova,zdravotni,Joga modry sal
06.04.2017 03:54,06.04.2017,Zdrava zada,12:15,13:00,5,30,Alexandra Mandova,zdravotni,Joga modry sal
06.04.2017 03:57,06.04.2017,Zdrava zada,12:15,13:00,6,30,Alexandra Mandova,zdravotni,Joga modry sal
06.04.2017 04:17,06.04.2017,Zdrava zada,12:15,13:00,7,30,Alexandra Mandova,zdravotni,Joga modry sal
06.04.2017 04:46,06.04.2017,Zdrava zada,12:15,13:00,8,30,Alexandra Mandova,zdravotni,Joga modry sal
02.04.2017 17:20,06.04.2017,Powerjoga,12:30,13:15,1,20,Marketa Makovska CJ / EN,zacatecnici,Joga zeleny sal
05.04.2017 03:17,06.04.2017,Powerjoga,12:30,13:15,2,20,Marketa Makovska CJ / EN,zacatecnici,Joga zeleny sal
05.04.2017 14:02,06.04.2017,Powerjoga,12:30,13:15,3,20,Marketa Makovska CJ / EN,zacatecnici,Joga zeleny sal
06.04.2017 03:34,06.04.2017,Powerjoga,12:30,13:15,4,20,Marketa Makovska CJ / EN,zacatecnici,Joga zeleny sal
02.04.2017 17:20,06.04.2017,Jemna joga,15:15,16:15,6,20,Lubica Vodvarkova,klidna protahovaci,Joga zeleny sal
03.04.2017 04:05,06.04.2017,Jemna joga,15:15,16:15,5,20,Lubica Vodvarkova,klidna protahovaci,Joga zeleny sal
03.04.2017 14:33,06.04.2017,Jemna joga,15:15,16:15,4,20,Lubica Vodvarkova,klidna protahovaci,Joga zeleny sal
06.04.2017 03:28,06.04.2017,Jemna joga,15:15,16:15,3,20,Lubica Vodvarkova,klidna protahovaci,Joga zeleny sal
06.04.2017 04:36,06.04.2017,Jemna joga,15:15,16:15,2,20,Lubica Vodvarkova,klidna protahovaci,Joga zeleny sal
02.04.2017 17:20,06.04.2017,Hatha joga,16:20,17:20,20,20,Lubica Vodvarkova,zacatecnici,Joga zeleny sal
03.04.2017 01:48,06.04.2017,Hatha joga,16:20,17:20,19,20,Lubica Vodvarkova,zacatecnici,Joga zeleny sal
06.04.2017 02:26,06.04.2017,Hatha joga,16:20,17:20,18,20,Lubica Vodvarkova,zacatecnici,Joga zeleny sal
06.04.2017 02:44,06.04.2017,Hatha joga,16:20,17:20,17,20,Lubica Vodvarkova,zacatecnici,Joga zeleny sal
02.04.2017 17:20,06.04.2017,Hot joga,16:40,17:40,1,30,Alexandra Mandova,dynamicka posilovaci,Hot-joga
03.04.2017 07:17,06.04.2017,Hot joga,16:40,17:40,2,30,Alexandra Mandova,dynamicka posilovaci,Hot-joga
04.04.2017 08:49,06.04.2017,Hot joga,16:40,17:40,3,30,Alexandra Mandova,dynamicka posilovaci,Hot-joga
05.04.2017 05:40,06.04.2017,Hot joga,16:40,17:40,4,30,Alexandra Mandova,dynamicka posilovaci,Hot-joga
05.04.2017 08:46,06.04.2017,Hot joga,16:40,17:40,5,30,Alexandra Mandova,dynamicka posilovaci,Hot-joga
05.04.2017 09:08,06.04.2017,Hot joga,16:40,17:40,6,30,Alexandra Mandova,dynamicka posilovaci,Hot-joga
05.04.2017 10:45,06.04.2017,Hot joga,16:40,17:40,8,30,Alexandra Mandova,dynamicka posilovaci,Hot-joga
06.04.2017 06:09,06.04.2017,Hot joga,16:40,17:40,9,30,Alexandra Mandova,dynamicka posilovaci,Hot-joga
06.04.2017 06:55,06.04.2017,Hot joga,16:40,17:40,10,30,Alexandra Mandova,dynamicka posilovaci,Hot-joga
06.04.2017 09:48,06.04.2017,Hot joga,16:40,17:40,12,30,Alexandra Mandova,dynamicka posilovaci,Hot-joga
06.04.2017 09:52,06.04.2017,Hot joga,16:40,17:40,13,30,Alexandra Mandova,dynamicka posilovaci,Hot-joga
02.04.2017 17:20,06.04.2017,Powerjoga,17:25,18:25,2,20,Karolina Chudobova,dynamicka posilovaci,Joga zeleny sal
03.04.2017 02:44,06.04.2017,Powerjoga,17:25,18:25,3,20,Karolina Chudobova,dynamicka posilovaci,Joga zeleny sal
03.04.2017 12:50,06.04.2017,Powerjoga,17:25,18:25,4,20,Karolina Chudobova,dynamicka posilovaci,Joga zeleny sal
04.04.2017 02:32,06.04.2017,Powerjoga,17:25,18:25,5,20,Karolina Chudobova,dynamicka posilovaci,Joga zeleny sal
04.04.2017 08:33,06.04.2017,Powerjoga,17:25,18:25,6,20,Karolina Chudobova,dynamicka posilovaci,Joga zeleny sal
04.04.2017 11:22,06.04.2017,Powerjoga,17:25,18:25,7,20,Karolina Chudobova,dynamicka posilovaci,Joga zeleny sal
05.04.2017 00:03,06.04.2017,Powerjoga,17:25,18:25,8,20,Karolina Chudobova,dynamicka posilovaci,Joga zeleny sal
05.04.2017 04:37,06.04.2017,Powerjoga,17:25,18:25,9,20,Karolina Chudobova,dynamicka posilovaci,Joga zeleny sal
05.04.2017 09:18,06.04.2017,Powerjoga,17:25,18:25,10,20,Karolina Chudobova,dynamicka posilovaci,Joga zeleny sal
05.04.2017 09:43,06.04.2017,Powerjoga,17:25,18:25,11,20,Karolina Chudobova,dynamicka posilovaci,Joga zeleny sal
05.04.2017 10:06,06.04.2017,Powerjoga,17:25,18:25,12,20,Karolina Chudobova,dynamicka posilovaci,Joga zeleny sal
05.04.2017 10:32,06.04.2017,Powerjoga,17:25,18:25,13,20,Karolina Chudobova,dynamicka posilovaci,Joga zeleny sal
05.04.2017 10:56,06.04.2017,Powerjoga,17:25,18:25,14,20,Karolina Chudobova,dynamicka posilovaci,Joga zeleny sal
06.04.2017 10:35,06.04.2017,Powerjoga,17:25,18:25,15,20,Karolina Chudobova,dynamicka posilovaci,Joga zeleny sal
02.04.2017 17:20,06.04.2017,Hot joga,18:00,19:30,9,30,Pavla  Krecanova,zacatecnici,Hot-joga
03.04.2017 02:52,06.04.2017,Hot joga,18:00,19:30,10,30,Pavla  Krecanova,zacatecnici,Hot-joga
03.04.2017 05:46,06.04.2017,Hot joga,18:00,19:30,11,30,Pavla  Krecanova,zacatecnici,Hot-joga
03.04.2017 07:02,06.04.2017,Hot joga,18:00,19:30,12,30,Pavla  Krecanova,zacatecnici,Hot-joga
04.04.2017 05:31,06.04.2017,Hot joga,18:00,19:30,13,30,Pavla  Krecanova,zacatecnici,Hot-joga
04.04.2017 05:35,06.04.2017,Hot joga,18:00,19:30,14,30,Pavla  Krecanova,zacatecnici,Hot-joga
04.04.2017 06:51,06.04.2017,Hot joga,18:00,19:30,15,30,Pavla  Krecanova,zacatecnici,Hot-joga
04.04.2017 08:06,06.04.2017,Hot joga,18:00,19:30,16,30,Pavla  Krecanova,zacatecnici,Hot-joga
04.04.2017 08:07,06.04.2017,Hot joga,18:00,19:30,17,30,Pavla  Krecanova,zacatecnici,Hot-joga
04.04.2017 09:07,06.04.2017,Hot joga,18:00,19:30,18,30,Pavla  Krecanova,zacatecnici,Hot-joga
04.04.2017 11:34,06.04.2017,Hot joga,18:00,19:30,19,30,Pavla  Krecanova,zacatecnici,Hot-joga
04.04.2017 14:53,06.04.2017,Hot joga,18:00,19:30,20,30,Pavla  Krecanova,zacatecnici,Hot-joga
04.04.2017 15:44,06.04.2017,Hot joga,18:00,19:30,21,30,Pavla  Krecanova,zacatecnici,Hot-joga
04.04.2017 16:26,06.04.2017,Hot joga,18:00,19:30,22,30,Pavla  Krecanova,zacatecnici,Hot-joga
05.04.2017 15:16,06.04.2017,Hot joga,18:00,19:30,23,30,Pavla  Krecanova,zacatecnici,Hot-joga
06.04.2017 03:07,06.04.2017,Hot joga,18:00,19:30,24,30,Pavla  Krecanova,zacatecnici,Hot-joga
06.04.2017 11:09,06.04.2017,Hot joga,18:00,19:30,25,30,Pavla  Krecanova,zacatecnici,Hot-joga
02.04.2017 17:20,06.04.2017,Gravid joga,18:30,19:30,5,20,Karolina Chudobova,zdravotni,Joga zeleny sal
03.04.2017 08:31,06.04.2017,Gravid joga,18:30,19:30,6,20,Karolina Chudobova,zdravotni,Joga zeleny sal
04.04.2017 08:29,06.04.2017,Gravid joga,18:30,19:30,7,20,Karolina Chudobova,zdravotni,Joga zeleny sal
05.04.2017 12:14,06.04.2017,Gravid joga,18:30,19:30,8,20,Karolina Chudobova,zdravotni,Joga zeleny sal
06.04.2017 04:51,06.04.2017,Gravid joga,18:30,19:30,9,20,Karolina Chudobova,zdravotni,Joga zeleny sal
06.04.2017 09:05,06.04.2017,Gravid joga,18:30,19:30,10,20,Karolina Chudobova,zdravotni,Joga zeleny sal
06.04.2017 09:16,06.04.2017,Gravid joga,18:30,19:30,11,20,Karolina Chudobova,zdravotni,Joga zeleny sal
06.04.2017 10:26,06.04.2017,Gravid joga,18:30,19:30,12,20,Karolina Chudobova,zdravotni,Joga zeleny sal
06.04.2017 11:06,06.04.2017,Gravid joga,18:30,19:30,13,20,Karolina Chudobova,zdravotni,Joga zeleny sal
06.04.2017 11:16,06.04.2017,Gravid joga,18:30,19:30,14,20,Karolina Chudobova,zdravotni,Joga zeleny sal
06.04.2017 11:40,06.04.2017,Gravid joga,18:30,19:30,15,20,Karolina Chudobova,zdravotni,Joga zeleny sal
06.04.2017 11:41,06.04.2017,Gravid joga,18:30,19:30,16,20,Karolina Chudobova,zdravotni,Joga zeleny sal
02.04.2017 17:20,06.04.2017,Jemna joga,19:35,20:35,3,20,Karolina Chudobova,klidna protahovaci,Joga zeleny sal
04.04.2017 03:00,06.04.2017,Jemna joga,19:35,20:35,4,20,Karolina Chudobova,klidna protahovaci,Joga zeleny sal
04.04.2017 05:52,06.04.2017,Jemna joga,19:35,20:35,5,20,Karolina Chudobova,klidna protahovaci,Joga zeleny sal
04.04.2017 15:57,06.04.2017,Jemna joga,19:35,20:35,6,20,Karolina Chudobova,klidna protahovaci,Joga zeleny sal
05.04.2017 02:21,06.04.2017,Jemna joga,19:35,20:35,7,20,Karolina Chudobova,klidna protahovaci,Joga zeleny sal
05.04.2017 02:22,06.04.2017,Jemna joga,19:35,20:35,8,20,Karolina Chudobova,klidna protahovaci,Joga zeleny sal
05.04.2017 04:10,06.04.2017,Jemna joga,19:35,20:35,9,20,Karolina Chudobova,klidna protahovaci,Joga zeleny sal
05.04.2017 05:39,06.04.2017,Jemna joga,19:35,20:35,10,20,Karolina Chudobova,klidna protahovaci,Joga zeleny sal
05.04.2017 12:44,06.04.2017,Jemna joga,19:35,20:35,11,20,Karolina Chudobova,klidna protahovaci,Joga zeleny sal
06.04.2017 05:15,06.04.2017,Jemna joga,19:35,20:35,12,20,Karolina Chudobova,klidna protahovaci,Joga zeleny sal
06.04.2017 05:44,06.04.2017,Jemna joga,19:35,20:35,13,20,Karolina Chudobova,klidna protahovaci,Joga zeleny sal
06.04.2017 11:01,06.04.2017,Jemna joga,19:35,20:35,14,20,Karolina Chudobova,klidna protahovaci,Joga zeleny sal
06.04.2017 11:05,06.04.2017,Jemna joga,19:35,20:35,16,20,Karolina Chudobova,klidna protahovaci,Joga zeleny sal
06.04.2017 12:43,06.04.2017,Jemna joga,19:35,20:35,15,20,Karolina Chudobova,klidna protahovaci,Joga zeleny sal
06.04.2017 12:56,06.04.2017,Jemna joga,19:35,20:35,17,20,Karolina Chudobova,klidna protahovaci,Joga zeleny sal
02.04.2017 17:20,06.04.2017,Hot joga,19:45,21:15,0,30,Monika Stuart,klidna protahovaci,Hot-joga
05.04.2017 03:02,06.04.2017,Hot joga,19:45,21:15,1,30,Monika Stuart,klidna protahovaci,Hot-joga
05.04.2017 11:32,06.04.2017,Hot joga,19:45,21:15,2,30,Monika Stuart,klidna protahovaci,Hot-joga
05.04.2017 14:47,06.04.2017,Hot joga,19:45,21:15,3,30,Monika Stuart,klidna protahovaci,Hot-joga
05.04.2017 14:59,06.04.2017,Hot joga,19:45,21:15,4,30,Monika Stuart,klidna protahovaci,Hot-joga
06.04.2017 12:31,06.04.2017,Hot joga,19:45,21:15,5,30,Monika Stuart,klidna protahovaci,Hot-joga
06.04.2017 13:09,06.04.2017,Hot joga,19:45,21:15,7,30,Monika Stuart,klidna protahovaci,Hot-joga
02.04.2017 17:20,06.04.2017,Powerjoga,7:00,8:00,4,20,Alexandra Mandova,dynamicka posilovaci,Joga zeleny sal
03.04.2017 15:49,06.04.2017,Powerjoga,7:00,8:00,5,20,Alexandra Mandova,dynamicka posilovaci,Joga zeleny sal
04.04.2017 10:45,06.04.2017,Powerjoga,7:00,8:00,7,20,Alexandra Mandova,dynamicka posilovaci,Joga zeleny sal
04.04.2017 14:04,06.04.2017,Powerjoga,7:00,8:00,8,20,Alexandra Mandova,dynamicka posilovaci,Joga zeleny sal
04.04.2017 14:52,06.04.2017,Powerjoga,7:00,8:00,9,20,Alexandra Mandova,dynamicka posilovaci,Joga zeleny sal
05.04.2017 04:02,06.04.2017,Powerjoga,7:00,8:00,10,20,Alexandra Mandova,dynamicka posilovaci,Joga zeleny sal
05.04.2017 12:35,06.04.2017,Powerjoga,7:00,8:00,12,20,Alexandra Mandova,dynamicka posilovaci,Joga zeleny sal
05.04.2017 13:26,06.04.2017,Powerjoga,7:00,8:00,13,20,Alexandra Mandova,dynamicka posilovaci,Joga zeleny sal
05.04.2017 15:12,06.04.2017,Powerjoga,7:00,8:00,11,20,Alexandra Mandova,dynamicka posilovaci,Joga zeleny sal
02.04.2017 17:20,06.04.2017,Jemna joga,8:00,9:00,1,30,Blanka Lorencova,zacatecnici,Joga modry sal
05.04.2017 10:14,06.04.2017,Jemna joga,8:00,9:00,2,30,Blanka Lorencova,zacatecnici,Joga modry sal
05.04.2017 13:03,06.04.2017,Jemna joga,8:00,9:00,3,30,Blanka Lorencova,zacatecnici,Joga modry sal
05.04.2017 16:08,06.04.2017,Jemna joga,8:00,9:00,4,30,Blanka Lorencova,zacatecnici,Joga modry sal
06.04.2017 01:18,06.04.2017,Jemna joga,8:00,9:00,5,30,Blanka Lorencova,zacatecnici,Joga modry sal
02.04.2017 17:20,06.04.2017,Hatha joga - vhodna i pro zacatecniky,8:05,8:50,2,20,Alexandra Mandova,klidna protahovaci,Joga zeleny sal
05.04.2017 12:22,06.04.2017,Hatha joga - vhodna i pro zacatecniky,8:05,8:50,3,20,Alexandra Mandova,klidna protahovaci,Joga zeleny sal
05.04.2017 16:22,06.04.2017,Hatha joga - vhodna i pro zacatecniky,8:05,8:50,4,20,Alexandra Mandova,klidna protahovaci,Joga zeleny sal
06.04.2017 01:22,06.04.2017,Hatha joga - vhodna i pro zacatecniky,8:05,8:50,5,20,Alexandra Mandova,klidna protahovaci,Joga zeleny sal
02.04.2017 17:20,06.04.2017,Zdrava zada,9:05,10:05,1,30,Blanka Lorencova,zdravotni,Joga modry sal
04.04.2017 04:55,06.04.2017,Zdrava zada,9:05,10:05,2,30,Blanka Lorencova,zdravotni,Joga modry sal
04.04.2017 04:56,06.04.2017,Zdrava zada,9:05,10:05,3,30,Blanka Lorencova,zdravotni,Joga modry sal
04.04.2017 06:58,06.04.2017,Zdrava zada,9:05,10:05,4,30,Blanka Lorencova,zdravotni,Joga modry sal
05.04.2017 02:40,06.04.2017,Zdrava zada,9:05,10:05,5,30,Blanka Lorencova,zdravotni,Joga modry sal
05.04.2017 05:15,06.04.2017,Zdrava zada,9:05,10:05,6,30,Blanka Lorencova,zdravotni,Joga modry sal
05.04.2017 11:48,06.04.2017,Zdrava zada,9:05,10:05,7,30,Blanka Lorencova,zdravotni,Joga modry sal
05.04.2017 13:04,06.04.2017,Zdrava zada,9:05,10:05,8,30,Blanka Lorencova,zdravotni,Joga modry sal
05.04.2017 13:16,06.04.2017,Zdrava zada,9:05,10:05,9,30,Blanka Lorencova,zdravotni,Joga modry sal
05.04.2017 14:24,06.04.2017,Zdrava zada,9:05,10:05,10,30,Blanka Lorencova,zdravotni,Joga modry sal
05.04.2017 16:08,06.04.2017,Zdrava zada,9:05,10:05,11,30,Blanka Lorencova,zdravotni,Joga modry sal
05.04.2017 16:36,06.04.2017,Zdrava zada,9:05,10:05,12,30,Blanka Lorencova,zdravotni,Joga modry sal
06.04.2017 02:08,06.04.2017,Zdrava zada,9:05,10:05,13,30,Blanka Lorencova,zdravotni,Joga modry sal
06.04.2017 02:20,06.04.2017,Zdrava zada,9:05,10:05,14,30,Blanka Lorencova,zdravotni,Joga modry sal
06.04.2017 02:37,06.04.2017,Zdrava zada,9:05,10:05,15,30,Blanka Lorencova,zdravotni,Joga modry sal
02.04.2017 17:20,07.04.2017,Hot joga,10:00,11:00,1,30,Vera Vojtechova,zacatecnici,Hot-joga
03.04.2017 10:35,07.04.2017,Hot joga,10:00,11:00,1,30,Jitka Sedlarova ml.,zacatecnici,Hot-joga
03.04.2017 13:19,07.04.2017,Hot joga,10:00,11:00,0,30,Jitka Sedlarova ml.,zacatecnici,Hot-joga
06.04.2017 09:58,07.04.2017,Hot joga,10:00,11:00,2,30,Jitka Sedlarova ml.,zacatecnici,Hot-joga
06.04.2017 12:54,07.04.2017,Hot joga,10:00,11:00,3,30,Jitka Sedlarova ml.,zacatecnici,Hot-joga
07.04.2017 02:39,07.04.2017,Hot joga,10:00,11:00,4,30,Jitka Sedlarova ml.,zacatecnici,Hot-joga
02.04.2017 17:20,07.04.2017,Jogova terapie - sal je mirne vyhraty,11:15,12:15,9,20,Vera Vojtechova,zdravotni,Joga modry sal
03.04.2017 05:39,07.04.2017,Jogova terapie - sal je mirne vyhraty,11:15,12:15,10,20,Vera Vojtechova,zdravotni,Joga modry sal
03.04.2017 10:35,07.04.2017,Jogova terapie - sal je mirne vyhraty,11:15,12:15,10,20,Jitka Sedlarova ml.,zdravotni,Joga modry sal
03.04.2017 14:42,07.04.2017,Jogova terapie - sal je mirne vyhraty,11:15,12:15,12,20,Jitka Sedlarova ml.,zdravotni,Joga modry sal
05.04.2017 09:05,07.04.2017,Jogova terapie - sal je mirne vyhraty,11:15,12:15,13,20,Jitka Sedlarova ml.,zdravotni,Joga modry sal
06.04.2017 03:59,07.04.2017,Jogova terapie - sal je mirne vyhraty,11:15,12:15,14,20,Jitka Sedlarova ml.,zdravotni,Joga modry sal
06.04.2017 04:37,07.04.2017,Jogova terapie - sal je mirne vyhraty,11:15,12:15,15,20,Jitka Sedlarova ml.,zdravotni,Joga modry sal
06.04.2017 06:29,07.04.2017,Jogova terapie - sal je mirne vyhraty,11:15,12:15,17,20,Jitka Sedlarova ml.,zdravotni,Joga modry sal
06.04.2017 06:30,07.04.2017,Jogova terapie - sal je mirne vyhraty,11:15,12:15,19,20,Jitka Sedlarova ml.,zdravotni,Joga modry sal
06.04.2017 06:31,07.04.2017,Jogova terapie - sal je mirne vyhraty,11:15,12:15,20,20,Jitka Sedlarova ml.,zdravotni,Joga modry sal
06.04.2017 06:36,07.04.2017,Jogova terapie - sal je mirne vyhraty,11:15,12:15,18,20,Jitka Sedlarova ml.,zdravotni,Joga modry sal
06.04.2017 06:38,07.04.2017,Jogova terapie - sal je mirne vyhraty,11:15,12:15,16,20,Jitka Sedlarova ml.,zdravotni,Joga modry sal
02.04.2017 17:20,07.04.2017,Powerjoga,11:25,12:10,0,20,Tomas  Helbig,zacatecnici,Joga zeleny sal
06.04.2017 04:12,07.04.2017,Powerjoga,11:25,12:10,1,20,Tomas  Helbig,zacatecnici,Joga zeleny sal
07.04.2017 01:32,07.04.2017,Powerjoga,11:25,12:10,2,20,Tomas  Helbig,zacatecnici,Joga zeleny sal
07.04.2017 02:11,07.04.2017,Powerjoga,11:25,12:10,3,20,Tomas  Helbig,zacatecnici,Joga zeleny sal
07.04.2017 02:14,07.04.2017,Powerjoga,11:25,12:10,4,20,Tomas  Helbig,zacatecnici,Joga zeleny sal
07.04.2017 04:28,07.04.2017,Powerjoga,11:25,12:10,5,20,Tomas  Helbig,zacatecnici,Joga zeleny sal
07.04.2017 04:38,07.04.2017,Powerjoga,11:25,12:10,6,20,Tomas  Helbig,zacatecnici,Joga zeleny sal
07.04.2017 04:39,07.04.2017,Powerjoga,11:25,12:10,7,20,Tomas  Helbig,zacatecnici,Joga zeleny sal
07.04.2017 05:01,07.04.2017,Powerjoga,11:25,12:10,8,20,Tomas  Helbig,zacatecnici,Joga zeleny sal
07.04.2017 05:03,07.04.2017,Powerjoga,11:25,12:10,9,20,Tomas  Helbig,zacatecnici,Joga zeleny sal
02.04.2017 17:20,07.04.2017,Powerjoga,12:15,13:00,1,20,Tomas  Helbig,dynamicka posilovaci,Joga zeleny sal
04.04.2017 02:44,07.04.2017,Powerjoga,12:15,13:00,2,20,Tomas  Helbig,dynamicka posilovaci,Joga zeleny sal
05.04.2017 09:42,07.04.2017,Powerjoga,12:15,13:00,3,20,Tomas  Helbig,dynamicka posilovaci,Joga zeleny sal
06.04.2017 03:59,07.04.2017,Powerjoga,12:15,13:00,4,20,Tomas  Helbig,dynamicka posilovaci,Joga zeleny sal
06.04.2017 10:19,07.04.2017,Powerjoga,12:15,13:00,5,20,Tomas  Helbig,dynamicka posilovaci,Joga zeleny sal
07.04.2017 03:03,07.04.2017,Powerjoga,12:15,13:00,6,20,Tomas  Helbig,dynamicka posilovaci,Joga zeleny sal
07.04.2017 03:37,07.04.2017,Powerjoga,12:15,13:00,7,20,Tomas  Helbig,dynamicka posilovaci,Joga zeleny sal
07.04.2017 04:20,07.04.2017,Powerjoga,12:15,13:00,8,20,Tomas  Helbig,dynamicka posilovaci,Joga zeleny sal
07.04.2017 05:15,07.04.2017,Powerjoga,12:15,13:00,9,20,Tomas  Helbig,dynamicka posilovaci,Joga zeleny sal
07.04.2017 05:16,07.04.2017,Powerjoga,12:15,13:00,10,20,Tomas  Helbig,dynamicka posilovaci,Joga zeleny sal
07.04.2017 05:29,07.04.2017,Powerjoga,12:15,13:00,11,20,Tomas  Helbig,dynamicka posilovaci,Joga zeleny sal
07.04.2017 05:36,07.04.2017,Powerjoga,12:15,13:00,12,20,Tomas  Helbig,dynamicka posilovaci,Joga zeleny sal
02.04.2017 17:20,07.04.2017,Hatha joga,14:10,15:10,1,20,Sandra Justova,zacatecnici,Joga zeleny sal
07.04.2017 05:28,07.04.2017,Hatha joga,14:10,15:10,2,20,Sandra Justova,zacatecnici,Joga zeleny sal
07.04.2017 07:22,07.04.2017,Hatha joga,14:10,15:10,3,20,Sandra Justova,zacatecnici,Joga zeleny sal
07.04.2017 07:23,07.04.2017,Hatha joga,14:10,15:10,4,20,Sandra Justova,zacatecnici,Joga zeleny sal
07.04.2017 07:24,07.04.2017,Hatha joga,14:10,15:10,5,20,Sandra Justova,zacatecnici,Joga zeleny sal
02.04.2017 17:20,07.04.2017,Joga pro zdrava zada,15:15,16:15,2,20,Katerina  Kornova,zdravotni,Joga zeleny sal
03.04.2017 08:02,07.04.2017,Joga pro zdrava zada,15:15,16:15,2,20,Tomas  Helbig,zdravotni,Joga zeleny sal
04.04.2017 13:53,07.04.2017,Joga pro zdrava zada,15:15,16:15,3,20,Tomas  Helbig,zdravotni,Joga zeleny sal
07.04.2017 06:28,07.04.2017,Joga pro zdrava zada,15:15,16:15,4,20,Tomas  Helbig,zdravotni,Joga zeleny sal
07.04.2017 06:39,07.04.2017,Joga pro zdrava zada,15:15,16:15,5,20,Tomas  Helbig,zdravotni,Joga zeleny sal
07.04.2017 07:06,07.04.2017,Joga pro zdrava zada,15:15,16:15,6,20,Tomas  Helbig,zdravotni,Joga zeleny sal
07.04.2017 08:13,07.04.2017,Joga pro zdrava zada,15:15,16:15,7,20,Tomas  Helbig,zdravotni,Joga zeleny sal
07.04.2017 08:27,07.04.2017,Joga pro zdrava zada,15:15,16:15,8,20,Tomas  Helbig,zdravotni,Joga zeleny sal
07.04.2017 08:37,07.04.2017,Joga pro zdrava zada,15:15,16:15,9,20,Tomas  Helbig,zdravotni,Joga zeleny sal
02.04.2017 17:20,07.04.2017,Jemna joga,16:20,17:20,3,20,Katerina  Kornova,klidna protahovaci,Joga zeleny sal
03.04.2017 08:02,07.04.2017,Jemna joga,16:20,17:20,3,20,Tomas  Helbig,klidna protahovaci,Joga zeleny sal
05.04.2017 10:56,07.04.2017,Jemna joga,16:20,17:20,4,20,Tomas  Helbig,klidna protahovaci,Joga zeleny sal
06.04.2017 02:27,07.04.2017,Jemna joga,16:20,17:20,5,20,Tomas  Helbig,klidna protahovaci,Joga zeleny sal
06.04.2017 02:34,07.04.2017,Jemna joga,16:20,17:20,6,20,Tomas  Helbig,klidna protahovaci,Joga zeleny sal
07.04.2017 08:07,07.04.2017,Jemna joga,16:20,17:20,7,20,Tomas  Helbig,klidna protahovaci,Joga zeleny sal
07.04.2017 08:39,07.04.2017,Jemna joga,16:20,17:20,8,20,Tomas  Helbig,klidna protahovaci,Joga zeleny sal
07.04.2017 09:34,07.04.2017,Jemna joga,16:20,17:20,9,20,Tomas  Helbig,klidna protahovaci,Joga zeleny sal
02.04.2017 17:20,07.04.2017,Powerjoga,17:25,18:25,0,20,Hana Hruskova CJ / EN,dynamicka posilovaci,Joga zeleny sal
03.04.2017 11:04,07.04.2017,Powerjoga,17:25,18:25,1,20,Hana Hruskova CJ / EN,dynamicka posilovaci,Joga zeleny sal
06.04.2017 08:02,07.04.2017,Powerjoga,17:25,18:25,2,20,Hana Hruskova CJ / EN,dynamicka posilovaci,Joga zeleny sal
06.04.2017 08:05,07.04.2017,Powerjoga,17:25,18:25,3,20,Hana Hruskova CJ / EN,dynamicka posilovaci,Joga zeleny sal
07.04.2017 06:00,07.04.2017,Powerjoga,17:25,18:25,4,20,Hana Hruskova CJ / EN,dynamicka posilovaci,Joga zeleny sal
07.04.2017 06:45,07.04.2017,Powerjoga,17:25,18:25,5,20,Hana Hruskova CJ / EN,dynamicka posilovaci,Joga zeleny sal
07.04.2017 09:25,07.04.2017,Powerjoga,17:25,18:25,6,20,Hana Hruskova CJ / EN,dynamicka posilovaci,Joga zeleny sal
07.04.2017 09:57,07.04.2017,Powerjoga,17:25,18:25,7,20,Hana Hruskova CJ / EN,dynamicka posilovaci,Joga zeleny sal
07.04.2017 10:15,07.04.2017,Powerjoga,17:25,18:25,8,20,Hana Hruskova CJ / EN,dynamicka posilovaci,Joga zeleny sal
07.04.2017 10:41,07.04.2017,Powerjoga,17:25,18:25,9,20,Hana Hruskova CJ / EN,dynamicka posilovaci,Joga zeleny sal
07.04.2017 10:42,07.04.2017,Powerjoga,17:25,18:25,10,20,Hana Hruskova CJ / EN,dynamicka posilovaci,Joga zeleny sal
07.04.2017 10:46,07.04.2017,Powerjoga,17:25,18:25,11,20,Hana Hruskova CJ / EN,dynamicka posilovaci,Joga zeleny sal
07.04.2017 10:53,07.04.2017,Powerjoga,17:25,18:25,12,20,Hana Hruskova CJ / EN,dynamicka posilovaci,Joga zeleny sal
02.04.2017 17:20,07.04.2017,Ashtanga joga - vhodna i pro zacatecniky,18:30,20:00,3,20,Hana Hruskova CJ / EN,zacatecnici,Joga zeleny sal
03.04.2017 01:56,07.04.2017,Ashtanga joga - vhodna i pro zacatecniky,18:30,20:00,4,20,Hana Hruskova CJ / EN,zacatecnici,Joga zeleny sal
03.04.2017 14:15,07.04.2017,Ashtanga joga - vhodna i pro zacatecniky,18:30,20:00,5,20,Hana Hruskova CJ / EN,zacatecnici,Joga zeleny sal
04.04.2017 14:13,07.04.2017,Ashtanga joga - vhodna i pro zacatecniky,18:30,20:00,6,20,Hana Hruskova CJ / EN,zacatecnici,Joga zeleny sal
05.04.2017 04:28,07.04.2017,Ashtanga joga - vhodna i pro zacatecniky,18:30,20:00,7,20,Hana Hruskova CJ / EN,zacatecnici,Joga zeleny sal
05.04.2017 04:58,07.04.2017,Ashtanga joga - vhodna i pro zacatecniky,18:30,20:00,8,20,Hana Hruskova CJ / EN,zacatecnici,Joga zeleny sal
06.04.2017 13:55,07.04.2017,Ashtanga joga - vhodna i pro zacatecniky,18:30,20:00,9,20,Hana Hruskova CJ / EN,zacatecnici,Joga zeleny sal
07.04.2017 02:29,07.04.2017,Ashtanga joga - vhodna i pro zacatecniky,18:30,20:00,10,20,Hana Hruskova CJ / EN,zacatecnici,Joga zeleny sal
07.04.2017 06:08,07.04.2017,Ashtanga joga - vhodna i pro zacatecniky,18:30,20:00,11,20,Hana Hruskova CJ / EN,zacatecnici,Joga zeleny sal
07.04.2017 09:04,07.04.2017,Ashtanga joga - vhodna i pro zacatecniky,18:30,20:00,12,20,Hana Hruskova CJ / EN,zacatecnici,Joga zeleny sal
07.04.2017 09:08,07.04.2017,Ashtanga joga - vhodna i pro zacatecniky,18:30,20:00,13,20,Hana Hruskova CJ / EN,zacatecnici,Joga zeleny sal
07.04.2017 09:51,07.04.2017,Ashtanga joga - vhodna i pro zacatecniky,18:30,20:00,14,20,Hana Hruskova CJ / EN,zacatecnici,Joga zeleny sal
07.04.2017 09:54,07.04.2017,Ashtanga joga - vhodna i pro zacatecniky,18:30,20:00,15,20,Hana Hruskova CJ / EN,zacatecnici,Joga zeleny sal
07.04.2017 09:59,07.04.2017,Ashtanga joga - vhodna i pro zacatecniky,18:30,20:00,16,20,Hana Hruskova CJ / EN,zacatecnici,Joga zeleny sal
07.04.2017 10:53,07.04.2017,Ashtanga joga - vhodna i pro zacatecniky,18:30,20:00,17,20,Hana Hruskova CJ / EN,zacatecnici,Joga zeleny sal
07.04.2017 11:20,07.04.2017,Ashtanga joga - vhodna i pro zacatecniky,18:30,20:00,18,20,Hana Hruskova CJ / EN,zacatecnici,Joga zeleny sal
02.04.2017 17:20,07.04.2017,Hatha joga,7:00,8:00,2,20,Alexandra Mandova,zacatecnici,Joga zeleny sal
03.04.2017 13:20,07.04.2017,Hatha joga,7:00,8:00,3,20,Alexandra Mandova,zacatecnici,Joga zeleny sal
04.04.2017 14:45,07.04.2017,Hatha joga,7:00,8:00,4,20,Alexandra Mandova,zacatecnici,Joga zeleny sal
05.04.2017 02:20,07.04.2017,Hatha joga,7:00,8:00,5,20,Alexandra Mandova,zacatecnici,Joga zeleny sal
06.04.2017 08:35,07.04.2017,Hatha joga,7:00,8:00,6,20,Alexandra Mandova,zacatecnici,Joga zeleny sal
06.04.2017 08:37,07.04.2017,Hatha joga,7:00,8:00,7,20,Alexandra Mandova,zacatecnici,Joga zeleny sal
06.04.2017 14:57,07.04.2017,Hatha joga,7:00,8:00,8,20,Alexandra Mandova,zacatecnici,Joga zeleny sal
02.04.2017 17:20,07.04.2017,Jemna joga,8:05,8:50,1,20,Alexandra Mandova,klidna protahovaci,Joga zeleny sal
06.04.2017 09:54,07.04.2017,Jemna joga,8:05,8:50,2,20,Alexandra Mandova,klidna protahovaci,Joga zeleny sal
06.04.2017 15:10,07.04.2017,Jemna joga,8:05,8:50,3,20,Alexandra Mandova,klidna protahovaci,Joga zeleny sal
06.04.2017 15:31,07.04.2017,Jemna joga,8:05,8:50,4,20,Alexandra Mandova,klidna protahovaci,Joga zeleny sal
07.04.2017 00:59,07.04.2017,Jemna joga,8:05,8:50,5,20,Alexandra Mandova,klidna protahovaci,Joga zeleny sal
07.04.2017 01:06,07.04.2017,Jemna joga,8:05,8:50,6,20,Alexandra Mandova,klidna protahovaci,Joga zeleny sal
07.04.2017 01:21,07.04.2017,Jemna joga,8:05,8:50,7,20,Alexandra Mandova,klidna protahovaci,Joga zeleny sal
07.04.2017 01:23,07.04.2017,Jemna joga,8:05,8:50,8,20,Alexandra Mandova,klidna protahovaci,Joga zeleny sal
07.04.2017 01:31,07.04.2017,Jemna joga,8:05,8:50,9,20,Alexandra Mandova,klidna protahovaci,Joga zeleny sal
02.04.2017 17:20,08.04.2017,Powerjoga,10:20,11:20,1,20,Martina Dvorakova,dynamicka posilovaci,Joga zeleny sal
03.04.2017 06:37,08.04.2017,Powerjoga,10:20,11:20,1,20,Tomas  Helbig,dynamicka posilovaci,Joga zeleny sal
07.04.2017 01:47,08.04.2017,Powerjoga,10:20,11:20,2,20,Tomas  Helbig,dynamicka posilovaci,Joga zeleny sal
08.04.2017 02:39,08.04.2017,Powerjoga,10:20,11:20,3,20,Tomas  Helbig,dynamicka posilovaci,Joga zeleny sal
08.04.2017 03:31,08.04.2017,Powerjoga,10:20,11:20,4,20,Tomas  Helbig,dynamicka posilovaci,Joga zeleny sal
08.04.2017 03:32,08.04.2017,Powerjoga,10:20,11:20,5,20,Tomas  Helbig,dynamicka posilovaci,Joga zeleny sal
02.04.2017 17:20,08.04.2017,Hatha joga,11:30,13:00,2,20,Martina Koralova,zacatecnici,Joga zeleny sal
03.04.2017 06:37,08.04.2017,Hatha joga,11:30,13:00,2,20,Tomas  Helbig,zacatecnici,Joga zeleny sal
03.04.2017 07:30,08.04.2017,Hatha joga,11:30,13:00,3,20,Tomas  Helbig,zacatecnici,Joga zeleny sal
03.04.2017 09:05,08.04.2017,Hatha joga,11:30,13:00,4,20,Tomas  Helbig,zacatecnici,Joga zeleny sal
04.04.2017 15:44,08.04.2017,Hatha joga,11:30,13:00,5,20,Tomas  Helbig,zacatecnici,Joga zeleny sal
04.04.2017 17:05,08.04.2017,Hatha joga,11:30,13:00,6,20,Tomas  Helbig,zacatecnici,Joga zeleny sal
05.04.2017 10:29,08.04.2017,Hatha joga,11:30,13:00,7,20,Tomas  Helbig,zacatecnici,Joga zeleny sal
07.04.2017 02:42,08.04.2017,Hatha joga,11:30,13:00,8,20,Tomas  Helbig,zacatecnici,Joga zeleny sal
07.04.2017 08:20,08.04.2017,Hatha joga,11:30,13:00,9,20,Tomas  Helbig,zacatecnici,Joga zeleny sal
07.04.2017 10:29,08.04.2017,Hatha joga,11:30,13:00,10,20,Tomas  Helbig,zacatecnici,Joga zeleny sal
07.04.2017 10:47,08.04.2017,Hatha joga,11:30,13:00,11,20,Tomas  Helbig,zacatecnici,Joga zeleny sal
07.04.2017 12:51,08.04.2017,Hatha joga,11:30,13:00,12,20,Tomas  Helbig,zacatecnici,Joga zeleny sal
08.04.2017 03:40,08.04.2017,Hatha joga,11:30,13:00,13,20,Tomas  Helbig,zacatecnici,Joga zeleny sal
02.04.2017 17:20,08.04.2017,Jemna joga,13:05,14:05,1,20,Martina Koralova,klidna protahovaci,Joga zeleny sal
07.04.2017 02:14,08.04.2017,Jemna joga,13:05,14:05,2,20,Martina Koralova,klidna protahovaci,Joga zeleny sal
07.04.2017 02:19,08.04.2017,Jemna joga,13:05,14:05,2,20,Aylin Akyolova,klidna protahovaci,Joga zeleny sal
07.04.2017 02:25,08.04.2017,Jemna joga,13:05,14:05,1,20,Aylin Akyolova,klidna protahovaci,Joga zeleny sal
07.04.2017 07:30,08.04.2017,Jemna joga,13:05,14:05,3,20,Aylin Akyolova,klidna protahovaci,Joga zeleny sal
08.04.2017 03:12,08.04.2017,Jemna joga,13:05,14:05,5,20,Aylin Akyolova,klidna protahovaci,Joga zeleny sal
08.04.2017 05:39,08.04.2017,Jemna joga,13:05,14:05,6,20,Aylin Akyolova,klidna protahovaci,Joga zeleny sal
08.04.2017 05:45,08.04.2017,Jemna joga,13:05,14:05,8,20,Aylin Akyolova,klidna protahovaci,Joga zeleny sal
08.04.2017 06:09,08.04.2017,Jemna joga,13:05,14:05,9,20,Aylin Akyolova,klidna protahovaci,Joga zeleny sal
08.04.2017 06:10,08.04.2017,Jemna joga,13:05,14:05,10,20,Aylin Akyolova,klidna protahovaci,Joga zeleny sal
08.04.2017 06:11,08.04.2017,Jemna joga,13:05,14:05,11,20,Aylin Akyolova,klidna protahovaci,Joga zeleny sal
02.04.2017 17:20,08.04.2017,Hatha joga,14:15,15:45,0,20,Milana Jermanova,klidna protahovaci,Joga zeleny sal
07.04.2017 02:19,08.04.2017,Hatha joga,14:15,15:45,0,20,,klidna protahovaci,Joga zeleny sal
07.04.2017 04:06,08.04.2017,Hatha joga,14:15,15:45,0,20,Lenka Martinkova,klidna protahovaci,Joga zeleny sal
07.04.2017 04:30,08.04.2017,Hatha joga,14:15,15:45,1,20,Lenka Martinkova,klidna protahovaci,Joga zeleny sal
08.04.2017 03:42,08.04.2017,Hatha joga,14:15,15:45,3,20,Lenka Martinkova,klidna protahovaci,Joga zeleny sal
08.04.2017 07:13,08.04.2017,Hatha joga,14:15,15:45,2,20,Lenka Martinkova,klidna protahovaci,Joga zeleny sal
02.04.2017 17:20,08.04.2017,Powerjoga,15:50,16:50,0,20,Veronika  Brozova CJ / EN,dynamicka posilovaci,Joga zeleny sal
07.04.2017 01:57,08.04.2017,Powerjoga,15:50,16:50,0,20,Eva Urbankova,dynamicka posilovaci,Joga zeleny sal
07.04.2017 05:38,08.04.2017,Powerjoga,15:50,16:50,1,20,Eva Urbankova,dynamicka posilovaci,Joga zeleny sal
07.04.2017 06:32,08.04.2017,Powerjoga,15:50,16:50,2,20,Eva Urbankova,dynamicka posilovaci,Joga zeleny sal
07.04.2017 16:20,08.04.2017,Powerjoga,15:50,16:50,4,20,Eva Urbankova,dynamicka posilovaci,Joga zeleny sal
08.04.2017 06:38,08.04.2017,Powerjoga,15:50,16:50,6,20,Eva Urbankova,dynamicka posilovaci,Joga zeleny sal
08.04.2017 06:39,08.04.2017,Powerjoga,15:50,16:50,8,20,Eva Urbankova,dynamicka posilovaci,Joga zeleny sal
08.04.2017 09:02,08.04.2017,Powerjoga,15:50,16:50,9,20,Eva Urbankova,dynamicka posilovaci,Joga zeleny sal
08.04.2017 09:08,08.04.2017,Powerjoga,15:50,16:50,11,20,Eva Urbankova,dynamicka posilovaci,Joga zeleny sal
08.04.2017 09:09,08.04.2017,Powerjoga,15:50,16:50,13,20,Eva Urbankova,dynamicka posilovaci,Joga zeleny sal
02.04.2017 17:20,08.04.2017,Jemna joga,17:00,18:30,0,20,Veronika  Brozova CJ / EN,klidna protahovaci,Joga zeleny sal
07.04.2017 01:56,08.04.2017,Jemna joga,17:00,18:30,0,20,Eva Urbankova,klidna protahovaci,Joga zeleny sal
07.04.2017 07:22,08.04.2017,Jemna joga,17:00,18:30,1,20,Eva Urbankova,klidna protahovaci,Joga zeleny sal
02.04.2017 17:20,08.04.2017,Hatha joga,9:15,10:15,2,20,Martina Dvorakova,klidna protahovaci,Joga zeleny sal
07.04.2017 02:28,08.04.2017,Hatha joga,9:15,10:15,2,20,Aylin Akyolova,klidna protahovaci,Joga zeleny sal
07.04.2017 03:58,08.04.2017,Hatha joga,9:15,10:15,3,20,Aylin Akyolova,klidna protahovaci,Joga zeleny sal
07.04.2017 04:29,08.04.2017,Hatha joga,9:15,10:15,4,20,Aylin Akyolova,klidna protahovaci,Joga zeleny sal
07.04.2017 14:42,08.04.2017,Hatha joga,9:15,10:15,5,20,Aylin Akyolova,klidna protahovaci,Joga zeleny sal
08.04.2017 00:04,08.04.2017,Hatha joga,9:15,10:15,6,20,Aylin Akyolova,klidna protahovaci,Joga zeleny sal
02.04.2017 17:20,09.04.2017,Hot joga,16:45,18:15,7,30,Alexandra Mandova,zacatecnici,Hot-joga
04.04.2017 01:14,09.04.2017,Hot joga,16:45,18:15,8,30,Alexandra Mandova,zacatecnici,Hot-joga
04.04.2017 10:16,09.04.2017,Hot joga,16:45,18:15,9,30,Alexandra Mandova,zacatecnici,Hot-joga
04.04.2017 15:41,09.04.2017,Hot joga,16:45,18:15,10,30,Alexandra Mandova,zacatecnici,Hot-joga
05.04.2017 06:06,09.04.2017,Hot joga,16:45,18:15,11,30,Alexandra Mandova,zacatecnici,Hot-joga
05.04.2017 08:39,09.04.2017,Hot joga,16:45,18:15,12,30,Alexandra Mandova,zacatecnici,Hot-joga
05.04.2017 11:46,09.04.2017,Hot joga,16:45,18:15,13,30,Alexandra Mandova,zacatecnici,Hot-joga
06.04.2017 06:17,09.04.2017,Hot joga,16:45,18:15,14,30,Alexandra Mandova,zacatecnici,Hot-joga
06.04.2017 13:21,09.04.2017,Hot joga,16:45,18:15,15,30,Alexandra Mandova,zacatecnici,Hot-joga
06.04.2017 14:29,09.04.2017,Hot joga,16:45,18:15,16,30,Alexandra Mandova,zacatecnici,Hot-joga
08.04.2017 04:27,09.04.2017,Hot joga,16:45,18:15,17,30,Alexandra Mandova,zacatecnici,Hot-joga
08.04.2017 07:18,09.04.2017,Hot joga,16:45,18:15,18,30,Alexandra Mandova,zacatecnici,Hot-joga
08.04.2017 08:06,09.04.2017,Hot joga,16:45,18:15,19,30,Alexandra Mandova,zacatecnici,Hot-joga
08.04.2017 09:17,09.04.2017,Hot joga,16:45,18:15,20,30,Alexandra Mandova,zacatecnici,Hot-joga
08.04.2017 15:31,09.04.2017,Hot joga,16:45,18:15,21,30,Alexandra Mandova,zacatecnici,Hot-joga
09.04.2017 00:50,09.04.2017,Hot joga,16:45,18:15,22,30,Alexandra Mandova,zacatecnici,Hot-joga
09.04.2017 01:20,09.04.2017,Hot joga,16:45,18:15,23,30,Alexandra Mandova,zacatecnici,Hot-joga
09.04.2017 01:46,09.04.2017,Hot joga,16:45,18:15,24,30,Alexandra Mandova,zacatecnici,Hot-joga
09.04.2017 02:19,09.04.2017,Hot joga,16:45,18:15,25,30,Alexandra Mandova,zacatecnici,Hot-joga
09.04.2017 02:26,09.04.2017,Hot joga,16:45,18:15,26,30,Alexandra Mandova,zacatecnici,Hot-joga
09.04.2017 03:44,09.04.2017,Hot joga,16:45,18:15,27,30,Alexandra Mandova,zacatecnici,Hot-joga
09.04.2017 04:16,09.04.2017,Hot joga,16:45,18:15,28,30,Alexandra Mandova,zacatecnici,Hot-joga
09.04.2017 04:22,09.04.2017,Hot joga,16:45,18:15,29,30,Alexandra Mandova,zacatecnici,Hot-joga
09.04.2017 09:01,09.04.2017,Hot joga,16:45,18:15,30,30,Alexandra Mandova,zacatecnici,Hot-joga
02.04.2017 17:20,09.04.2017,Hatha joga,17:00,18:00,1,20,Tomas  Helbig,klidna protahovaci,Joga zeleny sal
06.04.2017 10:29,09.04.2017,Hatha joga,17:00,18:00,2,20,Tomas  Helbig,klidna protahovaci,Joga zeleny sal
06.04.2017 13:28,09.04.2017,Hatha joga,17:00,18:00,4,20,Tomas  Helbig,klidna protahovaci,Joga zeleny sal
08.04.2017 14:06,09.04.2017,Hatha joga,17:00,18:00,5,20,Tomas  Helbig,klidna protahovaci,Joga zeleny sal
09.04.2017 05:58,09.04.2017,Hatha joga,17:00,18:00,7,20,Tomas  Helbig,klidna protahovaci,Joga zeleny sal
09.04.2017 08:15,09.04.2017,Hatha joga,17:00,18:00,8,20,Tomas  Helbig,klidna protahovaci,Joga zeleny sal
02.04.2017 17:20,09.04.2017,Powerjoga - vhodna i pro zacatecniky,18:10,19:40,20,20,Petra Tomkova,dynamicka posilovaci,Joga zeleny sal
03.04.2017 00:24,09.04.2017,Powerjoga - vhodna i pro zacatecniky,18:10,19:40,19,20,Petra Tomkova,dynamicka posilovaci,Joga zeleny sal
07.04.2017 02:27,09.04.2017,Powerjoga - vhodna i pro zacatecniky,18:10,19:40,18,20,Petra Tomkova,dynamicka posilovaci,Joga zeleny sal
02.04.2017 17:20,09.04.2017,Hot joga,18:30,19:30,2,30,Alexandra Mandova,dynamicka posilovaci,Hot-joga
03.04.2017 00:58,09.04.2017,Hot joga,18:30,19:30,0,30,Alexandra Mandova,dynamicka posilovaci,Hot-joga
06.04.2017 03:07,09.04.2017,Hot joga,18:30,19:30,1,30,Alexandra Mandova,dynamicka posilovaci,Hot-joga
08.04.2017 17:19,09.04.2017,Hot joga,18:30,19:30,3,30,Alexandra Mandova,dynamicka posilovaci,Hot-joga
09.04.2017 01:11,09.04.2017,Hot joga,18:30,19:30,4,30,Alexandra Mandova,dynamicka posilovaci,Hot-joga
09.04.2017 01:55,09.04.2017,Hot joga,18:30,19:30,5,30,Alexandra Mandova,dynamicka posilovaci,Hot-joga
09.04.2017 03:29,09.04.2017,Hot joga,18:30,19:30,6,30,Alexandra Mandova,dynamicka posilovaci,Hot-joga
09.04.2017 03:49,09.04.2017,Hot joga,18:30,19:30,7,30,Alexandra Mandova,dynamicka posilovaci,Hot-joga
09.04.2017 04:25,09.04.2017,Hot joga,18:30,19:30,8,30,Alexandra Mandova,dynamicka posilovaci,Hot-joga
09.04.2017 05:33,09.04.2017,Hot joga,18:30,19:30,9,30,Alexandra Mandova,dynamicka posilovaci,Hot-joga
09.04.2017 07:18,09.04.2017,Hot joga,18:30,19:30,10,30,Alexandra Mandova,dynamicka posilovaci,Hot-joga
09.04.2017 08:50,09.04.2017,Hot joga,18:30,19:30,11,30,Alexandra Mandova,dynamicka posilovaci,Hot-joga
09.04.2017 09:15,09.04.2017,Hot joga,18:30,19:30,12,30,Alexandra Mandova,dynamicka posilovaci,Hot-joga
09.04.2017 10:03,09.04.2017,Hot joga,18:30,19:30,13,30,Alexandra Mandova,dynamicka posilovaci,Hot-joga
09.04.2017 11:31,09.04.2017,Hot joga,18:30,19:30,14,30,Alexandra Mandova,dynamicka posilovaci,Hot-joga
09.04.2017 11:52,09.04.2017,Hot joga,18:30,19:30,15,30,Alexandra Mandova,dynamicka posilovaci,Hot-joga
02.04.2017 17:20,09.04.2017,Intenzivni kurz jogy - uzavreny kurz,19:45,21:15,0,0,Katka  Prymkova  CJ / EN,,Joga zeleny sal
09.04.2017 17:19,10.04.2017,Power joga,11:25,12:10,1,20,Tomas  Helbig,dynamicka posilovaci,Joga zeleny sal
10.04.2017 01:35,10.04.2017,Power joga,11:25,12:10,2,20,Tomas  Helbig,dynamicka posilovaci,Joga zeleny sal
10.04.2017 04:32,10.04.2017,Power joga,11:25,12:10,3,20,Tomas  Helbig,dynamicka posilovaci,Joga zeleny sal
10.04.2017 04:33,10.04.2017,Power joga,11:25,12:10,4,20,Tomas  Helbig,dynamicka posilovaci,Joga zeleny sal
10.04.2017 04:35,10.04.2017,Power joga,11:25,12:10,5,20,Tomas  Helbig,dynamicka posilovaci,Joga zeleny sal
10.04.2017 04:38,10.04.2017,Power joga,11:25,12:10,6,20,Tomas  Helbig,dynamicka posilovaci,Joga zeleny sal
10.04.2017 04:57,10.04.2017,Power joga,11:25,12:10,7,20,Tomas  Helbig,dynamicka posilovaci,Joga zeleny sal
09.04.2017 17:19,10.04.2017,Hatha joga - vhodna i pro zacatecniky,11:40,12:25,3,20,Alexandra Mandova,klidna protahovaci,Joga modry sal
10.04.2017 02:37,10.04.2017,Hatha joga - vhodna i pro zacatecniky,11:40,12:25,4,20,Alexandra Mandova,klidna protahovaci,Joga modry sal
10.04.2017 04:27,10.04.2017,Hatha joga - vhodna i pro zacatecniky,11:40,12:25,5,20,Alexandra Mandova,klidna protahovaci,Joga modry sal
10.04.2017 04:40,10.04.2017,Hatha joga - vhodna i pro zacatecniky,11:40,12:25,6,20,Alexandra Mandova,klidna protahovaci,Joga modry sal
09.04.2017 17:19,10.04.2017,Powerjoga,12:15,13:00,0,20,Tomas  Helbig,zacatecnici,Joga zeleny sal
10.04.2017 03:36,10.04.2017,Powerjoga,12:15,13:00,1,20,Tomas  Helbig,zacatecnici,Joga zeleny sal
10.04.2017 04:51,10.04.2017,Powerjoga,12:15,13:00,2,20,Tomas  Helbig,zacatecnici,Joga zeleny sal
10.04.2017 05:01,10.04.2017,Powerjoga,12:15,13:00,3,20,Tomas  Helbig,zacatecnici,Joga zeleny sal
10.04.2017 05:02,10.04.2017,Powerjoga,12:15,13:00,4,20,Tomas  Helbig,zacatecnici,Joga zeleny sal
10.04.2017 05:23,10.04.2017,Powerjoga,12:15,13:00,5,20,Tomas  Helbig,zacatecnici,Joga zeleny sal
09.04.2017 17:19,10.04.2017,Office joga,12:30,13:15,1,30,Alexandra Mandova,klidna protahovaci,Joga modry sal
10.04.2017 03:45,10.04.2017,Office joga,12:30,13:15,0,30,Alexandra Mandova,klidna protahovaci,Joga modry sal
09.04.2017 17:19,10.04.2017,Jemna joga,15:05,16:05,2,20,Vera Vojtechova,klidna protahovaci,Joga zeleny sal
10.04.2017 08:01,10.04.2017,Jemna joga,15:05,16:05,3,20,Vera Vojtechova,klidna protahovaci,Joga zeleny sal
10.04.2017 08:55,10.04.2017,Jemna joga,15:05,16:05,4,20,Vera Vojtechova,klidna protahovaci,Joga zeleny sal
09.04.2017 17:19,10.04.2017,Joga pro zdrava zada - vhodna pro zacatecniky,16:10,17:10,7,20,Vera Vojtechova,zdravotni,Joga zeleny sal
10.04.2017 01:08,10.04.2017,Joga pro zdrava zada - vhodna pro zacatecniky,16:10,17:10,8,20,Vera Vojtechova,zdravotni,Joga zeleny sal
10.04.2017 01:09,10.04.2017,Joga pro zdrava zada - vhodna pro zacatecniky,16:10,17:10,9,20,Vera Vojtechova,zdravotni,Joga zeleny sal
10.04.2017 02:50,10.04.2017,Joga pro zdrava zada - vhodna pro zacatecniky,16:10,17:10,10,20,Vera Vojtechova,zdravotni,Joga zeleny sal
10.04.2017 03:20,10.04.2017,Joga pro zdrava zada - vhodna pro zacatecniky,16:10,17:10,11,20,Vera Vojtechova,zdravotni,Joga zeleny sal
10.04.2017 03:57,10.04.2017,Joga pro zdrava zada - vhodna pro zacatecniky,16:10,17:10,12,20,Vera Vojtechova,zdravotni,Joga zeleny sal
10.04.2017 09:08,10.04.2017,Joga pro zdrava zada - vhodna pro zacatecniky,16:10,17:10,13,20,Vera Vojtechova,zdravotni,Joga zeleny sal
10.04.2017 09:21,10.04.2017,Joga pro zdrava zada - vhodna pro zacatecniky,16:10,17:10,14,20,Vera Vojtechova,zdravotni,Joga zeleny sal
09.04.2017 17:19,10.04.2017,Hot joga,16:40,17:40,4,30,Veronika  Brozova CJ / EN,zacatecnici,Hot-joga
10.04.2017 03:48,10.04.2017,Hot joga,16:40,17:40,5,30,Veronika  Brozova CJ / EN,zacatecnici,Hot-joga
10.04.2017 04:57,10.04.2017,Hot joga,16:40,17:40,6,30,Veronika  Brozova CJ / EN,zacatecnici,Hot-joga
10.04.2017 05:45,10.04.2017,Hot joga,16:40,17:40,7,30,Veronika  Brozova CJ / EN,zacatecnici,Hot-joga
09.04.2017 17:19,10.04.2017,Ashtanga joga,17:20,18:50,8,20,Katka  Prymkova  CJ / EN,dynamicka posilovaci,Joga zeleny sal
10.04.2017 04:47,10.04.2017,Ashtanga joga,17:20,18:50,9,20,Katka  Prymkova  CJ / EN,dynamicka posilovaci,Joga zeleny sal
10.04.2017 10:01,10.04.2017,Ashtanga joga,17:20,18:50,10,20,Katka  Prymkova  CJ / EN,dynamicka posilovaci,Joga zeleny sal
10.04.2017 10:07,10.04.2017,Ashtanga joga,17:20,18:50,11,20,Katka  Prymkova  CJ / EN,dynamicka posilovaci,Joga zeleny sal
10.04.2017 10:33,10.04.2017,Ashtanga joga,17:20,18:50,12,20,Katka  Prymkova  CJ / EN,dynamicka posilovaci,Joga zeleny sal
09.04.2017 17:19,10.04.2017,Hot joga,18:00,19:30,4,30,Monika Stuart,klidna protahovaci,Hot-joga
10.04.2017 02:35,10.04.2017,Hot joga,18:00,19:30,5,30,Monika Stuart,klidna protahovaci,Hot-joga
10.04.2017 02:36,10.04.2017,Hot joga,18:00,19:30,6,30,Monika Stuart,klidna protahovaci,Hot-joga
10.04.2017 05:26,10.04.2017,Hot joga,18:00,19:30,7,30,Monika Stuart,klidna protahovaci,Hot-joga
10.04.2017 10:25,10.04.2017,Hot joga,18:00,19:30,8,30,Monika Stuart,klidna protahovaci,Hot-joga
09.04.2017 17:19,10.04.2017,Hatha joga,18:55,19:55,9,20,Katka  Prymkova  CJ / EN,klidna protahovaci,Joga zeleny sal
10.04.2017 05:08,10.04.2017,Hatha joga,18:55,19:55,10,20,Katka  Prymkova  CJ / EN,klidna protahovaci,Joga zeleny sal
10.04.2017 07:06,10.04.2017,Hatha joga,18:55,19:55,11,20,Katka  Prymkova  CJ / EN,klidna protahovaci,Joga zeleny sal
10.04.2017 09:29,10.04.2017,Hatha joga,18:55,19:55,12,20,Katka  Prymkova  CJ / EN,klidna protahovaci,Joga zeleny sal
10.04.2017 12:01,10.04.2017,Hatha joga,18:55,19:55,13,20,Katka  Prymkova  CJ / EN,klidna protahovaci,Joga zeleny sal
09.04.2017 17:19,10.04.2017,Hot joga,19:45,21:15,5,30,Marketa  Samesova,dynamicka posilovaci,Hot-joga
10.04.2017 02:38,10.04.2017,Hot joga,19:45,21:15,4,30,Marketa  Samesova,dynamicka posilovaci,Hot-joga
10.04.2017 04:08,10.04.2017,Hot joga,19:45,21:15,3,30,Marketa  Samesova,dynamicka posilovaci,Hot-joga
10.04.2017 04:10,10.04.2017,Hot joga,19:45,21:15,2,30,Marketa  Samesova,dynamicka posilovaci,Hot-joga
10.04.2017 13:00,10.04.2017,Hot joga,19:45,21:15,6,30,Marketa  Samesova,dynamicka posilovaci,Hot-joga
09.04.2017 17:19,10.04.2017,Powerjoga,7:00,8:00,6,20,Eva Dornakova CJ / NJ,zacatecnici,Joga zeleny sal
09.04.2017 23:41,10.04.2017,Powerjoga,7:00,8:00,5,20,Eva Dornakova CJ / NJ,zacatecnici,Joga zeleny sal
09.04.2017 17:19,10.04.2017,Hatha joga - vhodna i pro zacatecniky,8:05,8:50,3,20,Eva Dornakova CJ / NJ,klidna protahovaci,Joga zeleny sal
09.04.2017 17:36,10.04.2017,Hatha joga - vhodna i pro zacatecniky,8:05,8:50,4,20,Eva Dornakova CJ / NJ,klidna protahovaci,Joga zeleny sal
09.04.2017 17:19,11.04.2017,Jemna joga,10:20,11:20,1,20,Katerina  Kornova,klidna protahovaci,Joga zeleny sal
11.04.2017 00:48,11.04.2017,Jemna joga,10:20,11:20,0,20,Katerina  Kornova,klidna protahovaci,Joga zeleny sal
09.04.2017 17:19,11.04.2017,Joga pro seniory,10:35,11:35,0,30,Blanka Lorencova,klidna protahovaci,Joga modry sal
10.04.2017 12:21,11.04.2017,Joga pro seniory,10:35,11:35,1,30,Blanka Lorencova,klidna protahovaci,Joga modry sal
10.04.2017 14:09,11.04.2017,Joga pro seniory,10:35,11:35,2,30,Blanka Lorencova,klidna protahovaci,Joga modry sal
10.04.2017 16:09,11.04.2017,Joga pro seniory,10:35,11:35,3,30,Blanka Lorencova,klidna protahovaci,Joga modry sal
11.04.2017 03:40,11.04.2017,Joga pro seniory,10:35,11:35,4,30,Blanka Lorencova,klidna protahovaci,Joga modry sal
09.04.2017 17:19,11.04.2017,Joga pro zdrava zada,11:25,12:10,1,20,Katerina  Kornova,zdravotni,Joga zeleny sal
10.04.2017 04:12,11.04.2017,Joga pro zdrava zada,11:25,12:10,2,20,Katerina  Kornova,zdravotni,Joga zeleny sal
10.04.2017 13:21,11.04.2017,Joga pro zdrava zada,11:25,12:10,3,20,Katerina  Kornova,zdravotni,Joga zeleny sal
11.04.2017 02:13,11.04.2017,Joga pro zdrava zada,11:25,12:10,4,20,Katerina  Kornova,zdravotni,Joga zeleny sal
11.04.2017 02:19,11.04.2017,Joga pro zdrava zada,11:25,12:10,5,20,Katerina  Kornova,zdravotni,Joga zeleny sal
11.04.2017 03:28,11.04.2017,Joga pro zdrava zada,11:25,12:10,6,20,Katerina  Kornova,zdravotni,Joga zeleny sal
11.04.2017 04:34,11.04.2017,Joga pro zdrava zada,11:25,12:10,7,20,Katerina  Kornova,zdravotni,Joga zeleny sal
11.04.2017 04:37,11.04.2017,Joga pro zdrava zada,11:25,12:10,8,20,Katerina  Kornova,zdravotni,Joga zeleny sal
11.04.2017 04:42,11.04.2017,Joga pro zdrava zada,11:25,12:10,9,20,Katerina  Kornova,zdravotni,Joga zeleny sal
09.04.2017 17:19,11.04.2017,Powerjoga,11:40,12:25,1,30,Karolina Chudobova,zacatecnici,Joga modry sal
10.04.2017 03:27,11.04.2017,Powerjoga,11:40,12:25,2,30,Karolina Chudobova,zacatecnici,Joga modry sal
10.04.2017 07:16,11.04.2017,Powerjoga,11:40,12:25,3,30,Karolina Chudobova,zacatecnici,Joga modry sal
11.04.2017 01:47,11.04.2017,Powerjoga,11:40,12:25,4,30,Karolina Chudobova,zacatecnici,Joga modry sal
11.04.2017 02:34,11.04.2017,Powerjoga,11:40,12:25,5,30,Karolina Chudobova,zacatecnici,Joga modry sal
11.04.2017 03:10,11.04.2017,Powerjoga,11:40,12:25,6,30,Karolina Chudobova,zacatecnici,Joga modry sal
11.04.2017 03:17,11.04.2017,Powerjoga,11:40,12:25,7,30,Karolina Chudobova,zacatecnici,Joga modry sal
11.04.2017 04:49,11.04.2017,Powerjoga,11:40,12:25,9,30,Karolina Chudobova,zacatecnici,Joga modry sal
09.04.2017 17:19,11.04.2017,Joga pro zdrava zada,12:15,13:00,0,20,Katerina  Kornova,zdravotni,Joga zeleny sal
10.04.2017 04:29,11.04.2017,Joga pro zdrava zada,12:15,13:00,1,20,Katerina  Kornova,zdravotni,Joga zeleny sal
11.04.2017 02:09,11.04.2017,Joga pro zdrava zada,12:15,13:00,2,20,Katerina  Kornova,zdravotni,Joga zeleny sal
11.04.2017 03:26,11.04.2017,Joga pro zdrava zada,12:15,13:00,3,20,Katerina  Kornova,zdravotni,Joga zeleny sal
11.04.2017 04:17,11.04.2017,Joga pro zdrava zada,12:15,13:00,4,20,Katerina  Kornova,zdravotni,Joga zeleny sal
11.04.2017 05:15,11.04.2017,Joga pro zdrava zada,12:15,13:00,5,20,Katerina  Kornova,zdravotni,Joga zeleny sal
09.04.2017 17:19,11.04.2017,Powerjoga,12:30,13:15,4,30,Karolina Chudobova,dynamicka posilovaci,Joga modry sal
10.04.2017 16:03,11.04.2017,Powerjoga,12:30,13:15,5,30,Karolina Chudobova,dynamicka posilovaci,Joga modry sal
11.04.2017 03:09,11.04.2017,Powerjoga,12:30,13:15,6,30,Karolina Chudobova,dynamicka posilovaci,Joga modry sal
11.04.2017 03:43,11.04.2017,Powerjoga,12:30,13:15,7,30,Karolina Chudobova,dynamicka posilovaci,Joga modry sal
11.04.2017 05:13,11.04.2017,Powerjoga,12:30,13:15,8,30,Karolina Chudobova,dynamicka posilovaci,Joga modry sal
11.04.2017 05:40,11.04.2017,Powerjoga,12:30,13:15,9,30,Karolina Chudobova,dynamicka posilovaci,Joga modry sal
09.04.2017 17:19,11.04.2017,Powerjoga,15:15,16:15,0,20,Alexandra Mandova,dynamicka posilovaci,Joga zeleny sal
11.04.2017 02:55,11.04.2017,Powerjoga,15:15,16:15,1,20,Alexandra Mandova,dynamicka posilovaci,Joga zeleny sal
09.04.2017 17:19,11.04.2017,Hatha joga,16:20,17:20,18,20,Marketa  Samesova,klidna protahovaci,Joga zeleny sal
10.04.2017 01:11,11.04.2017,Hatha joga,16:20,17:20,20,20,Marketa  Samesova,klidna protahovaci,Joga zeleny sal
10.04.2017 11:00,11.04.2017,Hatha joga,16:20,17:20,19,20,Marketa  Samesova,klidna protahovaci,Joga zeleny sal
10.04.2017 11:47,11.04.2017,Hatha joga,16:20,17:20,17,20,Marketa  Samesova,klidna protahovaci,Joga zeleny sal
10.04.2017 13:52,11.04.2017,Hatha joga,16:20,17:20,16,20,Marketa  Samesova,klidna protahovaci,Joga zeleny sal
11.04.2017 02:21,11.04.2017,Hatha joga,16:20,17:20,15,20,Marketa  Samesova,klidna protahovaci,Joga zeleny sal
09.04.2017 17:19,11.04.2017,Hot joga,16:40,17:40,3,30,Alexandra Mandova,zacatecnici,Hot-joga
10.04.2017 01:56,11.04.2017,Hot joga,16:40,17:40,2,30,Alexandra Mandova,zacatecnici,Hot-joga
11.04.2017 03:41,11.04.2017,Hot joga,16:40,17:40,4,30,Alexandra Mandova,zacatecnici,Hot-joga
11.04.2017 03:43,11.04.2017,Hot joga,16:40,17:40,5,30,Alexandra Mandova,zacatecnici,Hot-joga
11.04.2017 06:07,11.04.2017,Hot joga,16:40,17:40,6,30,Alexandra Mandova,zacatecnici,Hot-joga
11.04.2017 07:51,11.04.2017,Hot joga,16:40,17:40,7,30,Alexandra Mandova,zacatecnici,Hot-joga
09.04.2017 17:19,11.04.2017,Jemna joga,17:25,18:25,19,20,Marketa  Samesova,zacatecnici,Joga zeleny sal
10.04.2017 06:53,11.04.2017,Jemna joga,17:25,18:25,20,20,Marketa  Samesova,zacatecnici,Joga zeleny sal
11.04.2017 03:11,11.04.2017,Jemna joga,17:25,18:25,18,20,Marketa  Samesova,zacatecnici,Joga zeleny sal
11.04.2017 03:30,11.04.2017,Jemna joga,17:25,18:25,17,20,Marketa  Samesova,zacatecnici,Joga zeleny sal
09.04.2017 17:19,11.04.2017,Hot joga - vhodna i pro zacatecniky,18:00,19:30,5,30,Petr  Cmund,dynamicka posilovaci,Hot-joga
10.04.2017 00:32,11.04.2017,Hot joga - vhodna i pro zacatecniky,18:00,19:30,6,30,Petr  Cmund,dynamicka posilovaci,Hot-joga
10.04.2017 02:00,11.04.2017,Hot joga - vhodna i pro zacatecniky,18:00,19:30,7,30,Petr  Cmund,dynamicka posilovaci,Hot-joga
10.04.2017 03:31,11.04.2017,Hot joga - vhodna i pro zacatecniky,18:00,19:30,8,30,Petr  Cmund,dynamicka posilovaci,Hot-joga
10.04.2017 10:29,11.04.2017,Hot joga - vhodna i pro zacatecniky,18:00,19:30,9,30,Petr  Cmund,dynamicka posilovaci,Hot-joga
10.04.2017 13:02,11.04.2017,Hot joga - vhodna i pro zacatecniky,18:00,19:30,10,30,Petr  Cmund,dynamicka posilovaci,Hot-joga
10.04.2017 13:28,11.04.2017,Hot joga - vhodna i pro zacatecniky,18:00,19:30,11,30,Petr  Cmund,dynamicka posilovaci,Hot-joga
11.04.2017 02:22,11.04.2017,Hot joga - vhodna i pro zacatecniky,18:00,19:30,12,30,Petr  Cmund,dynamicka posilovaci,Hot-joga
11.04.2017 08:24,11.04.2017,Hot joga - vhodna i pro zacatecniky,18:00,19:30,13,30,Petr  Cmund,dynamicka posilovaci,Hot-joga
11.04.2017 09:48,11.04.2017,Hot joga - vhodna i pro zacatecniky,18:00,19:30,14,30,Petr  Cmund,dynamicka posilovaci,Hot-joga
11.04.2017 10:09,11.04.2017,Hot joga - vhodna i pro zacatecniky,18:00,19:30,15,30,Petr  Cmund,dynamicka posilovaci,Hot-joga
11.04.2017 10:10,11.04.2017,Hot joga - vhodna i pro zacatecniky,18:00,19:30,16,30,Petr  Cmund,dynamicka posilovaci,Hot-joga
11.04.2017 10:50,11.04.2017,Hot joga - vhodna i pro zacatecniky,18:00,19:30,17,30,Petr  Cmund,dynamicka posilovaci,Hot-joga
09.04.2017 17:19,11.04.2017,Gravid joga,18:30,19:30,5,20,Hana Stepanova,zdravotni,Joga zeleny sal
10.04.2017 04:11,11.04.2017,Gravid joga,18:30,19:30,6,20,Hana Stepanova,zdravotni,Joga zeleny sal
10.04.2017 05:25,11.04.2017,Gravid joga,18:30,19:30,7,20,Hana Stepanova,zdravotni,Joga zeleny sal
10.04.2017 07:48,11.04.2017,Gravid joga,18:30,19:30,8,20,Hana Stepanova,zdravotni,Joga zeleny sal
10.04.2017 12:47,11.04.2017,Gravid joga,18:30,19:30,9,20,Hana Stepanova,zdravotni,Joga zeleny sal
11.04.2017 11:11,11.04.2017,Gravid joga,18:30,19:30,10,20,Hana Stepanova,zdravotni,Joga zeleny sal
11.04.2017 11:40,11.04.2017,Gravid joga,18:30,19:30,11,20,Hana Stepanova,zdravotni,Joga zeleny sal
11.04.2017 11:42,11.04.2017,Gravid joga,18:30,19:30,12,20,Hana Stepanova,zdravotni,Joga zeleny sal
11.04.2017 11:44,11.04.2017,Gravid joga,18:30,19:30,13,20,Hana Stepanova,zdravotni,Joga zeleny sal
11.04.2017 11:50,11.04.2017,Gravid joga,18:30,19:30,14,20,Hana Stepanova,zdravotni,Joga zeleny sal
09.04.2017 17:19,11.04.2017,Kurz powerjogy pro zacatecniky - uzavreny kurz,19:40,21:10,0,0,Marketa Makovska CJ / EN,,Joga zeleny sal
09.04.2017 17:19,11.04.2017,Kurz jogy pro zacatecniky - uzavreny kurz,19:45,21:15,0,0,Richard Holicky,,Joga modry sal
09.04.2017 17:19,11.04.2017,Powerjoga,7:00,8:00,3,20,Hana Hruskova CJ / EN,dynamicka posilovaci,Joga zeleny sal
10.04.2017 04:17,11.04.2017,Powerjoga,7:00,8:00,4,20,Hana Hruskova CJ / EN,dynamicka posilovaci,Joga zeleny sal
10.04.2017 07:59,11.04.2017,Powerjoga,7:00,8:00,5,20,Hana Hruskova CJ / EN,dynamicka posilovaci,Joga zeleny sal
10.04.2017 08:36,11.04.2017,Powerjoga,7:00,8:00,6,20,Hana Hruskova CJ / EN,dynamicka posilovaci,Joga zeleny sal
10.04.2017 13:35,11.04.2017,Powerjoga,7:00,8:00,7,20,Hana Hruskova CJ / EN,dynamicka posilovaci,Joga zeleny sal
10.04.2017 15:19,11.04.2017,Powerjoga,7:00,8:00,8,20,Hana Hruskova CJ / EN,dynamicka posilovaci,Joga zeleny sal
11.04.2017 00:35,11.04.2017,Powerjoga,7:00,8:00,9,20,Hana Hruskova CJ / EN,dynamicka posilovaci,Joga zeleny sal
09.04.2017 17:19,11.04.2017,Powerjoga,8:05,9:05,2,20,Hana Hruskova CJ / EN,zacatecnici,Joga zeleny sal
11.04.2017 00:21,11.04.2017,Powerjoga,8:05,9:05,3,20,Hana Hruskova CJ / EN,zacatecnici,Joga zeleny sal
11.04.2017 01:25,11.04.2017,Powerjoga,8:05,9:05,4,20,Hana Hruskova CJ / EN,zacatecnici,Joga zeleny sal
11.04.2017 01:28,11.04.2017,Powerjoga,8:05,9:05,5,20,Hana Hruskova CJ / EN,zacatecnici,Joga zeleny sal
09.04.2017 17:19,12.04.2017,Kurz jogy pro zacatecniky,10:00,11:00,0,0,Richard Holicky,,Joga zeleny sal
09.04.2017 17:19,12.04.2017,Jemna joga - vhodna i pro seniory,10:15,11:15,0,22,Daniela  Fremuntova,klidna protahovaci,Joga modry sal
09.04.2017 17:19,12.04.2017,Powerjoga,11:25,12:10,0,30,Daniela  Fremuntova,dynamicka posilovaci,Joga modry sal
11.04.2017 09:24,12.04.2017,Powerjoga,11:25,12:10,1,30,Daniela  Fremuntova,dynamicka posilovaci,Joga modry sal
11.04.2017 13:49,12.04.2017,Powerjoga,11:25,12:10,2,30,Daniela  Fremuntova,dynamicka posilovaci,Joga modry sal
12.04.2017 04:22,12.04.2017,Powerjoga,11:25,12:10,4,30,Daniela  Fremuntova,dynamicka posilovaci,Joga modry sal
12.04.2017 04:30,12.04.2017,Powerjoga,11:25,12:10,5,30,Daniela  Fremuntova,dynamicka posilovaci,Joga modry sal
09.04.2017 17:19,12.04.2017,Joga pro zdrava zada,11:40,12:25,4,20,Katerina  Kornova,zdravotni,Joga zeleny sal
10.04.2017 03:37,12.04.2017,Joga pro zdrava zada,11:40,12:25,5,20,Katerina  Kornova,zdravotni,Joga zeleny sal
12.04.2017 03:13,12.04.2017,Joga pro zdrava zada,11:40,12:25,6,20,Katerina  Kornova,zdravotni,Joga zeleny sal
12.04.2017 03:19,12.04.2017,Joga pro zdrava zada,11:40,12:25,7,20,Katerina  Kornova,zdravotni,Joga zeleny sal
12.04.2017 04:02,12.04.2017,Joga pro zdrava zada,11:40,12:25,8,20,Katerina  Kornova,zdravotni,Joga zeleny sal
12.04.2017 04:36,12.04.2017,Joga pro zdrava zada,11:40,12:25,9,20,Katerina  Kornova,zdravotni,Joga zeleny sal
12.04.2017 04:49,12.04.2017,Joga pro zdrava zada,11:40,12:25,10,20,Katerina  Kornova,zdravotni,Joga zeleny sal
12.04.2017 04:54,12.04.2017,Joga pro zdrava zada,11:40,12:25,11,20,Katerina  Kornova,zdravotni,Joga zeleny sal
09.04.2017 17:19,12.04.2017,Powerjoga,12:15,13:00,1,30,Daniela  Fremuntova,zacatecnici,Joga modry sal
10.04.2017 04:31,12.04.2017,Powerjoga,12:15,13:00,2,30,Daniela  Fremuntova,zacatecnici,Joga modry sal
10.04.2017 10:35,12.04.2017,Powerjoga,12:15,13:00,3,30,Daniela  Fremuntova,zacatecnici,Joga modry sal
09.04.2017 17:19,12.04.2017,Joga pro zdrava zada,12:30,13:15,1,20,Katerina  Kornova,zdravotni,Joga zeleny sal
12.04.2017 04:58,12.04.2017,Joga pro zdrava zada,12:30,13:15,2,20,Katerina  Kornova,zdravotni,Joga zeleny sal
12.04.2017 05:34,12.04.2017,Joga pro zdrava zada,12:30,13:15,3,20,Katerina  Kornova,zdravotni,Joga zeleny sal
12.04.2017 05:42,12.04.2017,Joga pro zdrava zada,12:30,13:15,4,20,Katerina  Kornova,zdravotni,Joga zeleny sal
12.04.2017 05:54,12.04.2017,Joga pro zdrava zada,12:30,13:15,5,20,Katerina  Kornova,zdravotni,Joga zeleny sal
09.04.2017 17:19,12.04.2017,Joga zamerena na zdrava zada,16:20,17:20,2,20,Alexandra Mandova,zdravotni,Joga zeleny sal
10.04.2017 02:27,12.04.2017,Joga zamerena na zdrava zada,16:20,17:20,3,20,Alexandra Mandova,zdravotni,Joga zeleny sal
10.04.2017 08:41,12.04.2017,Joga zamerena na zdrava zada,16:20,17:20,4,20,Alexandra Mandova,zdravotni,Joga zeleny sal
11.04.2017 03:39,12.04.2017,Joga zamerena na zdrava zada,16:20,17:20,5,20,Alexandra Mandova,zdravotni,Joga zeleny sal
12.04.2017 06:07,12.04.2017,Joga zamerena na zdrava zada,16:20,17:20,6,20,Alexandra Mandova,zdravotni,Joga zeleny sal
12.04.2017 06:32,12.04.2017,Joga zamerena na zdrava zada,16:20,17:20,7,20,Alexandra Mandova,zdravotni,Joga zeleny sal
12.04.2017 09:05,12.04.2017,Joga zamerena na zdrava zada,16:20,17:20,8,20,Alexandra Mandova,zdravotni,Joga zeleny sal
12.04.2017 09:08,12.04.2017,Joga zamerena na zdrava zada,16:20,17:20,9,20,Alexandra Mandova,zdravotni,Joga zeleny sal
12.04.2017 09:20,12.04.2017,Joga zamerena na zdrava zada,16:20,17:20,10,20,Alexandra Mandova,zdravotni,Joga zeleny sal
12.04.2017 09:22,12.04.2017,Joga zamerena na zdrava zada,16:20,17:20,11,20,Alexandra Mandova,zdravotni,Joga zeleny sal
12.04.2017 09:40,12.04.2017,Joga zamerena na zdrava zada,16:20,17:20,12,20,Alexandra Mandova,zdravotni,Joga zeleny sal
12.04.2017 09:41,12.04.2017,Joga zamerena na zdrava zada,16:20,17:20,13,20,Alexandra Mandova,zdravotni,Joga zeleny sal
12.04.2017 09:51,12.04.2017,Joga zamerena na zdrava zada,16:20,17:20,14,20,Alexandra Mandova,zdravotni,Joga zeleny sal
09.04.2017 17:19,12.04.2017,Hot joga,16:30,17:30,1,30,Lenka Uhlikova,klidna protahovaci,Hot-joga
10.04.2017 03:43,12.04.2017,Hot joga,16:30,17:30,2,30,Lenka Uhlikova,klidna protahovaci,Hot-joga
12.04.2017 08:55,12.04.2017,Hot joga,16:30,17:30,3,30,Lenka Uhlikova,klidna protahovaci,Hot-joga
09.04.2017 17:19,12.04.2017,Powerjoga,17:25,18:25,5,20,Alexandra Mandova,dynamicka posilovaci,Joga zeleny sal
10.04.2017 06:08,12.04.2017,Powerjoga,17:25,18:25,6,20,Alexandra Mandova,dynamicka posilovaci,Joga zeleny sal
10.04.2017 08:58,12.04.2017,Powerjoga,17:25,18:25,7,20,Alexandra Mandova,dynamicka posilovaci,Joga zeleny sal
10.04.2017 09:52,12.04.2017,Powerjoga,17:25,18:25,8,20,Alexandra Mandova,dynamicka posilovaci,Joga zeleny sal
10.04.2017 12:52,12.04.2017,Powerjoga,17:25,18:25,9,20,Alexandra Mandova,dynamicka posilovaci,Joga zeleny sal
11.04.2017 01:48,12.04.2017,Powerjoga,17:25,18:25,10,20,Alexandra Mandova,dynamicka posilovaci,Joga zeleny sal
11.04.2017 06:05,12.04.2017,Powerjoga,17:25,18:25,11,20,Alexandra Mandova,dynamicka posilovaci,Joga zeleny sal
11.04.2017 08:10,12.04.2017,Powerjoga,17:25,18:25,12,20,Alexandra Mandova,dynamicka posilovaci,Joga zeleny sal
11.04.2017 10:06,12.04.2017,Powerjoga,17:25,18:25,14,20,Alexandra Mandova,dynamicka posilovaci,Joga zeleny sal
11.04.2017 14:48,12.04.2017,Powerjoga,17:25,18:25,15,20,Alexandra Mandova,dynamicka posilovaci,Joga zeleny sal
12.04.2017 00:52,12.04.2017,Powerjoga,17:25,18:25,16,20,Alexandra Mandova,dynamicka posilovaci,Joga zeleny sal
12.04.2017 03:55,12.04.2017,Powerjoga,17:25,18:25,17,20,Alexandra Mandova,dynamicka posilovaci,Joga zeleny sal
12.04.2017 04:47,12.04.2017,Powerjoga,17:25,18:25,19,20,Alexandra Mandova,dynamicka posilovaci,Joga zeleny sal
12.04.2017 05:14,12.04.2017,Powerjoga,17:25,18:25,20,20,Alexandra Mandova,dynamicka posilovaci,Joga zeleny sal
12.04.2017 06:50,12.04.2017,Powerjoga,17:25,18:25,18,20,Alexandra Mandova,dynamicka posilovaci,Joga zeleny sal
09.04.2017 17:19,12.04.2017,Hot joga,18:00,19:30,2,30,Marketa  Samesova,dynamicka posilovaci,Hot-joga
10.04.2017 04:28,12.04.2017,Hot joga,18:00,19:30,3,30,Marketa  Samesova,dynamicka posilovaci,Hot-joga
11.04.2017 04:51,12.04.2017,Hot joga,18:00,19:30,4,30,Marketa  Samesova,dynamicka posilovaci,Hot-joga
11.04.2017 06:10,12.04.2017,Hot joga,18:00,19:30,5,30,Marketa  Samesova,dynamicka posilovaci,Hot-joga
11.04.2017 07:57,12.04.2017,Hot joga,18:00,19:30,6,30,Marketa  Samesova,dynamicka posilovaci,Hot-joga
11.04.2017 13:22,12.04.2017,Hot joga,18:00,19:30,7,30,Marketa  Samesova,dynamicka posilovaci,Hot-joga
12.04.2017 00:09,12.04.2017,Hot joga,18:00,19:30,8,30,Marketa  Samesova,dynamicka posilovaci,Hot-joga
12.04.2017 02:25,12.04.2017,Hot joga,18:00,19:30,9,30,Marketa  Samesova,dynamicka posilovaci,Hot-joga
12.04.2017 08:23,12.04.2017,Hot joga,18:00,19:30,10,30,Marketa  Samesova,dynamicka posilovaci,Hot-joga
12.04.2017 09:17,12.04.2017,Hot joga,18:00,19:30,11,30,Marketa  Samesova,dynamicka posilovaci,Hot-joga
12.04.2017 09:30,12.04.2017,Hot joga,18:00,19:30,12,30,Marketa  Samesova,dynamicka posilovaci,Hot-joga
12.04.2017 11:04,12.04.2017,Hot joga,18:00,19:30,13,30,Marketa  Samesova,dynamicka posilovaci,Hot-joga
12.04.2017 11:11,12.04.2017,Hot joga,18:00,19:30,14,30,Marketa  Samesova,dynamicka posilovaci,Hot-joga
09.04.2017 17:19,12.04.2017,Hatha joga,18:30,20:00,1,20,Marie Kmochova,klidna protahovaci,Joga zeleny sal
10.04.2017 06:54,12.04.2017,Hatha joga,18:30,20:00,2,20,Marie Kmochova,klidna protahovaci,Joga zeleny sal
10.04.2017 07:24,12.04.2017,Hatha joga,18:30,20:00,3,20,Marie Kmochova,klidna protahovaci,Joga zeleny sal
10.04.2017 08:36,12.04.2017,Hatha joga,18:30,20:00,4,20,Marie Kmochova,klidna protahovaci,Joga zeleny sal
11.04.2017 04:03,12.04.2017,Hatha joga,18:30,20:00,5,20,Marie Kmochova,klidna protahovaci,Joga zeleny sal
11.04.2017 11:51,12.04.2017,Hatha joga,18:30,20:00,6,20,Marie Kmochova,klidna protahovaci,Joga zeleny sal
11.04.2017 13:40,12.04.2017,Hatha joga,18:30,20:00,7,20,Marie Kmochova,klidna protahovaci,Joga zeleny sal
11.04.2017 16:16,12.04.2017,Hatha joga,18:30,20:00,8,20,Marie Kmochova,klidna protahovaci,Joga zeleny sal
12.04.2017 03:05,12.04.2017,Hatha joga,18:30,20:00,9,20,Marie Kmochova,klidna protahovaci,Joga zeleny sal
09.04.2017 17:19,12.04.2017,Hot joga,19:45,21:15,0,30,Jarmila Kucmasova,zacatecnici,Hot-joga
10.04.2017 04:30,12.04.2017,Hot joga,19:45,21:15,1,30,Jarmila Kucmasova,zacatecnici,Hot-joga
10.04.2017 06:31,12.04.2017,Hot joga,19:45,21:15,2,30,Jarmila Kucmasova,zacatecnici,Hot-joga
11.04.2017 03:42,12.04.2017,Hot joga,19:45,21:15,3,30,Jarmila Kucmasova,zacatecnici,Hot-joga
11.04.2017 09:53,12.04.2017,Hot joga,19:45,21:15,4,30,Jarmila Kucmasova,zacatecnici,Hot-joga
11.04.2017 12:08,12.04.2017,Hot joga,19:45,21:15,5,30,Jarmila Kucmasova,zacatecnici,Hot-joga
11.04.2017 15:21,12.04.2017,Hot joga,19:45,21:15,6,30,Jarmila Kucmasova,zacatecnici,Hot-joga
12.04.2017 04:02,12.04.2017,Hot joga,19:45,21:15,7,30,Jarmila Kucmasova,zacatecnici,Hot-joga
12.04.2017 06:55,12.04.2017,Hot joga,19:45,21:15,8,30,Jarmila Kucmasova,zacatecnici,Hot-joga
12.04.2017 07:34,12.04.2017,Hot joga,19:45,21:15,9,30,Jarmila Kucmasova,zacatecnici,Hot-joga
09.04.2017 17:19,12.04.2017,Intenzivni kurz jogy - uzavreny kurz,20:05,21:35,0,0,Katka  Prymkova  CJ / EN,,Joga zeleny sal
09.04.2017 17:19,12.04.2017,Joga - probuzeni patere,7:00,8:00,0,30,Micha  Prach Kotrckova,klidna protahovaci,Joga modry sal
11.04.2017 13:21,12.04.2017,Joga - probuzeni patere,7:00,8:00,1,30,Micha  Prach Kotrckova,klidna protahovaci,Joga modry sal
09.04.2017 17:19,12.04.2017,Powerjoga,7:00,8:00,1,20,Veronika  Brozova CJ / EN,zacatecnici,Joga zeleny sal
11.04.2017 08:34,12.04.2017,Powerjoga,7:00,8:00,2,20,Veronika  Brozova CJ / EN,zacatecnici,Joga zeleny sal
11.04.2017 12:19,12.04.2017,Powerjoga,7:00,8:00,3,20,Veronika  Brozova CJ / EN,zacatecnici,Joga zeleny sal
11.04.2017 13:40,12.04.2017,Powerjoga,7:00,8:00,4,20,Veronika  Brozova CJ / EN,zacatecnici,Joga zeleny sal
11.04.2017 14:25,12.04.2017,Powerjoga,7:00,8:00,5,20,Veronika  Brozova CJ / EN,zacatecnici,Joga zeleny sal
12.04.2017 00:08,12.04.2017,Powerjoga,7:00,8:00,7,20,Veronika  Brozova CJ / EN,zacatecnici,Joga zeleny sal
12.04.2017 00:18,12.04.2017,Powerjoga,7:00,8:00,8,20,Veronika  Brozova CJ / EN,zacatecnici,Joga zeleny sal
09.04.2017 17:19,12.04.2017,Kundalini joga,8:05,9:35,1,20,Micha  Prach Kotrckova,zacatecnici,Joga zeleny sal
11.04.2017 12:50,12.04.2017,Kundalini joga,8:05,9:35,0,20,Micha  Prach Kotrckova,zacatecnici,Joga zeleny sal
12.04.2017 01:17,12.04.2017,Kundalini joga,8:05,9:35,2,20,Micha  Prach Kotrckova,zacatecnici,Joga zeleny sal
12.04.2017 01:31,12.04.2017,Kundalini joga,8:05,9:35,3,20,Micha  Prach Kotrckova,zacatecnici,Joga zeleny sal
09.04.2017 17:19,13.04.2017,Office joga,11:25,12:10,0,30,Alexandra Mandova,klidna protahovaci,Joga modry sal
11.04.2017 04:38,13.04.2017,Office joga,11:25,12:10,1,30,Alexandra Mandova,klidna protahovaci,Joga modry sal
12.04.2017 05:51,13.04.2017,Office joga,11:25,12:10,2,30,Alexandra Mandova,klidna protahovaci,Joga modry sal
12.04.2017 10:34,13.04.2017,Office joga,11:25,12:10,3,30,Alexandra Mandova,klidna protahovaci,Joga modry sal
13.04.2017 03:31,13.04.2017,Office joga,11:25,12:10,4,30,Alexandra Mandova,klidna protahovaci,Joga modry sal
09.04.2017 17:19,13.04.2017,Powerjoga,11:40,12:25,0,20,Marketa Makovska CJ / EN,dynamicka posilovaci,Joga zeleny sal
10.04.2017 03:37,13.04.2017,Powerjoga,11:40,12:25,1,20,Marketa Makovska CJ / EN,dynamicka posilovaci,Joga zeleny sal
12.04.2017 03:39,13.04.2017,Powerjoga,11:40,12:25,2,20,Marketa Makovska CJ / EN,dynamicka posilovaci,Joga zeleny sal
12.04.2017 07:11,13.04.2017,Powerjoga,11:40,12:25,3,20,Marketa Makovska CJ / EN,dynamicka posilovaci,Joga zeleny sal
13.04.2017 00:57,13.04.2017,Powerjoga,11:40,12:25,4,20,Marketa Makovska CJ / EN,dynamicka posilovaci,Joga zeleny sal
13.04.2017 02:19,13.04.2017,Powerjoga,11:40,12:25,5,20,Marketa Makovska CJ / EN,dynamicka posilovaci,Joga zeleny sal
13.04.2017 02:32,13.04.2017,Powerjoga,11:40,12:25,6,20,Marketa Makovska CJ / EN,dynamicka posilovaci,Joga zeleny sal
13.04.2017 02:59,13.04.2017,Powerjoga,11:40,12:25,7,20,Marketa Makovska CJ / EN,dynamicka posilovaci,Joga zeleny sal
13.04.2017 03:56,13.04.2017,Powerjoga,11:40,12:25,8,20,Marketa Makovska CJ / EN,dynamicka posilovaci,Joga zeleny sal
09.04.2017 17:19,13.04.2017,Zdrava zada,12:15,13:00,0,30,Alexandra Mandova,zdravotni,Joga modry sal
10.04.2017 04:32,13.04.2017,Zdrava zada,12:15,13:00,1,30,Alexandra Mandova,zdravotni,Joga modry sal
13.04.2017 02:22,13.04.2017,Zdrava zada,12:15,13:00,2,30,Alexandra Mandova,zdravotni,Joga modry sal
09.04.2017 17:19,13.04.2017,Powerjoga,12:30,13:15,1,20,Marketa Makovska CJ / EN,zacatecnici,Joga zeleny sal
10.04.2017 10:34,13.04.2017,Powerjoga,12:30,13:15,2,20,Marketa Makovska CJ / EN,zacatecnici,Joga zeleny sal
13.04.2017 02:11,13.04.2017,Powerjoga,12:30,13:15,3,20,Marketa Makovska CJ / EN,zacatecnici,Joga zeleny sal
13.04.2017 02:13,13.04.2017,Powerjoga,12:30,13:15,4,20,Marketa Makovska CJ / EN,zacatecnici,Joga zeleny sal
13.04.2017 04:10,13.04.2017,Powerjoga,12:30,13:15,5,20,Marketa Makovska CJ / EN,zacatecnici,Joga zeleny sal
13.04.2017 04:12,13.04.2017,Powerjoga,12:30,13:15,6,20,Marketa Makovska CJ / EN,zacatecnici,Joga zeleny sal
13.04.2017 04:58,13.04.2017,Powerjoga,12:30,13:15,7,20,Marketa Makovska CJ / EN,zacatecnici,Joga zeleny sal
13.04.2017 05:24,13.04.2017,Powerjoga,12:30,13:15,8,20,Marketa Makovska CJ / EN,zacatecnici,Joga zeleny sal
09.04.2017 17:19,13.04.2017,Jemna joga,15:15,16:15,1,20,Marketa  Samesova,klidna protahovaci,Joga zeleny sal
10.04.2017 09:10,13.04.2017,Jemna joga,15:15,16:15,0,20,Marketa  Samesova,klidna protahovaci,Joga zeleny sal
09.04.2017 17:19,13.04.2017,Hatha joga,16:20,17:20,15,20,Marketa  Samesova,zacatecnici,Joga zeleny sal
10.04.2017 03:42,13.04.2017,Hatha joga,16:20,17:20,16,20,Marketa  Samesova,zacatecnici,Joga zeleny sal
11.04.2017 14:40,13.04.2017,Hatha joga,16:20,17:20,14,20,Marketa  Samesova,zacatecnici,Joga zeleny sal
12.04.2017 02:45,13.04.2017,Hatha joga,16:20,17:20,13,20,Marketa  Samesova,zacatecnici,Joga zeleny sal
13.04.2017 02:47,13.04.2017,Hatha joga,16:20,17:20,12,20,Marketa  Samesova,zacatecnici,Joga zeleny sal
13.04.2017 03:45,13.04.2017,Hatha joga,16:20,17:20,11,20,Marketa  Samesova,zacatecnici,Joga zeleny sal
13.04.2017 06:28,13.04.2017,Hatha joga,16:20,17:20,10,20,Marketa  Samesova,zacatecnici,Joga zeleny sal
13.04.2017 06:46,13.04.2017,Hatha joga,16:20,17:20,9,20,Marketa  Samesova,zacatecnici,Joga zeleny sal
13.04.2017 07:11,13.04.2017,Hatha joga,16:20,17:20,8,20,Marketa  Samesova,zacatecnici,Joga zeleny sal
13.04.2017 07:27,13.04.2017,Hatha joga,16:20,17:20,7,20,Marketa  Samesova,zacatecnici,Joga zeleny sal
09.04.2017 17:19,13.04.2017,Hot joga,16:40,17:40,1,30,Alexandra Mandova,dynamicka posilovaci,Hot-joga
10.04.2017 11:23,13.04.2017,Hot joga,16:40,17:40,2,30,Alexandra Mandova,dynamicka posilovaci,Hot-joga
10.04.2017 13:29,13.04.2017,Hot joga,16:40,17:40,3,30,Alexandra Mandova,dynamicka posilovaci,Hot-joga
12.04.2017 14:24,13.04.2017,Hot joga,16:40,17:40,4,30,Alexandra Mandova,dynamicka posilovaci,Hot-joga
12.04.2017 15:00,13.04.2017,Hot joga,16:40,17:40,5,30,Alexandra Mandova,dynamicka posilovaci,Hot-joga
12.04.2017 15:02,13.04.2017,Hot joga,16:40,17:40,6,30,Alexandra Mandova,dynamicka posilovaci,Hot-joga
12.04.2017 15:04,13.04.2017,Hot joga,16:40,17:40,7,30,Alexandra Mandova,dynamicka posilovaci,Hot-joga
13.04.2017 09:26,13.04.2017,Hot joga,16:40,17:40,8,30,Alexandra Mandova,dynamicka posilovaci,Hot-joga
13.04.2017 10:02,13.04.2017,Hot joga,16:40,17:40,10,30,Alexandra Mandova,dynamicka posilovaci,Hot-joga
09.04.2017 17:19,13.04.2017,Powerjoga,17:25,18:25,5,20,Andrea Krizova,dynamicka posilovaci,Joga zeleny sal
10.04.2017 05:25,13.04.2017,Powerjoga,17:25,18:25,6,20,Andrea Krizova,dynamicka posilovaci,Joga zeleny sal
10.04.2017 12:53,13.04.2017,Powerjoga,17:25,18:25,7,20,Andrea Krizova,dynamicka posilovaci,Joga zeleny sal
10.04.2017 15:20,13.04.2017,Powerjoga,17:25,18:25,8,20,Andrea Krizova,dynamicka posilovaci,Joga zeleny sal
13.04.2017 06:11,13.04.2017,Powerjoga,17:25,18:25,4,20,Andrea Krizova,dynamicka posilovaci,Joga zeleny sal
09.04.2017 17:19,13.04.2017,Hot joga,18:00,19:30,1,30,Monika Stuart,zacatecnici,Hot-joga
10.04.2017 03:36,13.04.2017,Hot joga,18:00,19:30,2,30,Monika Stuart,zacatecnici,Hot-joga
11.04.2017 01:29,13.04.2017,Hot joga,18:00,19:30,3,30,Monika Stuart,zacatecnici,Hot-joga
11.04.2017 01:32,13.04.2017,Hot joga,18:00,19:30,4,30,Monika Stuart,zacatecnici,Hot-joga
11.04.2017 03:08,13.04.2017,Hot joga,18:00,19:30,5,30,Monika Stuart,zacatecnici,Hot-joga
11.04.2017 08:08,13.04.2017,Hot joga,18:00,19:30,6,30,Monika Stuart,zacatecnici,Hot-joga
11.04.2017 11:10,13.04.2017,Hot joga,18:00,19:30,7,30,Monika Stuart,zacatecnici,Hot-joga
11.04.2017 12:09,13.04.2017,Hot joga,18:00,19:30,8,30,Monika Stuart,zacatecnici,Hot-joga
12.04.2017 00:04,13.04.2017,Hot joga,18:00,19:30,9,30,Monika Stuart,zacatecnici,Hot-joga
12.04.2017 06:33,13.04.2017,Hot joga,18:00,19:30,10,30,Monika Stuart,zacatecnici,Hot-joga
12.04.2017 08:28,13.04.2017,Hot joga,18:00,19:30,11,30,Monika Stuart,zacatecnici,Hot-joga
12.04.2017 08:37,13.04.2017,Hot joga,18:00,19:30,12,30,Monika Stuart,zacatecnici,Hot-joga
12.04.2017 09:04,13.04.2017,Hot joga,18:00,19:30,13,30,Monika Stuart,zacatecnici,Hot-joga
13.04.2017 09:34,13.04.2017,Hot joga,18:00,19:30,14,30,Monika Stuart,zacatecnici,Hot-joga
13.04.2017 13:29,13.04.2017,Hot joga,18:00,19:30,15,30,Monika Stuart,zacatecnici,Hot-joga
09.04.2017 17:19,13.04.2017,Gravid joga,18:30,19:30,3,20,Andrea Krizova,zdravotni,Joga zeleny sal
10.04.2017 05:25,13.04.2017,Gravid joga,18:30,19:30,4,20,Andrea Krizova,zdravotni,Joga zeleny sal
10.04.2017 07:48,13.04.2017,Gravid joga,18:30,19:30,5,20,Andrea Krizova,zdravotni,Joga zeleny sal
10.04.2017 07:56,13.04.2017,Gravid joga,18:30,19:30,6,20,Andrea Krizova,zdravotni,Joga zeleny sal
10.04.2017 12:48,13.04.2017,Gravid joga,18:30,19:30,7,20,Andrea Krizova,zdravotni,Joga zeleny sal
12.04.2017 01:44,13.04.2017,Gravid joga,18:30,19:30,8,20,Andrea Krizova,zdravotni,Joga zeleny sal
12.04.2017 03:17,13.04.2017,Gravid joga,18:30,19:30,9,20,Andrea Krizova,zdravotni,Joga zeleny sal
12.04.2017 04:21,13.04.2017,Gravid joga,18:30,19:30,11,20,Andrea Krizova,zdravotni,Joga zeleny sal
13.04.2017 08:31,13.04.2017,Gravid joga,18:30,19:30,12,20,Andrea Krizova,zdravotni,Joga zeleny sal
13.04.2017 09:04,13.04.2017,Gravid joga,18:30,19:30,13,20,Andrea Krizova,zdravotni,Joga zeleny sal
13.04.2017 09:46,13.04.2017,Gravid joga,18:30,19:30,14,20,Andrea Krizova,zdravotni,Joga zeleny sal
09.04.2017 17:19,13.04.2017,Jemna joga,19:35,20:35,1,20,Andrea Krizova,klidna protahovaci,Joga zeleny sal
10.04.2017 12:34,13.04.2017,Jemna joga,19:35,20:35,2,20,Andrea Krizova,klidna protahovaci,Joga zeleny sal
11.04.2017 01:29,13.04.2017,Jemna joga,19:35,20:35,3,20,Andrea Krizova,klidna protahovaci,Joga zeleny sal
11.04.2017 09:20,13.04.2017,Jemna joga,19:35,20:35,4,20,Andrea Krizova,klidna protahovaci,Joga zeleny sal
13.04.2017 06:08,13.04.2017,Jemna joga,19:35,20:35,5,20,Andrea Krizova,klidna protahovaci,Joga zeleny sal
09.04.2017 17:19,13.04.2017,Hot joga,19:45,21:15,0,30,Monika Stuart,klidna protahovaci,Hot-joga
10.04.2017 03:57,13.04.2017,Hot joga,19:45,21:15,0,30,Andrea Hraskova,klidna protahovaci,Hot-joga
11.04.2017 04:10,13.04.2017,Hot joga,19:45,21:15,1,30,Andrea Hraskova,klidna protahovaci,Hot-joga
11.04.2017 04:18,13.04.2017,Hot joga,19:45,21:15,2,30,Andrea Hraskova,klidna protahovaci,Hot-joga
12.04.2017 15:42,13.04.2017,Hot joga,19:45,21:15,3,30,Andrea Hraskova,klidna protahovaci,Hot-joga
13.04.2017 11:09,13.04.2017,Hot joga,19:45,21:15,4,30,Andrea Hraskova,klidna protahovaci,Hot-joga
13.04.2017 12:55,13.04.2017,Hot joga,19:45,21:15,6,30,Andrea Hraskova,klidna protahovaci,Hot-joga
13.04.2017 13:21,13.04.2017,Hot joga,19:45,21:15,5,30,Andrea Hraskova,klidna protahovaci,Hot-joga
13.04.2017 13:22,13.04.2017,Hot joga,19:45,21:15,7,30,Andrea Hraskova,klidna protahovaci,Hot-joga
09.04.2017 17:19,13.04.2017,Powerjoga,7:00,8:00,0,20,Alexandra Mandova,dynamicka posilovaci,Joga zeleny sal
10.04.2017 08:00,13.04.2017,Powerjoga,7:00,8:00,1,20,Alexandra Mandova,dynamicka posilovaci,Joga zeleny sal
10.04.2017 08:37,13.04.2017,Powerjoga,7:00,8:00,2,20,Alexandra Mandova,dynamicka posilovaci,Joga zeleny sal
12.04.2017 02:39,13.04.2017,Powerjoga,7:00,8:00,3,20,Alexandra Mandova,dynamicka posilovaci,Joga zeleny sal
12.04.2017 08:58,13.04.2017,Powerjoga,7:00,8:00,4,20,Alexandra Mandova,dynamicka posilovaci,Joga zeleny sal
12.04.2017 09:42,13.04.2017,Powerjoga,7:00,8:00,5,20,Alexandra Mandova,dynamicka posilovaci,Joga zeleny sal
12.04.2017 09:50,13.04.2017,Powerjoga,7:00,8:00,6,20,Alexandra Mandova,dynamicka posilovaci,Joga zeleny sal
12.04.2017 09:55,13.04.2017,Powerjoga,7:00,8:00,7,20,Alexandra Mandova,dynamicka posilovaci,Joga zeleny sal
12.04.2017 12:30,13.04.2017,Powerjoga,7:00,8:00,8,20,Alexandra Mandova,dynamicka posilovaci,Joga zeleny sal
09.04.2017 17:19,13.04.2017,Jemna joga,8:00,9:00,1,30,Blanka Lorencova,zacatecnici,Joga modry sal
11.04.2017 06:53,13.04.2017,Jemna joga,8:00,9:00,2,30,Blanka Lorencova,zacatecnici,Joga modry sal
12.04.2017 13:35,13.04.2017,Jemna joga,8:00,9:00,3,30,Blanka Lorencova,zacatecnici,Joga modry sal
09.04.2017 17:19,13.04.2017,Hatha joga - vhodna i pro zacatecniky,8:05,8:50,4,20,Alexandra Mandova,klidna protahovaci,Joga zeleny sal
10.04.2017 02:03,13.04.2017,Hatha joga - vhodna i pro zacatecniky,8:05,8:50,5,20,Alexandra Mandova,klidna protahovaci,Joga zeleny sal
10.04.2017 02:04,13.04.2017,Hatha joga - vhodna i pro zacatecniky,8:05,8:50,6,20,Alexandra Mandova,klidna protahovaci,Joga zeleny sal
12.04.2017 10:28,13.04.2017,Hatha joga - vhodna i pro zacatecniky,8:05,8:50,7,20,Alexandra Mandova,klidna protahovaci,Joga zeleny sal
13.04.2017 00:18,13.04.2017,Hatha joga - vhodna i pro zacatecniky,8:05,8:50,9,20,Alexandra Mandova,klidna protahovaci,Joga zeleny sal
13.04.2017 01:15,13.04.2017,Hatha joga - vhodna i pro zacatecniky,8:05,8:50,10,20,Alexandra Mandova,klidna protahovaci,Joga zeleny sal
09.04.2017 17:19,13.04.2017,Zdrava zada,9:05,10:05,1,30,Blanka Lorencova,zdravotni,Joga modry sal
11.04.2017 06:54,13.04.2017,Zdrava zada,9:05,10:05,2,30,Blanka Lorencova,zdravotni,Joga modry sal
12.04.2017 03:52,13.04.2017,Zdrava zada,9:05,10:05,3,30,Blanka Lorencova,zdravotni,Joga modry sal
12.04.2017 04:40,13.04.2017,Zdrava zada,9:05,10:05,4,30,Blanka Lorencova,zdravotni,Joga modry sal
12.04.2017 13:05,13.04.2017,Zdrava zada,9:05,10:05,5,30,Blanka Lorencova,zdravotni,Joga modry sal
12.04.2017 13:35,13.04.2017,Zdrava zada,9:05,10:05,6,30,Blanka Lorencova,zdravotni,Joga modry sal
12.04.2017 16:17,13.04.2017,Zdrava zada,9:05,10:05,7,30,Blanka Lorencova,zdravotni,Joga modry sal
13.04.2017 00:25,13.04.2017,Zdrava zada,9:05,10:05,8,30,Blanka Lorencova,zdravotni,Joga modry sal
13.04.2017 01:59,13.04.2017,Zdrava zada,9:05,10:05,9,30,Blanka Lorencova,zdravotni,Joga modry sal
13.04.2017 02:06,13.04.2017,Zdrava zada,9:05,10:05,10,30,Blanka Lorencova,zdravotni,Joga modry sal
09.04.2017 17:19,14.04.2017,Hot joga,10:00,11:00,4,30,Vera Vojtechova,zacatecnici,Hot-joga
11.04.2017 02:51,14.04.2017,Hot joga,10:00,11:00,5,30,Vera Vojtechova,zacatecnici,Hot-joga
11.04.2017 06:39,14.04.2017,Hot joga,10:00,11:00,6,30,Vera Vojtechova,zacatecnici,Hot-joga
11.04.2017 09:19,14.04.2017,Hot joga,10:00,11:00,7,30,Vera Vojtechova,zacatecnici,Hot-joga
12.04.2017 04:46,14.04.2017,Hot joga,10:00,11:00,8,30,Vera Vojtechova,zacatecnici,Hot-joga
12.04.2017 13:01,14.04.2017,Hot joga,10:00,11:00,9,30,Vera Vojtechova,zacatecnici,Hot-joga
12.04.2017 13:35,14.04.2017,Hot joga,10:00,11:00,10,30,Vera Vojtechova,zacatecnici,Hot-joga
13.04.2017 07:54,14.04.2017,Hot joga,10:00,11:00,11,30,Vera Vojtechova,zacatecnici,Hot-joga
13.04.2017 11:19,14.04.2017,Hot joga,10:00,11:00,12,30,Vera Vojtechova,zacatecnici,Hot-joga
13.04.2017 13:32,14.04.2017,Hot joga,10:00,11:00,13,30,Vera Vojtechova,zacatecnici,Hot-joga
13.04.2017 13:54,14.04.2017,Hot joga,10:00,11:00,14,30,Vera Vojtechova,zacatecnici,Hot-joga
13.04.2017 14:33,14.04.2017,Hot joga,10:00,11:00,15,30,Vera Vojtechova,zacatecnici,Hot-joga
14.04.2017 03:32,14.04.2017,Hot joga,10:00,11:00,16,30,Vera Vojtechova,zacatecnici,Hot-joga
09.04.2017 17:19,14.04.2017,Jogova terapie - sal je mirne vyhraty,11:15,12:15,10,20,Vera Vojtechova,zdravotni,Joga modry sal
11.04.2017 04:49,14.04.2017,Jogova terapie - sal je mirne vyhraty,11:15,12:15,11,20,Vera Vojtechova,zdravotni,Joga modry sal
11.04.2017 05:15,14.04.2017,Jogova terapie - sal je mirne vyhraty,11:15,12:15,12,20,Vera Vojtechova,zdravotni,Joga modry sal
11.04.2017 13:00,14.04.2017,Jogova terapie - sal je mirne vyhraty,11:15,12:15,13,20,Vera Vojtechova,zdravotni,Joga modry sal
12.04.2017 08:47,14.04.2017,Jogova terapie - sal je mirne vyhraty,11:15,12:15,14,20,Vera Vojtechova,zdravotni,Joga modry sal
13.04.2017 13:50,14.04.2017,Jogova terapie - sal je mirne vyhraty,11:15,12:15,15,20,Vera Vojtechova,zdravotni,Joga modry sal
13.04.2017 17:47,14.04.2017,Jogova terapie - sal je mirne vyhraty,11:15,12:15,16,20,Vera Vojtechova,zdravotni,Joga modry sal
09.04.2017 17:19,14.04.2017,Powerjoga,11:25,12:10,0,20,Tomas  Helbig,zacatecnici,Joga zeleny sal
09.04.2017 17:19,14.04.2017,Powerjoga,12:15,13:00,0,20,Tomas  Helbig,dynamicka posilovaci,Joga zeleny sal
12.04.2017 03:39,14.04.2017,Powerjoga,12:15,13:00,1,20,Tomas  Helbig,dynamicka posilovaci,Joga zeleny sal
09.04.2017 17:19,14.04.2017,Hatha joga,14:10,15:10,0,20,Sandra Justova,zacatecnici,Joga zeleny sal
12.04.2017 05:06,14.04.2017,Hatha joga,14:10,15:10,1,20,Sandra Justova,zacatecnici,Joga zeleny sal
13.04.2017 05:17,14.04.2017,Hatha joga,14:10,15:10,2,20,Sandra Justova,zacatecnici,Joga zeleny sal
14.04.2017 03:33,14.04.2017,Hatha joga,14:10,15:10,3,20,Sandra Justova,zacatecnici,Joga zeleny sal
09.04.2017 17:19,14.04.2017,Joga pro zdrava zada,15:15,16:15,0,20,Katerina  Kornova,zdravotni,Joga zeleny sal
12.04.2017 06:38,14.04.2017,Joga pro zdrava zada,15:15,16:15,1,20,Katerina  Kornova,zdravotni,Joga zeleny sal
13.04.2017 00:10,14.04.2017,Joga pro zdrava zada,15:15,16:15,2,20,Katerina  Kornova,zdravotni,Joga zeleny sal
13.04.2017 14:07,14.04.2017,Joga pro zdrava zada,15:15,16:15,3,20,Katerina  Kornova,zdravotni,Joga zeleny sal
13.04.2017 14:14,14.04.2017,Joga pro zdrava zada,15:15,16:15,4,20,Katerina  Kornova,zdravotni,Joga zeleny sal
13.04.2017 15:00,14.04.2017,Joga pro zdrava zada,15:15,16:15,5,20,Katerina  Kornova,zdravotni,Joga zeleny sal
14.04.2017 05:39,14.04.2017,Joga pro zdrava zada,15:15,16:15,6,20,Katerina  Kornova,zdravotni,Joga zeleny sal
14.04.2017 07:32,14.04.2017,Joga pro zdrava zada,15:15,16:15,7,20,Katerina  Kornova,zdravotni,Joga zeleny sal
14.04.2017 08:32,14.04.2017,Joga pro zdrava zada,15:15,16:15,8,20,Katerina  Kornova,zdravotni,Joga zeleny sal
09.04.2017 17:19,14.04.2017,Jemna joga,16:20,17:20,0,20,Katerina  Kornova,klidna protahovaci,Joga zeleny sal
10.04.2017 06:55,14.04.2017,Jemna joga,16:20,17:20,1,20,Katerina  Kornova,klidna protahovaci,Joga zeleny sal
09.04.2017 17:19,14.04.2017,Powerjoga,17:25,18:25,0,20,Hana Hruskova CJ / EN,dynamicka posilovaci,Joga zeleny sal
10.04.2017 07:59,14.04.2017,Powerjoga,17:25,18:25,1,20,Hana Hruskova CJ / EN,dynamicka posilovaci,Joga zeleny sal
12.04.2017 13:11,14.04.2017,Powerjoga,17:25,18:25,2,20,Hana Hruskova CJ / EN,dynamicka posilovaci,Joga zeleny sal
13.04.2017 07:11,14.04.2017,Powerjoga,17:25,18:25,3,20,Hana Hruskova CJ / EN,dynamicka posilovaci,Joga zeleny sal
13.04.2017 15:22,14.04.2017,Powerjoga,17:25,18:25,4,20,Hana Hruskova CJ / EN,dynamicka posilovaci,Joga zeleny sal
14.04.2017 10:20,14.04.2017,Powerjoga,17:25,18:25,5,20,Hana Hruskova CJ / EN,dynamicka posilovaci,Joga zeleny sal
09.04.2017 17:19,14.04.2017,Ashtanga joga - vhodna i pro zacatecniky,18:30,20:00,2,20,Hana Hruskova CJ / EN,zacatecnici,Joga zeleny sal
12.04.2017 03:12,14.04.2017,Ashtanga joga - vhodna i pro zacatecniky,18:30,20:00,1,20,Hana Hruskova CJ / EN,zacatecnici,Joga zeleny sal
13.04.2017 09:01,14.04.2017,Ashtanga joga - vhodna i pro zacatecniky,18:30,20:00,3,20,Hana Hruskova CJ / EN,zacatecnici,Joga zeleny sal
13.04.2017 14:26,14.04.2017,Ashtanga joga - vhodna i pro zacatecniky,18:30,20:00,4,20,Hana Hruskova CJ / EN,zacatecnici,Joga zeleny sal
14.04.2017 01:51,14.04.2017,Ashtanga joga - vhodna i pro zacatecniky,18:30,20:00,5,20,Hana Hruskova CJ / EN,zacatecnici,Joga zeleny sal
14.04.2017 06:28,14.04.2017,Ashtanga joga - vhodna i pro zacatecniky,18:30,20:00,6,20,Hana Hruskova CJ / EN,zacatecnici,Joga zeleny sal
14.04.2017 06:49,14.04.2017,Ashtanga joga - vhodna i pro zacatecniky,18:30,20:00,7,20,Hana Hruskova CJ / EN,zacatecnici,Joga zeleny sal
14.04.2017 10:02,14.04.2017,Ashtanga joga - vhodna i pro zacatecniky,18:30,20:00,8,20,Hana Hruskova CJ / EN,zacatecnici,Joga zeleny sal
14.04.2017 10:21,14.04.2017,Ashtanga joga - vhodna i pro zacatecniky,18:30,20:00,9,20,Hana Hruskova CJ / EN,zacatecnici,Joga zeleny sal
14.04.2017 11:13,14.04.2017,Ashtanga joga - vhodna i pro zacatecniky,18:30,20:00,10,20,Hana Hruskova CJ / EN,zacatecnici,Joga zeleny sal
14.04.2017 11:36,14.04.2017,Ashtanga joga - vhodna i pro zacatecniky,18:30,20:00,11,20,Hana Hruskova CJ / EN,zacatecnici,Joga zeleny sal
09.04.2017 17:19,14.04.2017,Hatha joga,7:00,8:00,2,20,Alexandra Mandova,zacatecnici,Joga zeleny sal
11.04.2017 12:21,14.04.2017,Hatha joga,7:00,8:00,1,20,Alexandra Mandova,zacatecnici,Joga zeleny sal
12.04.2017 09:32,14.04.2017,Hatha joga ZASKOK,7:00,8:00,1,20,Aylin Akyolova,zacatecnici,Joga zeleny sal
13.04.2017 23:02,14.04.2017,Hatha joga ZASKOK,7:00,8:00,0,20,Aylin Akyolova,zacatecnici,Joga zeleny sal
09.04.2017 17:19,14.04.2017,Jemna joga,8:05,8:50,1,20,Alexandra Mandova,klidna protahovaci,Joga zeleny sal
12.04.2017 05:09,14.04.2017,Jemna joga,8:05,8:50,2,20,Alexandra Mandova,klidna protahovaci,Joga zeleny sal
12.04.2017 09:33,14.04.2017,Jemna joga ZASKOK,8:05,8:50,2,20,Aylin Akyolova,klidna protahovaci,Joga zeleny sal
13.04.2017 02:51,14.04.2017,Jemna joga ZASKOK,8:05,8:50,1,20,Aylin Akyolova,klidna protahovaci,Joga zeleny sal
09.04.2017 17:19,15.04.2017,Powerjoga,10:20,11:20,0,20,Martina Dvorakova,dynamicka posilovaci,Joga zeleny sal
13.04.2017 16:08,15.04.2017,Powerjoga,10:20,11:20,1,20,Martina Dvorakova,dynamicka posilovaci,Joga zeleny sal
14.04.2017 07:28,15.04.2017,Powerjoga,10:20,11:20,3,20,Martina Dvorakova,dynamicka posilovaci,Joga zeleny sal
14.04.2017 15:26,15.04.2017,Powerjoga,10:20,11:20,4,20,Martina Dvorakova,dynamicka posilovaci,Joga zeleny sal
15.04.2017 03:12,15.04.2017,Powerjoga,10:20,11:20,5,20,Martina Dvorakova,dynamicka posilovaci,Joga zeleny sal
09.04.2017 17:19,15.04.2017,Hatha joga,11:30,13:00,1,20,Tomas  Helbig,zacatecnici,Joga zeleny sal
14.04.2017 01:33,15.04.2017,Hatha joga,11:30,13:00,2,20,Tomas  Helbig,zacatecnici,Joga zeleny sal
14.04.2017 04:06,15.04.2017,Hatha joga,11:30,13:00,4,20,Tomas  Helbig,zacatecnici,Joga zeleny sal
14.04.2017 07:45,15.04.2017,Hatha joga,11:30,13:00,5,20,Tomas  Helbig,zacatecnici,Joga zeleny sal
14.04.2017 08:15,15.04.2017,Hatha joga,11:30,13:00,6,20,Tomas  Helbig,zacatecnici,Joga zeleny sal
14.04.2017 15:30,15.04.2017,Hatha joga,11:30,13:00,7,20,Tomas  Helbig,zacatecnici,Joga zeleny sal
15.04.2017 04:41,15.04.2017,Hatha joga,11:30,13:00,8,20,Tomas  Helbig,zacatecnici,Joga zeleny sal
15.04.2017 04:42,15.04.2017,Hatha joga,11:30,13:00,9,20,Tomas  Helbig,zacatecnici,Joga zeleny sal
15.04.2017 04:43,15.04.2017,Hatha joga,11:30,13:00,10,20,Tomas  Helbig,zacatecnici,Joga zeleny sal
09.04.2017 17:19,15.04.2017,Jemna joga,13:05,14:05,0,20,Tomas  Helbig,klidna protahovaci,Joga zeleny sal
09.04.2017 17:19,15.04.2017,Hatha joga,14:15,15:45,0,20,Milana Jermanova,klidna protahovaci,Joga zeleny sal
09.04.2017 17:19,15.04.2017,Powerjoga,15:50,16:50,1,20,Veronika  Brozova CJ / EN,dynamicka posilovaci,Joga zeleny sal
14.04.2017 07:34,15.04.2017,Powerjoga,15:50,16:50,3,20,Veronika  Brozova CJ / EN,dynamicka posilovaci,Joga zeleny sal
14.04.2017 08:44,15.04.2017,Powerjoga,15:50,16:50,4,20,Veronika  Brozova CJ / EN,dynamicka posilovaci,Joga zeleny sal
14.04.2017 13:40,15.04.2017,Powerjoga,15:50,16:50,5,20,Veronika  Brozova CJ / EN,dynamicka posilovaci,Joga zeleny sal
09.04.2017 17:19,15.04.2017,Jemna joga,17:00,18:30,0,20,Veronika  Brozova CJ / EN,klidna protahovaci,Joga zeleny sal
13.04.2017 09:35,15.04.2017,Jemna joga,17:00,18:30,1,20,Veronika  Brozova CJ / EN,klidna protahovaci,Joga zeleny sal
14.04.2017 04:16,15.04.2017,Jemna joga,17:00,18:30,3,20,Veronika  Brozova CJ / EN,klidna protahovaci,Joga zeleny sal
15.04.2017 06:44,15.04.2017,Jemna joga,17:00,18:30,4,20,Veronika  Brozova CJ / EN,klidna protahovaci,Joga zeleny sal
15.04.2017 09:07,15.04.2017,Jemna joga,17:00,18:30,5,20,Veronika  Brozova CJ / EN,klidna protahovaci,Joga zeleny sal
15.04.2017 09:51,15.04.2017,Jemna joga,17:00,18:30,6,20,Veronika  Brozova CJ / EN,klidna protahovaci,Joga zeleny sal
15.04.2017 10:01,15.04.2017,Jemna joga,17:00,18:30,7,20,Veronika  Brozova CJ / EN,klidna protahovaci,Joga zeleny sal
15.04.2017 10:16,15.04.2017,Jemna joga,17:00,18:30,9,20,Veronika  Brozova CJ / EN,klidna protahovaci,Joga zeleny sal
09.04.2017 17:19,15.04.2017,Hatha joga,9:15,10:15,1,20,Martina Dvorakova,klidna protahovaci,Joga zeleny sal
14.04.2017 11:22,15.04.2017,Hatha joga,9:15,10:15,2,20,Martina Dvorakova,klidna protahovaci,Joga zeleny sal
09.04.2017 17:19,16.04.2017,Masterclass pro mirne a stredne pokrocile: Surya Namaskar,13:45,16:45,10,20,Marketa Makovska CJ / EN,dynamicka posilovaci,Joga zeleny sal
10.04.2017 08:17,16.04.2017,Masterclass pro mirne a stredne pokrocile: Surya Namaskar,13:45,16:45,9,20,Marketa Makovska CJ / EN,dynamicka posilovaci,Joga zeleny sal
11.04.2017 14:05,16.04.2017,Masterclass pro mirne a stredne pokrocile: Surya Namaskar,13:45,16:45,11,20,Marketa Makovska CJ / EN,dynamicka posilovaci,Joga zeleny sal
13.04.2017 07:10,16.04.2017,Masterclass pro mirne a stredne pokrocile: Surya Namaskar,13:45,16:45,12,20,Marketa Makovska CJ / EN,dynamicka posilovaci,Joga zeleny sal
14.04.2017 03:27,16.04.2017,Masterclass pro mirne a stredne pokrocile: Surya Namaskar,13:45,16:45,13,20,Marketa Makovska CJ / EN,dynamicka posilovaci,Joga zeleny sal
14.04.2017 05:15,16.04.2017,Masterclass pro mirne a stredne pokrocile: Surya Namaskar,13:45,16:45,14,20,Marketa Makovska CJ / EN,dynamicka posilovaci,Joga zeleny sal
14.04.2017 06:12,16.04.2017,Masterclass pro mirne a stredne pokrocile: Surya Namaskar,13:45,16:45,16,20,Marketa Makovska CJ / EN,dynamicka posilovaci,Joga zeleny sal
14.04.2017 12:52,16.04.2017,Masterclass pro mirne a stredne pokrocile: Surya Namaskar,13:45,16:45,18,20,Marketa Makovska CJ / EN,dynamicka posilovaci,Joga zeleny sal
14.04.2017 12:53,16.04.2017,Masterclass pro mirne a stredne pokrocile: Surya Namaskar,13:45,16:45,19,20,Marketa Makovska CJ / EN,dynamicka posilovaci,Joga zeleny sal
14.04.2017 12:54,16.04.2017,Masterclass pro mirne a stredne pokrocile: Surya Namaskar,13:45,16:45,17,20,Marketa Makovska CJ / EN,dynamicka posilovaci,Joga zeleny sal
16.04.2017 06:39,16.04.2017,Masterclass pro mirne a stredne pokrocile: Surya Namaskar,13:45,16:45,15,20,Marketa Makovska CJ / EN,dynamicka posilovaci,Joga zeleny sal
09.04.2017 17:19,16.04.2017,Hot joga,16:45,18:15,3,30,Alexandra Mandova,zacatecnici,Hot-joga
10.04.2017 13:21,16.04.2017,Hot joga,16:45,18:15,4,30,Alexandra Mandova,zacatecnici,Hot-joga
10.04.2017 14:23,16.04.2017,Hot joga,16:45,18:15,5,30,Alexandra Mandova,zacatecnici,Hot-joga
11.04.2017 08:08,16.04.2017,Hot joga,16:45,18:15,6,30,Alexandra Mandova,zacatecnici,Hot-joga
11.04.2017 12:13,16.04.2017,Hot joga,16:45,18:15,7,30,Alexandra Mandova,zacatecnici,Hot-joga
12.04.2017 03:30,16.04.2017,Hot joga,16:45,18:15,8,30,Alexandra Mandova,zacatecnici,Hot-joga
12.04.2017 03:35,16.04.2017,Hot joga,16:45,18:15,9,30,Alexandra Mandova,zacatecnici,Hot-joga
12.04.2017 06:23,16.04.2017,Hot joga,16:45,18:15,10,30,Alexandra Mandova,zacatecnici,Hot-joga
13.04.2017 04:22,16.04.2017,Hot joga,16:45,18:15,11,30,Alexandra Mandova,zacatecnici,Hot-joga
13.04.2017 09:38,16.04.2017,Hot joga,16:45,18:15,12,30,Alexandra Mandova,zacatecnici,Hot-joga
13.04.2017 10:16,16.04.2017,Hot joga,16:45,18:15,13,30,Alexandra Mandova,zacatecnici,Hot-joga
14.04.2017 13:56,16.04.2017,Hot joga,16:45,18:15,14,30,Alexandra Mandova,zacatecnici,Hot-joga
15.04.2017 03:07,16.04.2017,Hot joga,16:45,18:15,15,30,Alexandra Mandova,zacatecnici,Hot-joga
15.04.2017 04:20,16.04.2017,Hot joga,16:45,18:15,16,30,Alexandra Mandova,zacatecnici,Hot-joga
15.04.2017 05:42,16.04.2017,Hot joga,16:45,18:15,17,30,Alexandra Mandova,zacatecnici,Hot-joga
16.04.2017 01:46,16.04.2017,Hot joga,16:45,18:15,18,30,Alexandra Mandova,zacatecnici,Hot-joga
16.04.2017 03:05,16.04.2017,Hot joga,16:45,18:15,19,30,Alexandra Mandova,zacatecnici,Hot-joga
16.04.2017 03:08,16.04.2017,Hot joga,16:45,18:15,20,30,Alexandra Mandova,zacatecnici,Hot-joga
16.04.2017 08:35,16.04.2017,Hot joga,16:45,18:15,21,30,Alexandra Mandova,zacatecnici,Hot-joga
16.04.2017 08:45,16.04.2017,Hot joga,16:45,18:15,22,30,Alexandra Mandova,zacatecnici,Hot-joga
16.04.2017 08:47,16.04.2017,Hot joga,16:45,18:15,23,30,Alexandra Mandova,zacatecnici,Hot-joga
16.04.2017 09:08,16.04.2017,Hot joga,16:45,18:15,24,30,Alexandra Mandova,zacatecnici,Hot-joga
16.04.2017 09:09,16.04.2017,Hot joga,16:45,18:15,25,30,Alexandra Mandova,zacatecnici,Hot-joga
16.04.2017 09:11,16.04.2017,Hot joga,16:45,18:15,26,30,Alexandra Mandova,zacatecnici,Hot-joga
16.04.2017 09:19,16.04.2017,Hot joga,16:45,18:15,27,30,Alexandra Mandova,zacatecnici,Hot-joga
16.04.2017 09:24,16.04.2017,Hot joga,16:45,18:15,28,30,Alexandra Mandova,zacatecnici,Hot-joga
16.04.2017 09:53,16.04.2017,Hot joga,16:45,18:15,29,30,Alexandra Mandova,zacatecnici,Hot-joga
09.04.2017 17:19,16.04.2017,Hatha joga,17:00,18:00,2,20,Tomas  Helbig,klidna protahovaci,Joga zeleny sal
10.04.2017 10:37,16.04.2017,Hatha joga,17:00,18:00,3,20,Tomas  Helbig,klidna protahovaci,Joga zeleny sal
12.04.2017 11:43,16.04.2017,Hatha joga,17:00,18:00,4,20,Tomas  Helbig,klidna protahovaci,Joga zeleny sal
13.04.2017 09:01,16.04.2017,Hatha joga,17:00,18:00,5,20,Tomas  Helbig,klidna protahovaci,Joga zeleny sal
16.04.2017 09:33,16.04.2017,Hatha joga,17:00,18:00,6,20,Tomas  Helbig,klidna protahovaci,Joga zeleny sal
16.04.2017 09:36,16.04.2017,Hatha joga,17:00,18:00,7,20,Tomas  Helbig,klidna protahovaci,Joga zeleny sal
09.04.2017 17:19,16.04.2017,Powerjoga - vhodna i pro zacatecniky,18:10,19:40,19,20,Petra Tomkova,dynamicka posilovaci,Joga zeleny sal
10.04.2017 12:29,16.04.2017,Powerjoga - vhodna i pro zacatecniky,18:10,19:40,20,20,Petra Tomkova,dynamicka posilovaci,Joga zeleny sal
15.04.2017 23:26,16.04.2017,Powerjoga - vhodna i pro zacatecniky,18:10,19:40,18,20,Petra Tomkova,dynamicka posilovaci,Joga zeleny sal
09.04.2017 17:19,16.04.2017,Hot joga,18:30,19:30,0,30,Alexandra Mandova,dynamicka posilovaci,Hot-joga
14.04.2017 13:55,16.04.2017,Hot joga,18:30,19:30,1,30,Alexandra Mandova,dynamicka posilovaci,Hot-joga
15.04.2017 15:05,16.04.2017,Hot joga,18:30,19:30,2,30,Alexandra Mandova,dynamicka posilovaci,Hot-joga
15.04.2017 16:33,16.04.2017,Hot joga,18:30,19:30,3,30,Alexandra Mandova,dynamicka posilovaci,Hot-joga
16.04.2017 02:40,16.04.2017,Hot joga,18:30,19:30,4,30,Alexandra Mandova,dynamicka posilovaci,Hot-joga
16.04.2017 07:53,16.04.2017,Hot joga,18:30,19:30,5,30,Alexandra Mandova,dynamicka posilovaci,Hot-joga
16.04.2017 10:19,16.04.2017,Hot joga,18:30,19:30,6,30,Alexandra Mandova,dynamicka posilovaci,Hot-joga
16.04.2017 11:53,16.04.2017,Hot joga,18:30,19:30,7,30,Alexandra Mandova,dynamicka posilovaci,Hot-joga
16.04.2017 12:44,16.04.2017,Hot joga,18:30,19:30,8,30,Alexandra Mandova,dynamicka posilovaci,Hot-joga
09.04.2017 17:19,16.04.2017,Intenzivni kurz jogy - uzavreny kurz,19:45,21:15,0,0,Katka  Prymkova  CJ / EN,,Joga zeleny sal
16.04.2017 17:17,17.04.2017,Power joga,11:25,12:10,3,20,Tomas  Helbig,dynamicka posilovaci,Joga zeleny sal
17.04.2017 01:38,17.04.2017,Power joga,11:25,12:10,4,20,Tomas  Helbig,dynamicka posilovaci,Joga zeleny sal
17.04.2017 01:39,17.04.2017,Power joga,11:25,12:10,5,20,Tomas  Helbig,dynamicka posilovaci,Joga zeleny sal
17.04.2017 05:23,17.04.2017,Power joga,11:25,12:10,6,20,Tomas  Helbig,dynamicka posilovaci,Joga zeleny sal
16.04.2017 17:17,17.04.2017,Powerjoga,12:15,13:00,2,20,Tomas  Helbig,zacatecnici,Joga zeleny sal
17.04.2017 02:10,17.04.2017,Powerjoga,12:15,13:00,3,20,Tomas  Helbig,zacatecnici,Joga zeleny sal
17.04.2017 05:08,17.04.2017,Powerjoga,12:15,13:00,4,20,Tomas  Helbig,zacatecnici,Joga zeleny sal
17.04.2017 05:22,17.04.2017,Powerjoga,12:15,13:00,5,20,Tomas  Helbig,zacatecnici,Joga zeleny sal
17.04.2017 05:44,17.04.2017,Powerjoga,12:15,13:00,7,20,Tomas  Helbig,zacatecnici,Joga zeleny sal
16.04.2017 17:17,17.04.2017,Jemna joga,15:05,16:05,3,20,Vera Vojtechova,klidna protahovaci,Joga zeleny sal
17.04.2017 05:01,17.04.2017,Jemna joga,15:05,16:05,4,20,Vera Vojtechova,klidna protahovaci,Joga zeleny sal
17.04.2017 07:08,17.04.2017,Jemna joga,15:05,16:05,5,20,Vera Vojtechova,klidna protahovaci,Joga zeleny sal
17.04.2017 07:32,17.04.2017,Jemna joga,15:05,16:05,6,20,Vera Vojtechova,klidna protahovaci,Joga zeleny sal
17.04.2017 07:33,17.04.2017,Jemna joga,15:05,16:05,7,20,Vera Vojtechova,klidna protahovaci,Joga zeleny sal
16.04.2017 17:17,17.04.2017,Joga pro zdrava zada - vhodna pro zacatecniky,16:10,17:10,7,20,Vera Vojtechova,zdravotni,Joga zeleny sal
16.04.2017 23:53,17.04.2017,Joga pro zdrava zada - vhodna pro zacatecniky,16:10,17:10,8,20,Vera Vojtechova,zdravotni,Joga zeleny sal
17.04.2017 04:14,17.04.2017,Joga pro zdrava zada - vhodna pro zacatecniky,16:10,17:10,9,20,Vera Vojtechova,zdravotni,Joga zeleny sal
17.04.2017 06:41,17.04.2017,Joga pro zdrava zada - vhodna pro zacatecniky,16:10,17:10,11,20,Vera Vojtechova,zdravotni,Joga zeleny sal
17.04.2017 06:50,17.04.2017,Joga pro zdrava zada - vhodna pro zacatecniky,16:10,17:10,12,20,Vera Vojtechova,zdravotni,Joga zeleny sal
17.04.2017 06:57,17.04.2017,Joga pro zdrava zada - vhodna pro zacatecniky,16:10,17:10,13,20,Vera Vojtechova,zdravotni,Joga zeleny sal
17.04.2017 07:46,17.04.2017,Joga pro zdrava zada - vhodna pro zacatecniky,16:10,17:10,14,20,Vera Vojtechova,zdravotni,Joga zeleny sal
17.04.2017 07:51,17.04.2017,Joga pro zdrava zada - vhodna pro zacatecniky,16:10,17:10,15,20,Vera Vojtechova,zdravotni,Joga zeleny sal
17.04.2017 09:28,17.04.2017,Joga pro zdrava zada - vhodna pro zacatecniky,16:10,17:10,16,20,Vera Vojtechova,zdravotni,Joga zeleny sal
16.04.2017 17:17,17.04.2017,Hot joga,16:40,17:40,4,30,Veronika  Brozova CJ / EN,zacatecnici,Hot-joga
17.04.2017 04:45,17.04.2017,Hot joga,16:40,17:40,3,30,Veronika  Brozova CJ / EN,zacatecnici,Hot-joga
17.04.2017 08:50,17.04.2017,Hot joga,16:40,17:40,5,30,Veronika  Brozova CJ / EN,zacatecnici,Hot-joga
17.04.2017 09:46,17.04.2017,Hot joga,16:40,17:40,6,30,Veronika  Brozova CJ / EN,zacatecnici,Hot-joga
16.04.2017 17:17,17.04.2017,Ashtanga joga,17:20,18:50,2,20,Katka  Prymkova  CJ / EN,dynamicka posilovaci,Joga zeleny sal
17.04.2017 02:33,17.04.2017,Ashtanga joga,17:20,18:50,3,20,Katka  Prymkova  CJ / EN,dynamicka posilovaci,Joga zeleny sal
17.04.2017 04:24,17.04.2017,Ashtanga joga,17:20,18:50,4,20,Katka  Prymkova  CJ / EN,dynamicka posilovaci,Joga zeleny sal
17.04.2017 06:10,17.04.2017,Ashtanga joga,17:20,18:50,5,20,Katka  Prymkova  CJ / EN,dynamicka posilovaci,Joga zeleny sal
17.04.2017 09:45,17.04.2017,Ashtanga joga,17:20,18:50,6,20,Katka  Prymkova  CJ / EN,dynamicka posilovaci,Joga zeleny sal
16.04.2017 17:17,17.04.2017,Hot joga,18:00,19:30,11,30,Monika Stuart,klidna protahovaci,Hot-joga
17.04.2017 02:28,17.04.2017,Hot joga,18:00,19:30,12,30,Monika Stuart,klidna protahovaci,Hot-joga
17.04.2017 03:16,17.04.2017,Hot joga,18:00,19:30,13,30,Monika Stuart,klidna protahovaci,Hot-joga
17.04.2017 05:03,17.04.2017,Hot joga,18:00,19:30,14,30,Monika Stuart,klidna protahovaci,Hot-joga
16.04.2017 17:17,17.04.2017,Hatha joga,18:55,19:55,5,20,Katka  Prymkova  CJ / EN,klidna protahovaci,Joga zeleny sal
17.04.2017 09:26,17.04.2017,Hatha joga,18:55,19:55,7,20,Katka  Prymkova  CJ / EN,klidna protahovaci,Joga zeleny sal
17.04.2017 09:28,17.04.2017,Hatha joga,18:55,19:55,6,20,Katka  Prymkova  CJ / EN,klidna protahovaci,Joga zeleny sal
17.04.2017 11:24,17.04.2017,Hatha joga,18:55,19:55,8,20,Katka  Prymkova  CJ / EN,klidna protahovaci,Joga zeleny sal
16.04.2017 17:17,17.04.2017,Hot joga,19:45,21:15,5,30,Marketa  Samesova,dynamicka posilovaci,Hot-joga
17.04.2017 02:26,17.04.2017,Hot joga,19:45,21:15,4,30,Marketa  Samesova,dynamicka posilovaci,Hot-joga
17.04.2017 09:49,17.04.2017,Hot joga,19:45,21:15,6,30,Marketa  Samesova,dynamicka posilovaci,Hot-joga
17.04.2017 11:44,17.04.2017,Hot joga,19:45,21:15,7,30,Marketa  Samesova,dynamicka posilovaci,Hot-joga
17.04.2017 11:50,17.04.2017,Hot joga,19:45,21:15,8,30,Marketa  Samesova,dynamicka posilovaci,Hot-joga
17.04.2017 12:27,17.04.2017,Hot joga,19:45,21:15,9,30,Marketa  Samesova,dynamicka posilovaci,Hot-joga
16.04.2017 17:17,17.04.2017,Powerjoga,7:00,8:00,0,20,Eva Dornakova CJ / NJ,zacatecnici,Joga zeleny sal
16.04.2017 17:17,17.04.2017,Hatha joga - vhodna i pro zacatecniky,8:05,8:50,2,20,Eva Dornakova CJ / NJ,klidna protahovaci,Joga zeleny sal
17.04.2017 01:03,17.04.2017,Hatha joga - vhodna i pro zacatecniky,8:05,8:50,3,20,Eva Dornakova CJ / NJ,klidna protahovaci,Joga zeleny sal
17.04.2017 01:41,17.04.2017,Hatha joga - vhodna i pro zacatecniky,8:05,8:50,4,20,Eva Dornakova CJ / NJ,klidna protahovaci,Joga zeleny sal
16.04.2017 17:17,18.04.2017,Jemna joga,10:20,11:20,2,20,Katerina  Kornova,klidna protahovaci,Joga zeleny sal
18.04.2017 01:05,18.04.2017,Jemna joga,10:20,11:20,1,20,Katerina  Kornova,klidna protahovaci,Joga zeleny sal
16.04.2017 17:17,18.04.2017,Joga pro seniory,10:35,11:35,1,30,Blanka Lorencova,klidna protahovaci,Joga modry sal
17.04.2017 02:00,18.04.2017,Joga pro seniory,10:35,11:35,2,30,Blanka Lorencova,klidna protahovaci,Joga modry sal
17.04.2017 12:06,18.04.2017,Joga pro seniory,10:35,11:35,3,30,Blanka Lorencova,klidna protahovaci,Joga modry sal
17.04.2017 15:37,18.04.2017,Joga pro seniory,10:35,11:35,4,30,Blanka Lorencova,klidna protahovaci,Joga modry sal
18.04.2017 01:03,18.04.2017,Joga pro seniory,10:35,11:35,5,30,Blanka Lorencova,klidna protahovaci,Joga modry sal
16.04.2017 17:17,18.04.2017,Joga pro zdrava zada,11:25,12:10,0,20,Katerina  Kornova,zdravotni,Joga zeleny sal
17.04.2017 00:26,18.04.2017,Joga pro zdrava zada,11:25,12:10,1,20,Katerina  Kornova,zdravotni,Joga zeleny sal
18.04.2017 02:59,18.04.2017,Joga pro zdrava zada,11:25,12:10,2,20,Katerina  Kornova,zdravotni,Joga zeleny sal
18.04.2017 03:14,18.04.2017,Joga pro zdrava zada,11:25,12:10,3,20,Katerina  Kornova,zdravotni,Joga zeleny sal
18.04.2017 03:59,18.04.2017,Joga pro zdrava zada,11:25,12:10,4,20,Katerina  Kornova,zdravotni,Joga zeleny sal
18.04.2017 04:46,18.04.2017,Joga pro zdrava zada,11:25,12:10,5,20,Katerina  Kornova,zdravotni,Joga zeleny sal
18.04.2017 04:50,18.04.2017,Joga pro zdrava zada,11:25,12:10,6,20,Katerina  Kornova,zdravotni,Joga zeleny sal
16.04.2017 17:17,18.04.2017,Powerjoga,11:40,12:25,0,30,Tomas  Helbig,zacatecnici,Joga modry sal
17.04.2017 07:51,18.04.2017,Powerjoga,11:40,12:25,1,30,Tomas  Helbig,zacatecnici,Joga modry sal
18.04.2017 04:03,18.04.2017,Powerjoga,11:40,12:25,2,30,Tomas  Helbig,zacatecnici,Joga modry sal
16.04.2017 17:17,18.04.2017,Joga pro zdrava zada,12:15,13:00,0,20,Katerina  Kornova,zdravotni,Joga zeleny sal
18.04.2017 03:23,18.04.2017,Joga pro zdrava zada,12:15,13:00,1,20,Katerina  Kornova,zdravotni,Joga zeleny sal
18.04.2017 03:26,18.04.2017,Joga pro zdrava zada,12:15,13:00,2,20,Katerina  Kornova,zdravotni,Joga zeleny sal
18.04.2017 03:36,18.04.2017,Joga pro zdrava zada,12:15,13:00,3,20,Katerina  Kornova,zdravotni,Joga zeleny sal
18.04.2017 05:24,18.04.2017,Joga pro zdrava zada,12:15,13:00,4,20,Katerina  Kornova,zdravotni,Joga zeleny sal
16.04.2017 17:17,18.04.2017,Powerjoga,12:30,13:15,1,30,Tomas  Helbig,dynamicka posilovaci,Joga modry sal
17.04.2017 02:53,18.04.2017,Powerjoga,12:30,13:15,2,30,Tomas  Helbig,dynamicka posilovaci,Joga modry sal
17.04.2017 12:00,18.04.2017,Powerjoga,12:30,13:15,3,30,Tomas  Helbig,dynamicka posilovaci,Joga modry sal
18.04.2017 01:34,18.04.2017,Powerjoga,12:30,13:15,4,30,Tomas  Helbig,dynamicka posilovaci,Joga modry sal
18.04.2017 02:00,18.04.2017,Powerjoga,12:30,13:15,5,30,Tomas  Helbig,dynamicka posilovaci,Joga modry sal
18.04.2017 02:15,18.04.2017,Powerjoga,12:30,13:15,6,30,Tomas  Helbig,dynamicka posilovaci,Joga modry sal
18.04.2017 03:18,18.04.2017,Powerjoga,12:30,13:15,7,30,Tomas  Helbig,dynamicka posilovaci,Joga modry sal
18.04.2017 03:31,18.04.2017,Powerjoga,12:30,13:15,8,30,Tomas  Helbig,dynamicka posilovaci,Joga modry sal
18.04.2017 04:48,18.04.2017,Powerjoga,12:30,13:15,9,30,Tomas  Helbig,dynamicka posilovaci,Joga modry sal
18.04.2017 05:18,18.04.2017,Powerjoga,12:30,13:15,10,30,Tomas  Helbig,dynamicka posilovaci,Joga modry sal
16.04.2017 17:17,18.04.2017,Powerjoga,15:15,16:15,0,20,Alexandra Mandova,dynamicka posilovaci,Joga zeleny sal
16.04.2017 17:17,18.04.2017,Hatha joga,16:20,17:20,14,20,Marketa  Samesova,klidna protahovaci,Joga zeleny sal
17.04.2017 07:19,18.04.2017,Hatha joga,16:20,17:20,13,20,Marketa  Samesova,klidna protahovaci,Joga zeleny sal
17.04.2017 13:31,18.04.2017,Hatha joga,16:20,17:20,15,20,Marketa  Samesova,klidna protahovaci,Joga zeleny sal
18.04.2017 03:39,18.04.2017,Hatha joga,16:20,17:20,12,20,Marketa  Samesova,klidna protahovaci,Joga zeleny sal
18.04.2017 07:35,18.04.2017,Hatha joga,16:20,17:20,11,20,Marketa  Samesova,klidna protahovaci,Joga zeleny sal
18.04.2017 07:55,18.04.2017,Hatha joga,16:20,17:20,10,20,Marketa  Samesova,klidna protahovaci,Joga zeleny sal
16.04.2017 17:17,18.04.2017,Hot joga,16:40,17:40,6,30,Alexandra Mandova,zacatecnici,Hot-joga
17.04.2017 13:53,18.04.2017,Hot joga,16:40,17:40,8,30,Alexandra Mandova,zacatecnici,Hot-joga
17.04.2017 14:22,18.04.2017,Hot joga,16:40,17:40,9,30,Alexandra Mandova,zacatecnici,Hot-joga
18.04.2017 01:00,18.04.2017,Hot joga,16:40,17:40,11,30,Alexandra Mandova,zacatecnici,Hot-joga
18.04.2017 02:56,18.04.2017,Hot joga,16:40,17:40,10,30,Alexandra Mandova,zacatecnici,Hot-joga
18.04.2017 08:41,18.04.2017,Hot joga,16:40,17:40,12,30,Alexandra Mandova,zacatecnici,Hot-joga
18.04.2017 09:50,18.04.2017,Hot joga,16:40,17:40,13,30,Alexandra Mandova,zacatecnici,Hot-joga
16.04.2017 17:17,18.04.2017,Jemna joga,17:25,18:25,20,20,Marketa  Samesova,zacatecnici,Joga zeleny sal
17.04.2017 16:33,18.04.2017,Jemna joga,17:25,18:25,19,20,Marketa  Samesova,zacatecnici,Joga zeleny sal
18.04.2017 03:21,18.04.2017,Jemna joga,17:25,18:25,18,20,Marketa  Samesova,zacatecnici,Joga zeleny sal
18.04.2017 05:05,18.04.2017,Jemna joga,17:25,18:25,17,20,Marketa  Samesova,zacatecnici,Joga zeleny sal
18.04.2017 05:07,18.04.2017,Jemna joga,17:25,18:25,16,20,Marketa  Samesova,zacatecnici,Joga zeleny sal
16.04.2017 17:17,18.04.2017,Hot joga - vhodna i pro zacatecniky,18:00,19:30,3,30,Petr  Cmund,dynamicka posilovaci,Hot-joga
17.04.2017 02:43,18.04.2017,Hot joga - vhodna i pro zacatecniky,18:00,19:30,4,30,Petr  Cmund,dynamicka posilovaci,Hot-joga
17.04.2017 11:01,18.04.2017,Hot joga - vhodna i pro zacatecniky,18:00,19:30,5,30,Petr  Cmund,dynamicka posilovaci,Hot-joga
17.04.2017 12:24,18.04.2017,Hot joga - vhodna i pro zacatecniky,18:00,19:30,6,30,Petr  Cmund,dynamicka posilovaci,Hot-joga
18.04.2017 02:58,18.04.2017,Hot joga - vhodna i pro zacatecniky,18:00,19:30,7,30,Petr  Cmund,dynamicka posilovaci,Hot-joga
18.04.2017 03:05,18.04.2017,Hot joga - vhodna i pro zacatecniky,18:00,19:30,8,30,Petr  Cmund,dynamicka posilovaci,Hot-joga
18.04.2017 03:20,18.04.2017,Hot joga - vhodna i pro zacatecniky,18:00,19:30,9,30,Petr  Cmund,dynamicka posilovaci,Hot-joga
18.04.2017 03:47,18.04.2017,Hot joga - vhodna i pro zacatecniky,18:00,19:30,10,30,Petr  Cmund,dynamicka posilovaci,Hot-joga
18.04.2017 06:24,18.04.2017,Hot joga - vhodna i pro zacatecniky,18:00,19:30,11,30,Petr  Cmund,dynamicka posilovaci,Hot-joga
18.04.2017 06:32,18.04.2017,Hot joga - vhodna i pro zacatecniky,18:00,19:30,12,30,Petr  Cmund,dynamicka posilovaci,Hot-joga
18.04.2017 08:34,18.04.2017,Hot joga - vhodna i pro zacatecniky,18:00,19:30,13,30,Petr  Cmund,dynamicka posilovaci,Hot-joga
18.04.2017 08:38,18.04.2017,Hot joga - vhodna i pro zacatecniky,18:00,19:30,14,30,Petr  Cmund,dynamicka posilovaci,Hot-joga
18.04.2017 08:59,18.04.2017,Hot joga - vhodna i pro zacatecniky,18:00,19:30,15,30,Petr  Cmund,dynamicka posilovaci,Hot-joga
18.04.2017 09:23,18.04.2017,Hot joga - vhodna i pro zacatecniky,18:00,19:30,16,30,Petr  Cmund,dynamicka posilovaci,Hot-joga
18.04.2017 09:51,18.04.2017,Hot joga - vhodna i pro zacatecniky,18:00,19:30,17,30,Petr  Cmund,dynamicka posilovaci,Hot-joga
18.04.2017 10:06,18.04.2017,Hot joga - vhodna i pro zacatecniky,18:00,19:30,18,30,Petr  Cmund,dynamicka posilovaci,Hot-joga
18.04.2017 10:30,18.04.2017,Hot joga - vhodna i pro zacatecniky,18:00,19:30,20,30,Petr  Cmund,dynamicka posilovaci,Hot-joga
18.04.2017 10:38,18.04.2017,Hot joga - vhodna i pro zacatecniky,18:00,19:30,21,30,Petr  Cmund,dynamicka posilovaci,Hot-joga
18.04.2017 10:47,18.04.2017,Hot joga - vhodna i pro zacatecniky,18:00,19:30,22,30,Petr  Cmund,dynamicka posilovaci,Hot-joga
18.04.2017 11:01,18.04.2017,Hot joga - vhodna i pro zacatecniky,18:00,19:30,23,30,Petr  Cmund,dynamicka posilovaci,Hot-joga
18.04.2017 11:02,18.04.2017,Hot joga - vhodna i pro zacatecniky,18:00,19:30,24,30,Petr  Cmund,dynamicka posilovaci,Hot-joga
18.04.2017 11:09,18.04.2017,Hot joga - vhodna i pro zacatecniky,18:00,19:30,25,30,Petr  Cmund,dynamicka posilovaci,Hot-joga
18.04.2017 11:12,18.04.2017,Hot joga - vhodna i pro zacatecniky,18:00,19:30,26,30,Petr  Cmund,dynamicka posilovaci,Hot-joga
18.04.2017 12:08,18.04.2017,Hot joga - vhodna i pro zacatecniky,18:00,19:30,27,30,Petr  Cmund,dynamicka posilovaci,Hot-joga
16.04.2017 17:17,18.04.2017,Gravid joga,18:30,19:30,4,20,Hana Stepanova,zdravotni,Joga zeleny sal
18.04.2017 01:32,18.04.2017,Gravid joga,18:30,19:30,3,20,Hana Stepanova,zdravotni,Joga zeleny sal
18.04.2017 03:14,18.04.2017,Gravid joga,18:30,19:30,5,20,Hana Stepanova,zdravotni,Joga zeleny sal
18.04.2017 08:14,18.04.2017,Gravid joga,18:30,19:30,6,20,Hana Stepanova,zdravotni,Joga zeleny sal
18.04.2017 10:49,18.04.2017,Gravid joga,18:30,19:30,7,20,Hana Stepanova,zdravotni,Joga zeleny sal
18.04.2017 10:57,18.04.2017,Gravid joga,18:30,19:30,8,20,Hana Stepanova,zdravotni,Joga zeleny sal
18.04.2017 11:35,18.04.2017,Gravid joga,18:30,19:30,9,20,Hana Stepanova,zdravotni,Joga zeleny sal
16.04.2017 17:17,18.04.2017,Kurz powerjogy pro zacatecniky - uzavreny kurz,19:40,21:10,0,0,Marketa Makovska CJ / EN,,Joga zeleny sal
16.04.2017 17:17,18.04.2017,Kurz jogy pro zacatecniky - uzavreny kurz,19:45,21:15,0,0,Richard Holicky,,Joga modry sal
16.04.2017 17:17,18.04.2017,Powerjoga,7:00,8:00,2,20,Hana Hruskova CJ / EN,dynamicka posilovaci,Joga zeleny sal
17.04.2017 02:22,18.04.2017,Powerjoga,7:00,8:00,3,20,Hana Hruskova CJ / EN,dynamicka posilovaci,Joga zeleny sal
17.04.2017 13:53,18.04.2017,Powerjoga,7:00,8:00,4,20,Hana Hruskova CJ / EN,dynamicka posilovaci,Joga zeleny sal
17.04.2017 14:00,18.04.2017,Powerjoga,7:00,8:00,5,20,Hana Hruskova CJ / EN,dynamicka posilovaci,Joga zeleny sal
17.04.2017 14:33,18.04.2017,Powerjoga,7:00,8:00,6,20,Hana Hruskova CJ / EN,dynamicka posilovaci,Joga zeleny sal
18.04.2017 00:08,18.04.2017,Powerjoga,7:00,8:00,7,20,Hana Hruskova CJ / EN,dynamicka posilovaci,Joga zeleny sal
18.04.2017 00:18,18.04.2017,Powerjoga,7:00,8:00,8,20,Hana Hruskova CJ / EN,dynamicka posilovaci,Joga zeleny sal
16.04.2017 17:17,18.04.2017,Powerjoga,8:05,9:05,2,20,Hana Hruskova CJ / EN,zacatecnici,Joga zeleny sal
17.04.2017 16:02,18.04.2017,Powerjoga,8:05,9:05,3,20,Hana Hruskova CJ / EN,zacatecnici,Joga zeleny sal
18.04.2017 01:28,18.04.2017,Powerjoga,8:05,9:05,4,20,Hana Hruskova CJ / EN,zacatecnici,Joga zeleny sal
16.04.2017 17:17,19.04.2017,Kurz jogy pro zacatecniky,10:00,11:00,0,0,Richard Holicky,,Joga zeleny sal
16.04.2017 17:17,19.04.2017,Jemna joga - vhodna i pro seniory,10:15,11:15,0,22,Daniela  Fremuntova,klidna protahovaci,Joga modry sal
16.04.2017 17:17,19.04.2017,Powerjoga,11:25,12:10,0,30,Daniela  Fremuntova,dynamicka posilovaci,Joga modry sal
18.04.2017 08:10,19.04.2017,Powerjoga,11:25,12:10,1,30,Daniela  Fremuntova,dynamicka posilovaci,Joga modry sal
19.04.2017 02:59,19.04.2017,Powerjoga,11:25,12:10,2,30,Daniela  Fremuntova,dynamicka posilovaci,Joga modry sal
19.04.2017 03:48,19.04.2017,Powerjoga,11:25,12:10,3,30,Daniela  Fremuntova,dynamicka posilovaci,Joga modry sal
19.04.2017 04:28,19.04.2017,Powerjoga,11:25,12:10,4,30,Daniela  Fremuntova,dynamicka posilovaci,Joga modry sal
19.04.2017 04:33,19.04.2017,Powerjoga,11:25,12:10,5,30,Daniela  Fremuntova,dynamicka posilovaci,Joga modry sal
16.04.2017 17:17,19.04.2017,Joga pro zdrava zada,11:40,12:25,2,20,Katerina  Kornova,zdravotni,Joga zeleny sal
17.04.2017 10:55,19.04.2017,Joga pro zdrava zada,11:40,12:25,4,20,Katerina  Kornova,zdravotni,Joga zeleny sal
17.04.2017 13:59,19.04.2017,Joga pro zdrava zada,11:40,12:25,5,20,Katerina  Kornova,zdravotni,Joga zeleny sal
18.04.2017 09:57,19.04.2017,Joga pro zdrava zada,11:40,12:25,6,20,Katerina  Kornova,zdravotni,Joga zeleny sal
16.04.2017 17:17,19.04.2017,Powerjoga,12:15,13:00,0,30,Daniela  Fremuntova,zacatecnici,Joga modry sal
18.04.2017 02:36,19.04.2017,Powerjoga,12:15,13:00,1,30,Daniela  Fremuntova,zacatecnici,Joga modry sal
18.04.2017 02:40,19.04.2017,Powerjoga,12:15,13:00,2,30,Daniela  Fremuntova,zacatecnici,Joga modry sal
18.04.2017 03:27,19.04.2017,Powerjoga,12:15,13:00,4,30,Daniela  Fremuntova,zacatecnici,Joga modry sal
18.04.2017 10:40,19.04.2017,Powerjoga,12:15,13:00,5,30,Daniela  Fremuntova,zacatecnici,Joga modry sal
18.04.2017 16:35,19.04.2017,Powerjoga,12:15,13:00,6,30,Daniela  Fremuntova,zacatecnici,Joga modry sal
19.04.2017 03:40,19.04.2017,Powerjoga,12:15,13:00,7,30,Daniela  Fremuntova,zacatecnici,Joga modry sal
19.04.2017 03:44,19.04.2017,Powerjoga,12:15,13:00,8,30,Daniela  Fremuntova,zacatecnici,Joga modry sal
19.04.2017 05:31,19.04.2017,Powerjoga,12:15,13:00,9,30,Daniela  Fremuntova,zacatecnici,Joga modry sal
16.04.2017 17:17,19.04.2017,Joga pro zdrava zada,12:30,13:15,0,20,Katerina  Kornova,zdravotni,Joga zeleny sal
19.04.2017 01:22,19.04.2017,Joga pro zdrava zada,12:30,13:15,1,20,Katerina  Kornova,zdravotni,Joga zeleny sal
19.04.2017 03:26,19.04.2017,Joga pro zdrava zada,12:30,13:15,2,20,Katerina  Kornova,zdravotni,Joga zeleny sal
19.04.2017 04:56,19.04.2017,Joga pro zdrava zada,12:30,13:15,3,20,Katerina  Kornova,zdravotni,Joga zeleny sal
19.04.2017 05:10,19.04.2017,Joga pro zdrava zada,12:30,13:15,4,20,Katerina  Kornova,zdravotni,Joga zeleny sal
19.04.2017 05:32,19.04.2017,Joga pro zdrava zada,12:30,13:15,5,20,Katerina  Kornova,zdravotni,Joga zeleny sal
16.04.2017 17:17,19.04.2017,Joga zamerena na zdrava zada,16:20,17:20,2,20,Alexandra Mandova,zdravotni,Joga zeleny sal
17.04.2017 14:25,19.04.2017,Joga zamerena na zdrava zada,16:20,17:20,3,20,Alexandra Mandova,zdravotni,Joga zeleny sal
18.04.2017 03:40,19.04.2017,Joga zamerena na zdrava zada,16:20,17:20,4,20,Alexandra Mandova,zdravotni,Joga zeleny sal
18.04.2017 04:33,19.04.2017,Joga zamerena na zdrava zada,16:20,17:20,5,20,Alexandra Mandova,zdravotni,Joga zeleny sal
18.04.2017 04:58,19.04.2017,Joga zamerena na zdrava zada,16:20,17:20,6,20,Alexandra Mandova,zdravotni,Joga zeleny sal
18.04.2017 12:45,19.04.2017,Joga zamerena na zdrava zada,16:20,17:20,7,20,Alexandra Mandova,zdravotni,Joga zeleny sal
18.04.2017 23:44,19.04.2017,Joga zamerena na zdrava zada,16:20,17:20,8,20,Alexandra Mandova,zdravotni,Joga zeleny sal
19.04.2017 04:10,19.04.2017,Joga zamerena na zdrava zada,16:20,17:20,9,20,Alexandra Mandova,zdravotni,Joga zeleny sal
19.04.2017 05:44,19.04.2017,Joga zamerena na zdrava zada,16:20,17:20,10,20,Alexandra Mandova,zdravotni,Joga zeleny sal
19.04.2017 06:22,19.04.2017,Joga zamerena na zdrava zada,16:20,17:20,11,20,Alexandra Mandova,zdravotni,Joga zeleny sal
19.04.2017 08:14,19.04.2017,Joga zamerena na zdrava zada,16:20,17:20,12,20,Alexandra Mandova,zdravotni,Joga zeleny sal
19.04.2017 08:20,19.04.2017,Joga zamerena na zdrava zada,16:20,17:20,13,20,Alexandra Mandova,zdravotni,Joga zeleny sal
19.04.2017 09:11,19.04.2017,Joga zamerena na zdrava zada,16:20,17:20,14,20,Alexandra Mandova,zdravotni,Joga zeleny sal
16.04.2017 17:17,19.04.2017,Hot joga,16:30,17:30,0,30,Lenka Uhlikova,klidna protahovaci,Hot-joga
17.04.2017 08:16,19.04.2017,Hot joga,16:30,17:30,1,30,Lenka Uhlikova,klidna protahovaci,Hot-joga
17.04.2017 15:00,19.04.2017,Hot joga,16:30,17:30,2,30,Lenka Uhlikova,klidna protahovaci,Hot-joga
18.04.2017 10:46,19.04.2017,Hot joga,16:30,17:30,3,30,Lenka Uhlikova,klidna protahovaci,Hot-joga
19.04.2017 05:15,19.04.2017,Hot joga,16:30,17:30,4,30,Lenka Uhlikova,klidna protahovaci,Hot-joga
19.04.2017 09:29,19.04.2017,Hot joga,16:30,17:30,5,30,Lenka Uhlikova,klidna protahovaci,Hot-joga
16.04.2017 17:17,19.04.2017,Powerjoga,17:25,18:25,6,20,Alexandra Mandova,dynamicka posilovaci,Joga zeleny sal
18.04.2017 04:23,19.04.2017,Powerjoga,17:25,18:25,7,20,Alexandra Mandova,dynamicka posilovaci,Joga zeleny sal
18.04.2017 06:20,19.04.2017,Powerjoga,17:25,18:25,8,20,Alexandra Mandova,dynamicka posilovaci,Joga zeleny sal
18.04.2017 07:31,19.04.2017,Powerjoga,17:25,18:25,9,20,Alexandra Mandova,dynamicka posilovaci,Joga zeleny sal
18.04.2017 09:33,19.04.2017,Powerjoga,17:25,18:25,10,20,Alexandra Mandova,dynamicka posilovaci,Joga zeleny sal
19.04.2017 01:56,19.04.2017,Powerjoga,17:25,18:25,11,20,Alexandra Mandova,dynamicka posilovaci,Joga zeleny sal
19.04.2017 02:19,19.04.2017,Powerjoga,17:25,18:25,13,20,Alexandra Mandova,dynamicka posilovaci,Joga zeleny sal
19.04.2017 02:23,19.04.2017,Powerjoga,17:25,18:25,14,20,Alexandra Mandova,dynamicka posilovaci,Joga zeleny sal
19.04.2017 02:51,19.04.2017,Powerjoga,17:25,18:25,15,20,Alexandra Mandova,dynamicka posilovaci,Joga zeleny sal
19.04.2017 08:45,19.04.2017,Powerjoga,17:25,18:25,16,20,Alexandra Mandova,dynamicka posilovaci,Joga zeleny sal
19.04.2017 10:08,19.04.2017,Powerjoga,17:25,18:25,17,20,Alexandra Mandova,dynamicka posilovaci,Joga zeleny sal
19.04.2017 10:35,19.04.2017,Powerjoga,17:25,18:25,18,20,Alexandra Mandova,dynamicka posilovaci,Joga zeleny sal
16.04.2017 17:17,19.04.2017,Hot joga,18:00,19:30,1,30,Marketa  Samesova,dynamicka posilovaci,Hot-joga
17.04.2017 07:49,19.04.2017,Hot joga,18:00,19:30,2,30,Marketa  Samesova,dynamicka posilovaci,Hot-joga
17.04.2017 17:42,19.04.2017,Hot joga,18:00,19:30,3,30,Marketa  Samesova,dynamicka posilovaci,Hot-joga
18.04.2017 04:02,19.04.2017,Hot joga,18:00,19:30,4,30,Marketa  Samesova,dynamicka posilovaci,Hot-joga
18.04.2017 07:42,19.04.2017,Hot joga,18:00,19:30,5,30,Marketa  Samesova,dynamicka posilovaci,Hot-joga
18.04.2017 12:39,19.04.2017,Hot joga,18:00,19:30,6,30,Marketa  Samesova,dynamicka posilovaci,Hot-joga
19.04.2017 00:32,19.04.2017,Hot joga,18:00,19:30,7,30,Marketa  Samesova,dynamicka posilovaci,Hot-joga
19.04.2017 00:59,19.04.2017,Hot joga,18:00,19:30,8,30,Marketa  Samesova,dynamicka posilovaci,Hot-joga
19.04.2017 01:30,19.04.2017,Hot joga,18:00,19:30,9,30,Marketa  Samesova,dynamicka posilovaci,Hot-joga
19.04.2017 02:24,19.04.2017,Hot joga,18:00,19:30,11,30,Marketa  Samesova,dynamicka posilovaci,Hot-joga
19.04.2017 02:41,19.04.2017,Hot joga,18:00,19:30,12,30,Marketa  Samesova,dynamicka posilovaci,Hot-joga
19.04.2017 10:13,19.04.2017,Hot joga,18:00,19:30,13,30,Marketa  Samesova,dynamicka posilovaci,Hot-joga
19.04.2017 10:58,19.04.2017,Hot joga,18:00,19:30,14,30,Marketa  Samesova,dynamicka posilovaci,Hot-joga
19.04.2017 11:13,19.04.2017,Hot joga,18:00,19:30,15,30,Marketa  Samesova,dynamicka posilovaci,Hot-joga
19.04.2017 11:15,19.04.2017,Hot joga,18:00,19:30,16,30,Marketa  Samesova,dynamicka posilovaci,Hot-joga
16.04.2017 17:17,19.04.2017,Hatha joga,18:30,20:00,1,20,Marie Kmochova,klidna protahovaci,Joga zeleny sal
17.04.2017 12:42,19.04.2017,Hatha joga,18:30,20:00,2,20,Marie Kmochova,klidna protahovaci,Joga zeleny sal
18.04.2017 03:23,19.04.2017,Hatha joga,18:30,20:00,3,20,Marie Kmochova,klidna protahovaci,Joga zeleny sal
18.04.2017 06:19,19.04.2017,Hatha joga,18:30,20:00,4,20,Marie Kmochova,klidna protahovaci,Joga zeleny sal
18.04.2017 09:51,19.04.2017,Hatha joga,18:30,20:00,5,20,Marie Kmochova,klidna protahovaci,Joga zeleny sal
19.04.2017 02:05,19.04.2017,Hatha joga,18:30,20:00,6,20,Marie Kmochova,klidna protahovaci,Joga zeleny sal
19.04.2017 06:59,19.04.2017,Hatha joga,18:30,20:00,7,20,Marie Kmochova,klidna protahovaci,Joga zeleny sal
19.04.2017 07:10,19.04.2017,Hatha joga,18:30,20:00,8,20,Marie Kmochova,klidna protahovaci,Joga zeleny sal
19.04.2017 09:25,19.04.2017,Hatha joga,18:30,20:00,9,20,Marie Kmochova,klidna protahovaci,Joga zeleny sal
19.04.2017 11:51,19.04.2017,Hatha joga,18:30,20:00,10,20,Marie Kmochova,klidna protahovaci,Joga zeleny sal
16.04.2017 17:17,19.04.2017,Hot joga,19:45,21:15,2,30,Jarmila Kucmasova,zacatecnici,Hot-joga
17.04.2017 04:16,19.04.2017,Hot joga,19:45,21:15,3,30,Jarmila Kucmasova,zacatecnici,Hot-joga
17.04.2017 08:06,19.04.2017,Hot joga,19:45,21:15,4,30,Jarmila Kucmasova,zacatecnici,Hot-joga
17.04.2017 13:55,19.04.2017,Hot joga,19:45,21:15,5,30,Jarmila Kucmasova,zacatecnici,Hot-joga
18.04.2017 02:38,19.04.2017,Hot joga,19:45,21:15,6,30,Jarmila Kucmasova,zacatecnici,Hot-joga
18.04.2017 02:40,19.04.2017,Hot joga,19:45,21:15,7,30,Jarmila Kucmasova,zacatecnici,Hot-joga
18.04.2017 06:20,19.04.2017,Hot joga,19:45,21:15,9,30,Jarmila Kucmasova,zacatecnici,Hot-joga
18.04.2017 13:56,19.04.2017,Hot joga,19:45,21:15,10,30,Jarmila Kucmasova,zacatecnici,Hot-joga
18.04.2017 15:09,19.04.2017,Hot joga,19:45,21:15,11,30,Jarmila Kucmasova,zacatecnici,Hot-joga
19.04.2017 12:33,19.04.2017,Hot joga,19:45,21:15,12,30,Jarmila Kucmasova,zacatecnici,Hot-joga
19.04.2017 12:39,19.04.2017,Hot joga,19:45,21:15,13,30,Jarmila Kucmasova,zacatecnici,Hot-joga
19.04.2017 12:53,19.04.2017,Hot joga,19:45,21:15,14,30,Jarmila Kucmasova,zacatecnici,Hot-joga
19.04.2017 12:58,19.04.2017,Hot joga,19:45,21:15,15,30,Jarmila Kucmasova,zacatecnici,Hot-joga
16.04.2017 17:17,19.04.2017,Intenzivni kurz jogy - uzavreny kurz,20:05,21:35,0,0,Katka  Prymkova  CJ / EN,,Joga zeleny sal
16.04.2017 17:17,19.04.2017,Joga - probuzeni patere,7:00,8:00,0,30,Micha  Prach Kotrckova,klidna protahovaci,Joga modry sal
16.04.2017 17:17,19.04.2017,Powerjoga,7:00,8:00,1,20,Veronika  Brozova CJ / EN,zacatecnici,Joga zeleny sal
18.04.2017 01:55,19.04.2017,Powerjoga,7:00,8:00,2,20,Veronika  Brozova CJ / EN,zacatecnici,Joga zeleny sal
18.04.2017 13:22,19.04.2017,Powerjoga,7:00,8:00,3,20,Veronika  Brozova CJ / EN,zacatecnici,Joga zeleny sal
18.04.2017 14:40,19.04.2017,Powerjoga,7:00,8:00,5,20,Veronika  Brozova CJ / EN,zacatecnici,Joga zeleny sal
19.04.2017 00:52,19.04.2017,Powerjoga,7:00,8:00,6,20,Veronika  Brozova CJ / EN,zacatecnici,Joga zeleny sal
16.04.2017 17:17,19.04.2017,Kundalini joga,8:05,9:35,1,20,Micha  Prach Kotrckova,zacatecnici,Joga zeleny sal
18.04.2017 09:50,19.04.2017,Kundalini joga,8:05,9:35,2,20,Micha  Prach Kotrckova,zacatecnici,Joga zeleny sal
18.04.2017 12:27,19.04.2017,Kundalini joga,8:05,9:35,3,20,Micha  Prach Kotrckova,zacatecnici,Joga zeleny sal
19.04.2017 02:08,19.04.2017,Kundalini joga,8:05,9:35,4,20,Micha  Prach Kotrckova,zacatecnici,Joga zeleny sal
19.04.2017 02:09,19.04.2017,Kundalini joga,8:05,9:35,5,20,Micha  Prach Kotrckova,zacatecnici,Joga zeleny sal
16.04.2017 17:17,20.04.2017,Office joga,11:25,12:10,0,30,Alexandra Mandova,klidna protahovaci,Joga modry sal
19.04.2017 01:33,20.04.2017,Office joga,11:25,12:10,1,30,Alexandra Mandova,klidna protahovaci,Joga modry sal
20.04.2017 02:48,20.04.2017,Office joga,11:25,12:10,2,30,Alexandra Mandova,klidna protahovaci,Joga modry sal
16.04.2017 17:17,20.04.2017,Powerjoga,11:40,12:25,2,20,Marketa Makovska CJ / EN,dynamicka posilovaci,Joga zeleny sal
18.04.2017 02:16,20.04.2017,Powerjoga,11:40,12:25,3,20,Marketa Makovska CJ / EN,dynamicka posilovaci,Joga zeleny sal
18.04.2017 08:10,20.04.2017,Powerjoga,11:40,12:25,4,20,Marketa Makovska CJ / EN,dynamicka posilovaci,Joga zeleny sal
18.04.2017 16:36,20.04.2017,Powerjoga,11:40,12:25,5,20,Marketa Makovska CJ / EN,dynamicka posilovaci,Joga zeleny sal
19.04.2017 06:07,20.04.2017,Powerjoga,11:40,12:25,6,20,Marketa Makovska CJ / EN,dynamicka posilovaci,Joga zeleny sal
20.04.2017 02:51,20.04.2017,Powerjoga,11:40,12:25,7,20,Marketa Makovska CJ / EN,dynamicka posilovaci,Joga zeleny sal
20.04.2017 02:52,20.04.2017,Powerjoga,11:40,12:25,8,20,Marketa Makovska CJ / EN,dynamicka posilovaci,Joga zeleny sal
20.04.2017 02:54,20.04.2017,Powerjoga,11:40,12:25,9,20,Marketa Makovska CJ / EN,dynamicka posilovaci,Joga zeleny sal
20.04.2017 03:00,20.04.2017,Powerjoga,11:40,12:25,10,20,Marketa Makovska CJ / EN,dynamicka posilovaci,Joga zeleny sal
16.04.2017 17:17,20.04.2017,Zdrava zada,12:15,13:00,0,30,Alexandra Mandova,zdravotni,Joga modry sal
18.04.2017 03:28,20.04.2017,Zdrava zada,12:15,13:00,1,30,Alexandra Mandova,zdravotni,Joga modry sal
18.04.2017 09:58,20.04.2017,Zdrava zada,12:15,13:00,2,30,Alexandra Mandova,zdravotni,Joga modry sal
19.04.2017 10:04,20.04.2017,Zdrava zada,12:15,13:00,3,30,Alexandra Mandova,zdravotni,Joga modry sal
20.04.2017 02:24,20.04.2017,Zdrava zada,12:15,13:00,4,30,Alexandra Mandova,zdravotni,Joga modry sal
16.04.2017 17:17,20.04.2017,Powerjoga,12:30,13:15,3,20,Marketa Makovska CJ / EN,zacatecnici,Joga zeleny sal
18.04.2017 04:49,20.04.2017,Powerjoga,12:30,13:15,4,20,Marketa Makovska CJ / EN,zacatecnici,Joga zeleny sal
19.04.2017 08:53,20.04.2017,Powerjoga,12:30,13:15,5,20,Marketa Makovska CJ / EN,zacatecnici,Joga zeleny sal
20.04.2017 02:20,20.04.2017,Powerjoga,12:30,13:15,6,20,Marketa Makovska CJ / EN,zacatecnici,Joga zeleny sal
20.04.2017 02:34,20.04.2017,Powerjoga,12:30,13:15,7,20,Marketa Makovska CJ / EN,zacatecnici,Joga zeleny sal
16.04.2017 17:17,20.04.2017,Jemna joga,15:15,16:15,1,20,Marketa  Samesova,klidna protahovaci,Joga zeleny sal
18.04.2017 01:15,20.04.2017,Jemna joga,15:15,16:15,2,20,Marketa  Samesova,klidna protahovaci,Joga zeleny sal
18.04.2017 02:37,20.04.2017,Jemna joga,15:15,16:15,3,20,Marketa  Samesova,klidna protahovaci,Joga zeleny sal
18.04.2017 03:40,20.04.2017,Jemna joga,15:15,16:15,4,20,Marketa  Samesova,klidna protahovaci,Joga zeleny sal
19.04.2017 10:44,20.04.2017,Jemna joga,15:15,16:15,5,20,Marketa  Samesova,klidna protahovaci,Joga zeleny sal
16.04.2017 17:17,20.04.2017,Hatha joga,16:20,17:20,18,20,Marketa  Samesova,zacatecnici,Joga zeleny sal
17.04.2017 02:54,20.04.2017,Hatha joga,16:20,17:20,19,20,Marketa  Samesova,zacatecnici,Joga zeleny sal
18.04.2017 06:00,20.04.2017,Hatha joga,16:20,17:20,17,20,Marketa  Samesova,zacatecnici,Joga zeleny sal
18.04.2017 12:14,20.04.2017,Hatha joga,16:20,17:20,16,20,Marketa  Samesova,zacatecnici,Joga zeleny sal
19.04.2017 02:40,20.04.2017,Hatha joga,16:20,17:20,15,20,Marketa  Samesova,zacatecnici,Joga zeleny sal
19.04.2017 03:10,20.04.2017,Hatha joga,16:20,17:20,14,20,Marketa  Samesova,zacatecnici,Joga zeleny sal
20.04.2017 04:06,20.04.2017,Hatha joga,16:20,17:20,13,20,Marketa  Samesova,zacatecnici,Joga zeleny sal
20.04.2017 04:58,20.04.2017,Hatha joga,16:20,17:20,12,20,Marketa  Samesova,zacatecnici,Joga zeleny sal
16.04.2017 17:17,20.04.2017,Hot joga,16:40,17:40,2,30,Alexandra Mandova,dynamicka posilovaci,Hot-joga
17.04.2017 07:26,20.04.2017,Hot joga,16:40,17:40,3,30,Alexandra Mandova,dynamicka posilovaci,Hot-joga
19.04.2017 06:05,20.04.2017,Hot joga,16:40,17:40,4,30,Alexandra Mandova,dynamicka posilovaci,Hot-joga
19.04.2017 09:34,20.04.2017,Hot joga,16:40,17:40,5,30,Alexandra Mandova,dynamicka posilovaci,Hot-joga
19.04.2017 11:07,20.04.2017,Hot joga,16:40,17:40,5,30,Lenka Uhlikova,dynamicka posilovaci,Hot-joga
19.04.2017 11:48,20.04.2017,Hot joga Zaskok,16:40,17:40,5,30,Lenka Uhlikova,dynamicka posilovaci,Hot-joga
19.04.2017 12:14,20.04.2017,Hot joga Zaskok,16:40,17:40,6,30,Lenka Uhlikova,dynamicka posilovaci,Hot-joga
19.04.2017 16:12,20.04.2017,Hot joga Zaskok,16:40,17:40,7,30,Lenka Uhlikova,dynamicka posilovaci,Hot-joga
20.04.2017 01:29,20.04.2017,Hot joga Zaskok,16:40,17:40,8,30,Lenka Uhlikova,dynamicka posilovaci,Hot-joga
20.04.2017 09:48,20.04.2017,Hot joga Zaskok,16:40,17:40,10,30,Lenka Uhlikova,dynamicka posilovaci,Hot-joga
20.04.2017 09:49,20.04.2017,Hot joga Zaskok,16:40,17:40,11,30,Lenka Uhlikova,dynamicka posilovaci,Hot-joga
16.04.2017 17:17,20.04.2017,Powerjoga,17:25,18:25,4,20,Tomas  Helbig,dynamicka posilovaci,Joga zeleny sal
17.04.2017 17:23,20.04.2017,Powerjoga,17:25,18:25,5,20,Tomas  Helbig,dynamicka posilovaci,Joga zeleny sal
18.04.2017 05:57,20.04.2017,Powerjoga,17:25,18:25,6,20,Tomas  Helbig,dynamicka posilovaci,Joga zeleny sal
18.04.2017 07:34,20.04.2017,Powerjoga,17:25,18:25,7,20,Tomas  Helbig,dynamicka posilovaci,Joga zeleny sal
19.04.2017 01:24,20.04.2017,Powerjoga,17:25,18:25,8,20,Tomas  Helbig,dynamicka posilovaci,Joga zeleny sal
19.04.2017 06:47,20.04.2017,Powerjoga,17:25,18:25,9,20,Tomas  Helbig,dynamicka posilovaci,Joga zeleny sal
19.04.2017 07:53,20.04.2017,Powerjoga,17:25,18:25,10,20,Tomas  Helbig,dynamicka posilovaci,Joga zeleny sal
19.04.2017 16:45,20.04.2017,Powerjoga,17:25,18:25,11,20,Tomas  Helbig,dynamicka posilovaci,Joga zeleny sal
19.04.2017 19:26,20.04.2017,Powerjoga,17:25,18:25,12,20,Tomas  Helbig,dynamicka posilovaci,Joga zeleny sal
20.04.2017 01:49,20.04.2017,Powerjoga,17:25,18:25,13,20,Tomas  Helbig,dynamicka posilovaci,Joga zeleny sal
20.04.2017 10:37,20.04.2017,Powerjoga,17:25,18:25,14,20,Tomas  Helbig,dynamicka posilovaci,Joga zeleny sal
16.04.2017 17:17,20.04.2017,Hot joga,18:00,19:30,2,30,Pavla  Krecanova,zacatecnici,Hot-joga
17.04.2017 01:12,20.04.2017,Hot joga,18:00,19:30,3,30,Pavla  Krecanova,zacatecnici,Hot-joga
17.04.2017 17:43,20.04.2017,Hot joga,18:00,19:30,4,30,Pavla  Krecanova,zacatecnici,Hot-joga
18.04.2017 06:33,20.04.2017,Hot joga,18:00,19:30,5,30,Pavla  Krecanova,zacatecnici,Hot-joga
18.04.2017 07:46,20.04.2017,Hot joga,18:00,19:30,6,30,Pavla  Krecanova,zacatecnici,Hot-joga
18.04.2017 09:53,20.04.2017,Hot joga,18:00,19:30,7,30,Pavla  Krecanova,zacatecnici,Hot-joga
18.04.2017 10:22,20.04.2017,Hot joga,18:00,19:30,8,30,Pavla  Krecanova,zacatecnici,Hot-joga
18.04.2017 10:58,20.04.2017,Hot joga,18:00,19:30,9,30,Pavla  Krecanova,zacatecnici,Hot-joga
19.04.2017 03:34,20.04.2017,Hot joga,18:00,19:30,10,30,Pavla  Krecanova,zacatecnici,Hot-joga
19.04.2017 04:17,20.04.2017,Hot joga,18:00,19:30,11,30,Pavla  Krecanova,zacatecnici,Hot-joga
19.04.2017 11:00,20.04.2017,Hot joga,18:00,19:30,12,30,Pavla  Krecanova,zacatecnici,Hot-joga
19.04.2017 13:16,20.04.2017,Hot joga,18:00,19:30,13,30,Pavla  Krecanova,zacatecnici,Hot-joga
20.04.2017 06:34,20.04.2017,Hot joga,18:00,19:30,14,30,Pavla  Krecanova,zacatecnici,Hot-joga
20.04.2017 09:47,20.04.2017,Hot joga,18:00,19:30,15,30,Pavla  Krecanova,zacatecnici,Hot-joga
16.04.2017 17:17,20.04.2017,Gravid joga,18:30,19:30,2,20,Hana Stepanova,zdravotni,Joga zeleny sal
18.04.2017 03:14,20.04.2017,Gravid joga,18:30,19:30,3,20,Hana Stepanova,zdravotni,Joga zeleny sal
18.04.2017 03:55,20.04.2017,Gravid joga,18:30,19:30,4,20,Hana Stepanova,zdravotni,Joga zeleny sal
18.04.2017 10:31,20.04.2017,Gravid joga,18:30,19:30,5,20,Hana Stepanova,zdravotni,Joga zeleny sal
19.04.2017 02:12,20.04.2017,Gravid joga,18:30,19:30,6,20,Hana Stepanova,zdravotni,Joga zeleny sal
19.04.2017 03:50,20.04.2017,Gravid joga,18:30,19:30,7,20,Hana Stepanova,zdravotni,Joga zeleny sal
20.04.2017 10:44,20.04.2017,Gravid joga,18:30,19:30,8,20,Hana Stepanova,zdravotni,Joga zeleny sal
20.04.2017 11:05,20.04.2017,Gravid joga,18:30,19:30,9,20,Hana Stepanova,zdravotni,Joga zeleny sal
20.04.2017 11:15,20.04.2017,Gravid joga,18:30,19:30,10,20,Hana Stepanova,zdravotni,Joga zeleny sal
20.04.2017 11:38,20.04.2017,Gravid joga,18:30,19:30,11,20,Hana Stepanova,zdravotni,Joga zeleny sal
16.04.2017 17:17,20.04.2017,Jemna joga,19:35,20:35,1,20,Tomas  Helbig,klidna protahovaci,Joga zeleny sal
18.04.2017 15:11,20.04.2017,Jemna joga,19:35,20:35,2,20,Tomas  Helbig,klidna protahovaci,Joga zeleny sal
19.04.2017 04:37,20.04.2017,Jemna joga,19:35,20:35,3,20,Tomas  Helbig,klidna protahovaci,Joga zeleny sal
20.04.2017 05:01,20.04.2017,Jemna joga,19:35,20:35,4,20,Tomas  Helbig,klidna protahovaci,Joga zeleny sal
20.04.2017 06:39,20.04.2017,Jemna joga,19:35,20:35,5,20,Tomas  Helbig,klidna protahovaci,Joga zeleny sal
20.04.2017 11:01,20.04.2017,Jemna joga,19:35,20:35,6,20,Tomas  Helbig,klidna protahovaci,Joga zeleny sal
20.04.2017 12:37,20.04.2017,Jemna joga,19:35,20:35,7,20,Tomas  Helbig,klidna protahovaci,Joga zeleny sal
16.04.2017 17:17,20.04.2017,Hot joga,19:45,21:15,1,30,Andrea Hraskova,klidna protahovaci,Hot-joga
18.04.2017 07:24,20.04.2017,Hot joga,19:45,21:15,2,30,Andrea Hraskova,klidna protahovaci,Hot-joga
19.04.2017 14:04,20.04.2017,Hot joga,19:45,21:15,3,30,Andrea Hraskova,klidna protahovaci,Hot-joga
20.04.2017 01:12,20.04.2017,Hot joga,19:45,21:15,4,30,Andrea Hraskova,klidna protahovaci,Hot-joga
16.04.2017 17:17,20.04.2017,Powerjoga,7:00,8:00,4,20,Alexandra Mandova,dynamicka posilovaci,Joga zeleny sal
17.04.2017 09:04,20.04.2017,Powerjoga,7:00,8:00,5,20,Alexandra Mandova,dynamicka posilovaci,Joga zeleny sal
18.04.2017 06:37,20.04.2017,Powerjoga,7:00,8:00,6,20,Alexandra Mandova,dynamicka posilovaci,Joga zeleny sal
19.04.2017 10:45,20.04.2017,Powerjoga,7:00,8:00,7,20,Alexandra Mandova,dynamicka posilovaci,Joga zeleny sal
19.04.2017 12:37,20.04.2017,Powerjoga,7:00,8:00,8,20,Alexandra Mandova,dynamicka posilovaci,Joga zeleny sal
19.04.2017 14:19,20.04.2017,Powerjoga,7:00,8:00,9,20,Alexandra Mandova,dynamicka posilovaci,Joga zeleny sal
19.04.2017 14:56,20.04.2017,Powerjoga,7:00,8:00,10,20,Alexandra Mandova,dynamicka posilovaci,Joga zeleny sal
19.04.2017 15:13,20.04.2017,Powerjoga,7:00,8:00,11,20,Alexandra Mandova,dynamicka posilovaci,Joga zeleny sal
19.04.2017 16:27,20.04.2017,Powerjoga,7:00,8:00,12,20,Alexandra Mandova,dynamicka posilovaci,Joga zeleny sal
16.04.2017 17:17,20.04.2017,Jemna joga,8:00,9:00,0,30,Blanka Lorencova,zacatecnici,Joga modry sal
18.04.2017 01:03,20.04.2017,Jemna joga,8:00,9:00,1,30,Blanka Lorencova,zacatecnici,Joga modry sal
19.04.2017 11:12,20.04.2017,Jemna joga,8:00,9:00,2,30,Blanka Lorencova,zacatecnici,Joga modry sal
19.04.2017 11:24,20.04.2017,Jemna joga,8:00,9:00,3,30,Blanka Lorencova,zacatecnici,Joga modry sal
19.04.2017 14:19,20.04.2017,Jemna joga,8:00,9:00,4,30,Blanka Lorencova,zacatecnici,Joga modry sal
20.04.2017 01:23,20.04.2017,Jemna joga,8:00,9:00,5,30,Blanka Lorencova,zacatecnici,Joga modry sal
16.04.2017 17:17,20.04.2017,Hatha joga - vhodna i pro zacatecniky,8:05,8:50,2,20,Alexandra Mandova,klidna protahovaci,Joga zeleny sal
18.04.2017 12:57,20.04.2017,Hatha joga - vhodna i pro zacatecniky,8:05,8:50,3,20,Alexandra Mandova,klidna protahovaci,Joga zeleny sal
19.04.2017 13:56,20.04.2017,Hatha joga - vhodna i pro zacatecniky,8:05,8:50,4,20,Alexandra Mandova,klidna protahovaci,Joga zeleny sal
19.04.2017 17:08,20.04.2017,Hatha joga - vhodna i pro zacatecniky,8:05,8:50,5,20,Alexandra Mandova,klidna protahovaci,Joga zeleny sal
16.04.2017 17:17,20.04.2017,Zdrava zada,9:05,10:05,2,30,Blanka Lorencova,zdravotni,Joga modry sal
18.04.2017 01:05,20.04.2017,Zdrava zada,9:05,10:05,3,30,Blanka Lorencova,zdravotni,Joga modry sal
18.04.2017 03:50,20.04.2017,Zdrava zada,9:05,10:05,4,30,Blanka Lorencova,zdravotni,Joga modry sal
18.04.2017 03:51,20.04.2017,Zdrava zada,9:05,10:05,5,30,Blanka Lorencova,zdravotni,Joga modry sal
19.04.2017 02:48,20.04.2017,Zdrava zada,9:05,10:05,6,30,Blanka Lorencova,zdravotni,Joga modry sal
19.04.2017 05:07,20.04.2017,Zdrava zada,9:05,10:05,7,30,Blanka Lorencova,zdravotni,Joga modry sal
19.04.2017 11:13,20.04.2017,Zdrava zada,9:05,10:05,8,30,Blanka Lorencova,zdravotni,Joga modry sal
19.04.2017 11:24,20.04.2017,Zdrava zada,9:05,10:05,9,30,Blanka Lorencova,zdravotni,Joga modry sal
19.04.2017 14:20,20.04.2017,Zdrava zada,9:05,10:05,10,30,Blanka Lorencova,zdravotni,Joga modry sal
19.04.2017 16:15,20.04.2017,Zdrava zada,9:05,10:05,11,30,Blanka Lorencova,zdravotni,Joga modry sal
20.04.2017 00:36,20.04.2017,Zdrava zada,9:05,10:05,12,30,Blanka Lorencova,zdravotni,Joga modry sal
20.04.2017 01:24,20.04.2017,Zdrava zada,9:05,10:05,13,30,Blanka Lorencova,zdravotni,Joga modry sal
20.04.2017 02:00,20.04.2017,Zdrava zada,9:05,10:05,14,30,Blanka Lorencova,zdravotni,Joga modry sal
20.04.2017 02:02,20.04.2017,Zdrava zada,9:05,10:05,16,30,Blanka Lorencova,zdravotni,Joga modry sal
16.04.2017 17:17,21.04.2017,Hot joga,10:00,11:00,1,30,Vera Vojtechova,zacatecnici,Hot-joga
19.04.2017 14:29,21.04.2017,Hot joga,10:00,11:00,2,30,Vera Vojtechova,zacatecnici,Hot-joga
20.04.2017 05:37,21.04.2017,Hot joga,10:00,11:00,3,30,Vera Vojtechova,zacatecnici,Hot-joga
20.04.2017 09:44,21.04.2017,Hot joga,10:00,11:00,3,30,Jitka Sedlarova ml.,zacatecnici,Hot-joga
20.04.2017 09:56,21.04.2017,Hot joga,10:00,11:00,2,30,Jitka Sedlarova ml.,zacatecnici,Hot-joga
20.04.2017 11:52,21.04.2017,Hot joga,10:00,11:00,4,30,Jitka Sedlarova ml.,zacatecnici,Hot-joga
21.04.2017 03:01,21.04.2017,Hot joga,10:00,11:00,1,30,Jitka Sedlarova ml.,zacatecnici,Hot-joga
16.04.2017 17:17,21.04.2017,Jogova terapie - sal je mirne vyhraty,11:15,12:15,9,20,Vera Vojtechova,zdravotni,Joga modry sal
17.04.2017 07:14,21.04.2017,Jogova terapie - sal je mirne vyhraty,11:15,12:15,10,20,Vera Vojtechova,zdravotni,Joga modry sal
17.04.2017 11:35,21.04.2017,Jogova terapie - sal je mirne vyhraty,11:15,12:15,11,20,Vera Vojtechova,zdravotni,Joga modry sal
17.04.2017 11:37,21.04.2017,Jogova terapie - sal je mirne vyhraty,11:15,12:15,12,20,Vera Vojtechova,zdravotni,Joga modry sal
18.04.2017 03:29,21.04.2017,Jogova terapie - sal je mirne vyhraty,11:15,12:15,13,20,Vera Vojtechova,zdravotni,Joga modry sal
18.04.2017 04:45,21.04.2017,Jogova terapie - sal je mirne vyhraty,11:15,12:15,14,20,Vera Vojtechova,zdravotni,Joga modry sal
18.04.2017 06:15,21.04.2017,Jogova terapie - sal je mirne vyhraty,11:15,12:15,15,20,Vera Vojtechova,zdravotni,Joga modry sal
18.04.2017 14:23,21.04.2017,Jogova terapie - sal je mirne vyhraty,11:15,12:15,16,20,Vera Vojtechova,zdravotni,Joga modry sal
19.04.2017 12:20,21.04.2017,Jogova terapie - sal je mirne vyhraty,11:15,12:15,17,20,Vera Vojtechova,zdravotni,Joga modry sal
20.04.2017 05:29,21.04.2017,Jogova terapie - sal je mirne vyhraty,11:15,12:15,18,20,Vera Vojtechova,zdravotni,Joga modry sal
20.04.2017 09:45,21.04.2017,Jogova terapie - sal je mirne vyhraty,11:15,12:15,18,20,Jitka Sedlarova ml.,zdravotni,Joga modry sal
20.04.2017 14:20,21.04.2017,Jogova terapie - sal je mirne vyhraty,11:15,12:15,17,20,Jitka Sedlarova ml.,zdravotni,Joga modry sal
20.04.2017 17:20,21.04.2017,Jogova terapie - sal je mirne vyhraty,11:15,12:15,16,20,Jitka Sedlarova ml.,zdravotni,Joga modry sal
21.04.2017 00:23,21.04.2017,Jogova terapie - sal je mirne vyhraty,11:15,12:15,15,20,Jitka Sedlarova ml.,zdravotni,Joga modry sal
21.04.2017 01:12,21.04.2017,Jogova terapie - sal je mirne vyhraty,11:15,12:15,14,20,Jitka Sedlarova ml.,zdravotni,Joga modry sal
21.04.2017 04:13,21.04.2017,Jogova terapie - sal je mirne vyhraty,11:15,12:15,19,20,Jitka Sedlarova ml.,zdravotni,Joga modry sal
21.04.2017 04:14,21.04.2017,Jogova terapie - sal je mirne vyhraty,11:15,12:15,20,20,Jitka Sedlarova ml.,zdravotni,Joga modry sal
16.04.2017 17:17,21.04.2017,Powerjoga,11:25,12:10,0,20,Tomas  Helbig,zacatecnici,Joga zeleny sal
20.04.2017 10:49,21.04.2017,Powerjoga,11:25,12:10,1,20,Tomas  Helbig,zacatecnici,Joga zeleny sal
21.04.2017 00:52,21.04.2017,Powerjoga,11:25,12:10,2,20,Tomas  Helbig,zacatecnici,Joga zeleny sal
21.04.2017 04:00,21.04.2017,Powerjoga,11:25,12:10,3,20,Tomas  Helbig,zacatecnici,Joga zeleny sal
21.04.2017 04:17,21.04.2017,Powerjoga,11:25,12:10,4,20,Tomas  Helbig,zacatecnici,Joga zeleny sal
21.04.2017 04:31,21.04.2017,Powerjoga,11:25,12:10,5,20,Tomas  Helbig,zacatecnici,Joga zeleny sal
21.04.2017 04:38,21.04.2017,Powerjoga,11:25,12:10,6,20,Tomas  Helbig,zacatecnici,Joga zeleny sal
21.04.2017 04:40,21.04.2017,Powerjoga,11:25,12:10,8,20,Tomas  Helbig,zacatecnici,Joga zeleny sal
21.04.2017 04:42,21.04.2017,Powerjoga,11:25,12:10,9,20,Tomas  Helbig,zacatecnici,Joga zeleny sal
21.04.2017 04:43,21.04.2017,Powerjoga,11:25,12:10,10,20,Tomas  Helbig,zacatecnici,Joga zeleny sal
21.04.2017 04:44,21.04.2017,Powerjoga,11:25,12:10,11,20,Tomas  Helbig,zacatecnici,Joga zeleny sal
16.04.2017 17:17,21.04.2017,Powerjoga,12:15,13:00,1,20,Tomas  Helbig,dynamicka posilovaci,Joga zeleny sal
20.04.2017 05:35,21.04.2017,Powerjoga,12:15,13:00,0,20,Tomas  Helbig,dynamicka posilovaci,Joga zeleny sal
21.04.2017 01:11,21.04.2017,Powerjoga,12:15,13:00,2,20,Tomas  Helbig,dynamicka posilovaci,Joga zeleny sal
21.04.2017 02:33,21.04.2017,Powerjoga,12:15,13:00,3,20,Tomas  Helbig,dynamicka posilovaci,Joga zeleny sal
21.04.2017 03:43,21.04.2017,Powerjoga,12:15,13:00,4,20,Tomas  Helbig,dynamicka posilovaci,Joga zeleny sal
21.04.2017 04:22,21.04.2017,Powerjoga,12:15,13:00,5,20,Tomas  Helbig,dynamicka posilovaci,Joga zeleny sal
21.04.2017 04:25,21.04.2017,Powerjoga,12:15,13:00,6,20,Tomas  Helbig,dynamicka posilovaci,Joga zeleny sal
21.04.2017 04:48,21.04.2017,Powerjoga,12:15,13:00,7,20,Tomas  Helbig,dynamicka posilovaci,Joga zeleny sal
21.04.2017 05:00,21.04.2017,Powerjoga,12:15,13:00,8,20,Tomas  Helbig,dynamicka posilovaci,Joga zeleny sal
21.04.2017 05:09,21.04.2017,Powerjoga,12:15,13:00,9,20,Tomas  Helbig,dynamicka posilovaci,Joga zeleny sal
21.04.2017 05:22,21.04.2017,Powerjoga,12:15,13:00,10,20,Tomas  Helbig,dynamicka posilovaci,Joga zeleny sal
21.04.2017 05:26,21.04.2017,Powerjoga,12:15,13:00,11,20,Tomas  Helbig,dynamicka posilovaci,Joga zeleny sal
21.04.2017 05:29,21.04.2017,Powerjoga,12:15,13:00,12,20,Tomas  Helbig,dynamicka posilovaci,Joga zeleny sal
21.04.2017 05:32,21.04.2017,Powerjoga,12:15,13:00,13,20,Tomas  Helbig,dynamicka posilovaci,Joga zeleny sal
16.04.2017 17:17,21.04.2017,Hatha joga,14:10,15:10,0,20,Sandra Justova,zacatecnici,Joga zeleny sal
17.04.2017 08:05,21.04.2017,Hatha joga,14:10,15:10,1,20,Sandra Justova,zacatecnici,Joga zeleny sal
19.04.2017 13:11,21.04.2017,Hatha joga,14:10,15:10,2,20,Sandra Justova,zacatecnici,Joga zeleny sal
20.04.2017 09:25,21.04.2017,Hatha joga,14:10,15:10,3,20,Sandra Justova,zacatecnici,Joga zeleny sal
21.04.2017 07:02,21.04.2017,Hatha joga,14:10,15:10,4,20,Sandra Justova,zacatecnici,Joga zeleny sal
21.04.2017 07:16,21.04.2017,Hatha joga,14:10,15:10,5,20,Sandra Justova,zacatecnici,Joga zeleny sal
21.04.2017 07:25,21.04.2017,Hatha joga,14:10,15:10,6,20,Sandra Justova,zacatecnici,Joga zeleny sal
16.04.2017 17:17,21.04.2017,Joga pro zdrava zada,15:15,16:15,2,20,Katerina  Kornova,zdravotni,Joga zeleny sal
18.04.2017 06:48,21.04.2017,Joga pro zdrava zada,15:15,16:15,2,20,Tomas  Helbig,zdravotni,Joga zeleny sal
18.04.2017 12:32,21.04.2017,Joga pro zdrava zada,15:15,16:15,1,20,Tomas  Helbig,zdravotni,Joga zeleny sal
21.04.2017 03:13,21.04.2017,Joga pro zdrava zada,15:15,16:15,3,20,Tomas  Helbig,zdravotni,Joga zeleny sal
21.04.2017 04:29,21.04.2017,Joga pro zdrava zada,15:15,16:15,4,20,Tomas  Helbig,zdravotni,Joga zeleny sal
21.04.2017 06:45,21.04.2017,Joga pro zdrava zada,15:15,16:15,5,20,Tomas  Helbig,zdravotni,Joga zeleny sal
21.04.2017 07:49,21.04.2017,Joga pro zdrava zada,15:15,16:15,6,20,Tomas  Helbig,zdravotni,Joga zeleny sal
21.04.2017 08:27,21.04.2017,Joga pro zdrava zada,15:15,16:15,7,20,Tomas  Helbig,zdravotni,Joga zeleny sal
16.04.2017 17:17,21.04.2017,Jemna joga,16:20,17:20,0,20,Katerina  Kornova,klidna protahovaci,Joga zeleny sal
18.04.2017 06:48,21.04.2017,Jemna joga,16:20,17:20,0,20,Tomas  Helbig,klidna protahovaci,Joga zeleny sal
19.04.2017 09:11,21.04.2017,Jemna joga,16:20,17:20,1,20,Tomas  Helbig,klidna protahovaci,Joga zeleny sal
21.04.2017 02:08,21.04.2017,Jemna joga,16:20,17:20,2,20,Tomas  Helbig,klidna protahovaci,Joga zeleny sal
21.04.2017 03:15,21.04.2017,Jemna joga,16:20,17:20,3,20,Tomas  Helbig,klidna protahovaci,Joga zeleny sal
21.04.2017 07:20,21.04.2017,Jemna joga,16:20,17:20,4,20,Tomas  Helbig,klidna protahovaci,Joga zeleny sal
21.04.2017 08:22,21.04.2017,Jemna joga,16:20,17:20,5,20,Tomas  Helbig,klidna protahovaci,Joga zeleny sal
21.04.2017 08:46,21.04.2017,Jemna joga,16:20,17:20,6,20,Tomas  Helbig,klidna protahovaci,Joga zeleny sal
21.04.2017 09:13,21.04.2017,Jemna joga,16:20,17:20,8,20,Tomas  Helbig,klidna protahovaci,Joga zeleny sal
21.04.2017 09:22,21.04.2017,Jemna joga,16:20,17:20,9,20,Tomas  Helbig,klidna protahovaci,Joga zeleny sal
16.04.2017 17:17,21.04.2017,Powerjoga,17:25,18:25,1,20,Hana Hruskova CJ / EN,dynamicka posilovaci,Joga zeleny sal
18.04.2017 02:57,21.04.2017,Powerjoga,17:25,18:25,1,20,Monika Vlachova,dynamicka posilovaci,Joga zeleny sal
18.04.2017 13:11,21.04.2017,Powerjoga,17:25,18:25,2,20,Monika Vlachova,dynamicka posilovaci,Joga zeleny sal
18.04.2017 14:33,21.04.2017,Powerjoga,17:25,18:25,3,20,Monika Vlachova,dynamicka posilovaci,Joga zeleny sal
21.04.2017 06:02,21.04.2017,Powerjoga,17:25,18:25,4,20,Monika Vlachova,dynamicka posilovaci,Joga zeleny sal
21.04.2017 07:11,21.04.2017,Powerjoga,17:25,18:25,5,20,Monika Vlachova,dynamicka posilovaci,Joga zeleny sal
21.04.2017 07:12,21.04.2017,Powerjoga,17:25,18:25,6,20,Monika Vlachova,dynamicka posilovaci,Joga zeleny sal
21.04.2017 07:29,21.04.2017,Powerjoga,17:25,18:25,7,20,Monika Vlachova,dynamicka posilovaci,Joga zeleny sal
21.04.2017 09:52,21.04.2017,Powerjoga ZASKOK,17:25,18:25,7,20,Tomas  Helbig,dynamicka posilovaci,Joga zeleny sal
21.04.2017 10:32,21.04.2017,Powerjoga ZASKOK,17:25,18:25,8,20,Tomas  Helbig,dynamicka posilovaci,Joga zeleny sal
16.04.2017 17:17,21.04.2017,Ashtanga joga - vhodna i pro zacatecniky,18:30,20:00,3,20,Hana Hruskova CJ / EN,zacatecnici,Joga zeleny sal
18.04.2017 01:55,21.04.2017,Ashtanga joga - vhodna i pro zacatecniky,18:30,20:00,4,20,Hana Hruskova CJ / EN,zacatecnici,Joga zeleny sal
18.04.2017 02:58,21.04.2017,Ashtanga joga - vhodna i pro zacatecniky,18:30,20:00,4,20,Monika Vlachova,zacatecnici,Joga zeleny sal
18.04.2017 03:18,21.04.2017,Ashtanga joga - vhodna i pro zacatecniky,18:30,20:00,3,20,Monika Vlachova,zacatecnici,Joga zeleny sal
20.04.2017 13:10,21.04.2017,Ashtanga joga - vhodna i pro zacatecniky,18:30,20:00,5,20,Monika Vlachova,zacatecnici,Joga zeleny sal
20.04.2017 15:07,21.04.2017,Ashtanga joga - vhodna i pro zacatecniky,18:30,20:00,6,20,Monika Vlachova,zacatecnici,Joga zeleny sal
21.04.2017 05:55,21.04.2017,Ashtanga joga - vhodna i pro zacatecniky,18:30,20:00,7,20,Monika Vlachova,zacatecnici,Joga zeleny sal
21.04.2017 06:10,21.04.2017,Ashtanga joga - vhodna i pro zacatecniky,18:30,20:00,8,20,Monika Vlachova,zacatecnici,Joga zeleny sal
21.04.2017 09:07,21.04.2017,Ashtanga joga - vhodna i pro zacatecniky,18:30,20:00,8,20,Lenka Martinkova,zacatecnici,Joga zeleny sal
21.04.2017 09:29,21.04.2017,Ashtanga joga - vhodna i pro zacatecniky,18:30,20:00,9,20,Lenka Martinkova,zacatecnici,Joga zeleny sal
21.04.2017 10:15,21.04.2017,Ashtanga joga - vhodna i pro zacatecniky,18:30,20:00,10,20,Lenka Martinkova,zacatecnici,Joga zeleny sal
21.04.2017 12:07,21.04.2017,Ashtanga joga - vhodna i pro zacatecniky,18:30,20:00,12,20,Lenka Martinkova,zacatecnici,Joga zeleny sal
21.04.2017 12:08,21.04.2017,Ashtanga joga - vhodna i pro zacatecniky,18:30,20:00,14,20,Lenka Martinkova,zacatecnici,Joga zeleny sal
16.04.2017 17:17,21.04.2017,Hatha joga,7:00,8:00,1,20,Alexandra Mandova,zacatecnici,Joga zeleny sal
18.04.2017 03:47,21.04.2017,Hatha joga,7:00,8:00,0,20,Alexandra Mandova,zacatecnici,Joga zeleny sal
19.04.2017 04:07,21.04.2017,Hatha joga,7:00,8:00,2,20,Alexandra Mandova,zacatecnici,Joga zeleny sal
16.04.2017 17:17,21.04.2017,Jemna joga,8:05,8:50,0,20,Alexandra Mandova,klidna protahovaci,Joga zeleny sal
20.04.2017 10:33,21.04.2017,Jemna joga,8:05,8:50,1,20,Alexandra Mandova,klidna protahovaci,Joga zeleny sal
16.04.2017 17:17,22.04.2017,Powerjoga,10:20,11:20,0,20,Martina Dvorakova,dynamicka posilovaci,Joga zeleny sal
20.04.2017 01:40,22.04.2017,Powerjoga,10:20,11:20,1,20,Martina Dvorakova,dynamicka posilovaci,Joga zeleny sal
21.04.2017 02:42,22.04.2017,Powerjoga,10:20,11:20,2,20,Martina Dvorakova,dynamicka posilovaci,Joga zeleny sal
21.04.2017 08:23,22.04.2017,Powerjoga,10:20,11:20,3,20,Martina Dvorakova,dynamicka posilovaci,Joga zeleny sal
21.04.2017 12:11,22.04.2017,Powerjoga,10:20,11:20,4,20,Martina Dvorakova,dynamicka posilovaci,Joga zeleny sal
21.04.2017 13:08,22.04.2017,Powerjoga,10:20,11:20,5,20,Martina Dvorakova,dynamicka posilovaci,Joga zeleny sal
21.04.2017 13:52,22.04.2017,Powerjoga,10:20,11:20,6,20,Martina Dvorakova,dynamicka posilovaci,Joga zeleny sal
22.04.2017 00:56,22.04.2017,Powerjoga,10:20,11:20,7,20,Martina Dvorakova,dynamicka posilovaci,Joga zeleny sal
22.04.2017 02:58,22.04.2017,Powerjoga,10:20,11:20,8,20,Martina Dvorakova,dynamicka posilovaci,Joga zeleny sal
22.04.2017 03:15,22.04.2017,Powerjoga,10:20,11:20,9,20,Martina Dvorakova,dynamicka posilovaci,Joga zeleny sal
22.04.2017 03:21,22.04.2017,Powerjoga,10:20,11:20,10,20,Martina Dvorakova,dynamicka posilovaci,Joga zeleny sal
22.04.2017 03:24,22.04.2017,Powerjoga,10:20,11:20,11,20,Martina Dvorakova,dynamicka posilovaci,Joga zeleny sal
22.04.2017 03:25,22.04.2017,Powerjoga,10:20,11:20,12,20,Martina Dvorakova,dynamicka posilovaci,Joga zeleny sal
16.04.2017 17:17,22.04.2017,Hatha joga,11:30,13:00,0,20,Martina Koralova,zacatecnici,Joga zeleny sal
19.04.2017 07:01,22.04.2017,Hatha joga,11:30,13:00,1,20,Martina Koralova,zacatecnici,Joga zeleny sal
20.04.2017 01:37,22.04.2017,Hatha joga,11:30,13:00,2,20,Martina Koralova,zacatecnici,Joga zeleny sal
20.04.2017 08:40,22.04.2017,Hatha joga,11:30,13:00,3,20,Martina Koralova,zacatecnici,Joga zeleny sal
20.04.2017 08:41,22.04.2017,Hatha joga,11:30,13:00,4,20,Martina Koralova,zacatecnici,Joga zeleny sal
20.04.2017 15:41,22.04.2017,Hatha joga,11:30,13:00,5,20,Martina Koralova,zacatecnici,Joga zeleny sal
21.04.2017 03:23,22.04.2017,Hatha joga,11:30,13:00,6,20,Martina Koralova,zacatecnici,Joga zeleny sal
21.04.2017 06:13,22.04.2017,Hatha joga,11:30,13:00,7,20,Martina Koralova,zacatecnici,Joga zeleny sal
21.04.2017 14:15,22.04.2017,Hatha joga,11:30,13:00,8,20,Martina Koralova,zacatecnici,Joga zeleny sal
22.04.2017 03:10,22.04.2017,Hatha joga,11:30,13:00,9,20,Martina Koralova,zacatecnici,Joga zeleny sal
22.04.2017 03:53,22.04.2017,Hatha joga,11:30,13:00,10,20,Martina Koralova,zacatecnici,Joga zeleny sal
22.04.2017 04:29,22.04.2017,Hatha joga,11:30,13:00,11,20,Martina Koralova,zacatecnici,Joga zeleny sal
22.04.2017 04:36,22.04.2017,Hatha joga,11:30,13:00,12,20,Martina Koralova,zacatecnici,Joga zeleny sal
20.04.2017 02:06,22.04.2017,Zaciname s jogou - Kurz zakladu vinyasy,13:05,14:35,0,20,Martina Koralova,,Joga zeleny sal
21.04.2017 02:22,22.04.2017,Zaciname s jogou - Kurz zakladu vinyasy,13:05,14:35,3,20,Martina Koralova,,Joga zeleny sal
21.04.2017 02:23,22.04.2017,Zaciname s jogou - Kurz zakladu vinyasy,13:05,14:35,4,20,Martina Koralova,,Joga zeleny sal
21.04.2017 02:24,22.04.2017,Zaciname s jogou - Kurz zakladu vinyasy,13:05,14:35,5,20,Martina Koralova,,Joga zeleny sal
22.04.2017 05:40,22.04.2017,Zaciname s jogou - Kurz zakladu vinyasy,13:05,14:35,6,20,Martina Koralova,,Joga zeleny sal
22.04.2017 06:21,22.04.2017,Zaciname s jogou - Kurz zakladu vinyasy,13:05,14:35,7,20,Martina Koralova,,Joga zeleny sal
16.04.2017 17:17,22.04.2017,Powerjoga,15:50,16:50,0,20,Veronika  Brozova CJ / EN,dynamicka posilovaci,Joga zeleny sal
21.04.2017 13:42,22.04.2017,Powerjoga,15:50,16:50,1,20,Veronika  Brozova CJ / EN,dynamicka posilovaci,Joga zeleny sal
22.04.2017 02:52,22.04.2017,Powerjoga,15:50,16:50,2,20,Veronika  Brozova CJ / EN,dynamicka posilovaci,Joga zeleny sal
22.04.2017 06:28,22.04.2017,Powerjoga,15:50,16:50,3,20,Veronika  Brozova CJ / EN,dynamicka posilovaci,Joga zeleny sal
22.04.2017 06:43,22.04.2017,Powerjoga,15:50,16:50,4,20,Veronika  Brozova CJ / EN,dynamicka posilovaci,Joga zeleny sal
22.04.2017 07:03,22.04.2017,Powerjoga,15:50,16:50,5,20,Veronika  Brozova CJ / EN,dynamicka posilovaci,Joga zeleny sal
22.04.2017 08:13,22.04.2017,Powerjoga,15:50,16:50,6,20,Veronika  Brozova CJ / EN,dynamicka posilovaci,Joga zeleny sal
22.04.2017 08:18,22.04.2017,Powerjoga,15:50,16:50,8,20,Veronika  Brozova CJ / EN,dynamicka posilovaci,Joga zeleny sal
22.04.2017 08:54,22.04.2017,Powerjoga,15:50,16:50,9,20,Veronika  Brozova CJ / EN,dynamicka posilovaci,Joga zeleny sal
22.04.2017 09:00,22.04.2017,Powerjoga,15:50,16:50,10,20,Veronika  Brozova CJ / EN,dynamicka posilovaci,Joga zeleny sal
22.04.2017 09:01,22.04.2017,Powerjoga,15:50,16:50,11,20,Veronika  Brozova CJ / EN,dynamicka posilovaci,Joga zeleny sal
16.04.2017 17:17,22.04.2017,Jemna joga,17:00,18:30,0,20,Veronika  Brozova CJ / EN,klidna protahovaci,Joga zeleny sal
18.04.2017 06:31,22.04.2017,Jemna joga,17:00,18:30,1,20,Veronika  Brozova CJ / EN,klidna protahovaci,Joga zeleny sal
18.04.2017 06:53,22.04.2017,Jemna joga,17:00,18:30,2,20,Veronika  Brozova CJ / EN,klidna protahovaci,Joga zeleny sal
21.04.2017 11:31,22.04.2017,Jemna joga,17:00,18:30,3,20,Veronika  Brozova CJ / EN,klidna protahovaci,Joga zeleny sal
22.04.2017 04:13,22.04.2017,Jemna joga,17:00,18:30,4,20,Veronika  Brozova CJ / EN,klidna protahovaci,Joga zeleny sal
22.04.2017 09:22,22.04.2017,Jemna joga,17:00,18:30,5,20,Veronika  Brozova CJ / EN,klidna protahovaci,Joga zeleny sal
16.04.2017 17:17,22.04.2017,Hatha joga,9:15,10:15,3,20,Martina Dvorakova,klidna protahovaci,Joga zeleny sal
17.04.2017 04:14,22.04.2017,Hatha joga,9:15,10:15,4,20,Martina Dvorakova,klidna protahovaci,Joga zeleny sal
21.04.2017 06:56,22.04.2017,Hatha joga,9:15,10:15,5,20,Martina Dvorakova,klidna protahovaci,Joga zeleny sal
21.04.2017 09:46,22.04.2017,Hatha joga,9:15,10:15,6,20,Martina Dvorakova,klidna protahovaci,Joga zeleny sal
21.04.2017 09:47,22.04.2017,Hatha joga,9:15,10:15,7,20,Martina Dvorakova,klidna protahovaci,Joga zeleny sal
21.04.2017 12:25,22.04.2017,Hatha joga,9:15,10:15,8,20,Martina Dvorakova,klidna protahovaci,Joga zeleny sal
21.04.2017 14:57,22.04.2017,Hatha joga,9:15,10:15,9,20,Martina Dvorakova,klidna protahovaci,Joga zeleny sal
22.04.2017 02:16,22.04.2017,Hatha joga,9:15,10:15,11,20,Martina Dvorakova,klidna protahovaci,Joga zeleny sal
22.04.2017 02:29,22.04.2017,Hatha joga,9:15,10:15,13,20,Martina Dvorakova,klidna protahovaci,Joga zeleny sal
22.04.2017 02:30,22.04.2017,Hatha joga,9:15,10:15,14,20,Martina Dvorakova,klidna protahovaci,Joga zeleny sal
16.04.2017 17:17,23.04.2017,Hot joga,16:45,18:15,4,30,Alexandra Mandova,zacatecnici,Hot-joga
17.04.2017 17:43,23.04.2017,Hot joga,16:45,18:15,5,30,Alexandra Mandova,zacatecnici,Hot-joga
18.04.2017 03:23,23.04.2017,Hot joga,16:45,18:15,6,30,Alexandra Mandova,zacatecnici,Hot-joga
18.04.2017 03:40,23.04.2017,Hot joga,16:45,18:15,7,30,Alexandra Mandova,zacatecnici,Hot-joga
18.04.2017 05:10,23.04.2017,Hot joga,16:45,18:15,8,30,Alexandra Mandova,zacatecnici,Hot-joga
18.04.2017 10:59,23.04.2017,Hot joga,16:45,18:15,9,30,Alexandra Mandova,zacatecnici,Hot-joga
18.04.2017 13:44,23.04.2017,Hot joga,16:45,18:15,10,30,Alexandra Mandova,zacatecnici,Hot-joga
19.04.2017 04:33,23.04.2017,Hot joga,16:45,18:15,11,30,Alexandra Mandova,zacatecnici,Hot-joga
19.04.2017 04:44,23.04.2017,Hot joga,16:45,18:15,12,30,Alexandra Mandova,zacatecnici,Hot-joga
19.04.2017 11:37,23.04.2017,Hot joga,16:45,18:15,13,30,Alexandra Mandova,zacatecnici,Hot-joga
19.04.2017 12:33,23.04.2017,Hot joga,16:45,18:15,14,30,Alexandra Mandova,zacatecnici,Hot-joga
19.04.2017 15:52,23.04.2017,Hot joga,16:45,18:15,15,30,Alexandra Mandova,zacatecnici,Hot-joga
20.04.2017 02:00,23.04.2017,Hot joga,16:45,18:15,16,30,Alexandra Mandova,zacatecnici,Hot-joga
20.04.2017 03:40,23.04.2017,Hot joga,16:45,18:15,17,30,Alexandra Mandova,zacatecnici,Hot-joga
20.04.2017 03:43,23.04.2017,Hot joga,16:45,18:15,18,30,Alexandra Mandova,zacatecnici,Hot-joga
20.04.2017 07:58,23.04.2017,Hot joga,16:45,18:15,19,30,Alexandra Mandova,zacatecnici,Hot-joga
20.04.2017 13:23,23.04.2017,Hot joga,16:45,18:15,20,30,Alexandra Mandova,zacatecnici,Hot-joga
20.04.2017 13:24,23.04.2017,Hot joga,16:45,18:15,21,30,Alexandra Mandova,zacatecnici,Hot-joga
20.04.2017 15:07,23.04.2017,Hot joga,16:45,18:15,22,30,Alexandra Mandova,zacatecnici,Hot-joga
20.04.2017 18:09,23.04.2017,Hot joga,16:45,18:15,23,30,Alexandra Mandova,zacatecnici,Hot-joga
21.04.2017 03:04,23.04.2017,Hot joga,16:45,18:15,24,30,Alexandra Mandova,zacatecnici,Hot-joga
21.04.2017 05:12,23.04.2017,Hot joga,16:45,18:15,25,30,Alexandra Mandova,zacatecnici,Hot-joga
21.04.2017 05:45,23.04.2017,Hot joga,16:45,18:15,26,30,Alexandra Mandova,zacatecnici,Hot-joga
21.04.2017 06:15,23.04.2017,Hot joga,16:45,18:15,27,30,Alexandra Mandova,zacatecnici,Hot-joga
21.04.2017 14:58,23.04.2017,Hot joga,16:45,18:15,28,30,Alexandra Mandova,zacatecnici,Hot-joga
22.04.2017 03:44,23.04.2017,Hot joga,16:45,18:15,29,30,Alexandra Mandova,zacatecnici,Hot-joga
22.04.2017 09:29,23.04.2017,Hot joga,16:45,18:15,30,30,Alexandra Mandova,zacatecnici,Hot-joga
16.04.2017 17:17,23.04.2017,Hatha joga,17:00,18:00,3,20,Tomas  Helbig,klidna protahovaci,Joga zeleny sal
18.04.2017 06:16,23.04.2017,Hatha joga,17:00,18:00,4,20,Tomas  Helbig,klidna protahovaci,Joga zeleny sal
21.04.2017 07:04,23.04.2017,Hatha joga,17:00,18:00,5,20,Tomas  Helbig,klidna protahovaci,Joga zeleny sal
21.04.2017 09:04,23.04.2017,Hatha joga,17:00,18:00,6,20,Tomas  Helbig,klidna protahovaci,Joga zeleny sal
23.04.2017 07:18,23.04.2017,Hatha joga,17:00,18:00,7,20,Tomas  Helbig,klidna protahovaci,Joga zeleny sal
23.04.2017 08:00,23.04.2017,Hatha joga,17:00,18:00,8,20,Tomas  Helbig,klidna protahovaci,Joga zeleny sal
23.04.2017 09:01,23.04.2017,Hatha joga,17:00,18:00,9,20,Tomas  Helbig,klidna protahovaci,Joga zeleny sal
23.04.2017 10:16,23.04.2017,Hatha joga,17:00,18:00,12,20,Tomas  Helbig,klidna protahovaci,Joga zeleny sal
16.04.2017 17:17,23.04.2017,Powerjoga - vhodna i pro zacatecniky,18:10,19:40,20,20,Petra Tomkova,dynamicka posilovaci,Joga zeleny sal
19.04.2017 07:56,23.04.2017,Powerjoga - vhodna i pro zacatecniky,18:10,19:40,19,20,Petra Tomkova,dynamicka posilovaci,Joga zeleny sal
16.04.2017 17:17,23.04.2017,Hot joga,18:30,19:30,1,30,Alexandra Mandova,dynamicka posilovaci,Hot-joga
18.04.2017 05:42,23.04.2017,Hot joga,18:30,19:30,2,30,Alexandra Mandova,dynamicka posilovaci,Hot-joga
18.04.2017 06:14,23.04.2017,Hot joga,18:30,19:30,3,30,Alexandra Mandova,dynamicka posilovaci,Hot-joga
19.04.2017 08:53,23.04.2017,Hot joga,18:30,19:30,4,30,Alexandra Mandova,dynamicka posilovaci,Hot-joga
20.04.2017 04:01,23.04.2017,Hot joga,18:30,19:30,5,30,Alexandra Mandova,dynamicka posilovaci,Hot-joga
22.04.2017 12:11,23.04.2017,Hot joga,18:30,19:30,6,30,Alexandra Mandova,dynamicka posilovaci,Hot-joga
23.04.2017 06:19,23.04.2017,Hot joga,18:30,19:30,7,30,Alexandra Mandova,dynamicka posilovaci,Hot-joga
23.04.2017 06:39,23.04.2017,Hot joga,18:30,19:30,8,30,Alexandra Mandova,dynamicka posilovaci,Hot-joga
23.04.2017 07:25,23.04.2017,Hot joga,18:30,19:30,9,30,Alexandra Mandova,dynamicka posilovaci,Hot-joga
23.04.2017 07:26,23.04.2017,Hot joga,18:30,19:30,10,30,Alexandra Mandova,dynamicka posilovaci,Hot-joga
23.04.2017 07:45,23.04.2017,Hot joga,18:30,19:30,11,30,Alexandra Mandova,dynamicka posilovaci,Hot-joga
23.04.2017 08:53,23.04.2017,Hot joga,18:30,19:30,12,30,Alexandra Mandova,dynamicka posilovaci,Hot-joga
23.04.2017 10:04,23.04.2017,Hot joga,18:30,19:30,13,30,Alexandra Mandova,dynamicka posilovaci,Hot-joga
16.04.2017 17:17,23.04.2017,Intenzivni kurz jogy - uzavreny kurz,19:45,21:15,0,0,Katka  Prymkova  CJ / EN,,Joga zeleny sal
23.04.2017 17:16,24.04.2017,Joga pro zdrava zada - vhodna pro zacatecniky,10:15,11:15,3,20,Silvie Cifrincova,zdravotni,Joga zeleny sal
24.04.2017 03:28,24.04.2017,Joga pro zdrava zada - vhodna pro zacatecniky,10:15,11:15,4,20,Silvie Cifrincova,zdravotni,Joga zeleny sal
24.04.2017 03:43,24.04.2017,Joga pro zdrava zada - vhodna pro zacatecniky,10:15,11:15,2,20,Silvie Cifrincova,zdravotni,Joga zeleny sal
23.04.2017 17:16,24.04.2017,Power joga,11:25,12:10,2,20,Tomas  Helbig,dynamicka posilovaci,Joga zeleny sal
24.04.2017 00:23,24.04.2017,Power joga,11:25,12:10,1,20,Tomas  Helbig,dynamicka posilovaci,Joga zeleny sal
24.04.2017 03:22,24.04.2017,Power joga,11:25,12:10,3,20,Tomas  Helbig,dynamicka posilovaci,Joga zeleny sal
24.04.2017 04:33,24.04.2017,Power joga,11:25,12:10,4,20,Tomas  Helbig,dynamicka posilovaci,Joga zeleny sal
23.04.2017 17:16,24.04.2017,Hatha joga - vhodna i pro zacatecniky,11:40,12:25,1,20,Alexandra Mandova,klidna protahovaci,Joga modry sal
24.04.2017 02:44,24.04.2017,Hatha joga - vhodna i pro zacatecniky,11:40,12:25,0,20,Alexandra Mandova,klidna protahovaci,Joga modry sal
23.04.2017 17:16,24.04.2017,Powerjoga,12:15,13:00,0,20,Tomas  Helbig,zacatecnici,Joga zeleny sal
24.04.2017 03:43,24.04.2017,Powerjoga,12:15,13:00,1,20,Tomas  Helbig,zacatecnici,Joga zeleny sal
24.04.2017 03:46,24.04.2017,Powerjoga,12:15,13:00,2,20,Tomas  Helbig,zacatecnici,Joga zeleny sal
24.04.2017 03:47,24.04.2017,Powerjoga,12:15,13:00,4,20,Tomas  Helbig,zacatecnici,Joga zeleny sal
24.04.2017 04:56,24.04.2017,Powerjoga,12:15,13:00,5,20,Tomas  Helbig,zacatecnici,Joga zeleny sal
24.04.2017 05:01,24.04.2017,Powerjoga,12:15,13:00,7,20,Tomas  Helbig,zacatecnici,Joga zeleny sal
24.04.2017 05:06,24.04.2017,Powerjoga,12:15,13:00,8,20,Tomas  Helbig,zacatecnici,Joga zeleny sal
24.04.2017 05:26,24.04.2017,Powerjoga,12:15,13:00,9,20,Tomas  Helbig,zacatecnici,Joga zeleny sal
23.04.2017 17:16,24.04.2017,Office joga,12:30,13:15,1,30,Alexandra Mandova,klidna protahovaci,Joga modry sal
24.04.2017 03:06,24.04.2017,Office joga,12:30,13:15,2,30,Alexandra Mandova,klidna protahovaci,Joga modry sal
24.04.2017 03:27,24.04.2017,Office joga,12:30,13:15,3,30,Alexandra Mandova,klidna protahovaci,Joga modry sal
23.04.2017 17:16,24.04.2017,Jemna joga,15:05,16:05,6,20,Vera Vojtechova,klidna protahovaci,Joga zeleny sal
24.04.2017 01:30,24.04.2017,Jemna joga,15:05,16:05,7,20,Vera Vojtechova,klidna protahovaci,Joga zeleny sal
24.04.2017 03:30,24.04.2017,Jemna joga,15:05,16:05,8,20,Vera Vojtechova,klidna protahovaci,Joga zeleny sal
24.04.2017 03:44,24.04.2017,Jemna joga,15:05,16:05,9,20,Vera Vojtechova,klidna protahovaci,Joga zeleny sal
24.04.2017 04:13,24.04.2017,Jemna joga,15:05,16:05,10,20,Vera Vojtechova,klidna protahovaci,Joga zeleny sal
24.04.2017 04:44,24.04.2017,Jemna joga,15:05,16:05,11,20,Vera Vojtechova,klidna protahovaci,Joga zeleny sal
24.04.2017 05:49,24.04.2017,Jemna joga,15:05,16:05,12,20,Vera Vojtechova,klidna protahovaci,Joga zeleny sal
24.04.2017 06:07,24.04.2017,Jemna joga,15:05,16:05,13,20,Vera Vojtechova,klidna protahovaci,Joga zeleny sal
24.04.2017 08:06,24.04.2017,Jemna joga,15:05,16:05,14,20,Vera Vojtechova,klidna protahovaci,Joga zeleny sal
23.04.2017 17:16,24.04.2017,Joga pro zdrava zada - vhodna pro zacatecniky,16:10,17:10,7,20,Vera Vojtechova,zdravotni,Joga zeleny sal
24.04.2017 02:35,24.04.2017,Joga pro zdrava zada - vhodna pro zacatecniky,16:10,17:10,8,20,Vera Vojtechova,zdravotni,Joga zeleny sal
24.04.2017 02:45,24.04.2017,Joga pro zdrava zada - vhodna pro zacatecniky,16:10,17:10,9,20,Vera Vojtechova,zdravotni,Joga zeleny sal
24.04.2017 03:24,24.04.2017,Joga pro zdrava zada - vhodna pro zacatecniky,16:10,17:10,10,20,Vera Vojtechova,zdravotni,Joga zeleny sal
24.04.2017 04:43,24.04.2017,Joga pro zdrava zada - vhodna pro zacatecniky,16:10,17:10,11,20,Vera Vojtechova,zdravotni,Joga zeleny sal
24.04.2017 09:19,24.04.2017,Joga pro zdrava zada - vhodna pro zacatecniky,16:10,17:10,12,20,Vera Vojtechova,zdravotni,Joga zeleny sal
23.04.2017 17:15,24.04.2017,Hot joga,16:40,17:40,6,30,Veronika  Brozova CJ / EN,zacatecnici,Hot-joga
24.04.2017 02:29,24.04.2017,Hot joga,16:40,17:40,7,30,Veronika  Brozova CJ / EN,zacatecnici,Hot-joga
24.04.2017 02:40,24.04.2017,Hot joga,16:40,17:40,8,30,Veronika  Brozova CJ / EN,zacatecnici,Hot-joga
24.04.2017 05:08,24.04.2017,Hot joga,16:40,17:40,9,30,Veronika  Brozova CJ / EN,zacatecnici,Hot-joga
24.04.2017 09:18,24.04.2017,Hot joga,16:40,17:40,10,30,Veronika  Brozova CJ / EN,zacatecnici,Hot-joga
24.04.2017 09:57,24.04.2017,Hot joga,16:40,17:40,11,30,Veronika  Brozova CJ / EN,zacatecnici,Hot-joga
23.04.2017 17:16,24.04.2017,Ashtanga joga,17:20,18:50,5,20,Katka  Prymkova  CJ / EN,dynamicka posilovaci,Joga zeleny sal
24.04.2017 02:43,24.04.2017,Ashtanga joga,17:20,18:50,6,20,Katka  Prymkova  CJ / EN,dynamicka posilovaci,Joga zeleny sal
24.04.2017 10:20,24.04.2017,Ashtanga joga,17:20,18:50,7,20,Katka  Prymkova  CJ / EN,dynamicka posilovaci,Joga zeleny sal
24.04.2017 10:44,24.04.2017,Ashtanga joga,17:20,18:50,8,20,Katka  Prymkova  CJ / EN,dynamicka posilovaci,Joga zeleny sal
23.04.2017 17:15,24.04.2017,Hot joga,18:00,19:30,7,30,Monika Stuart,klidna protahovaci,Hot-joga
24.04.2017 03:59,24.04.2017,Hot joga,18:00,19:30,8,30,Monika Stuart,klidna protahovaci,Hot-joga
24.04.2017 04:07,24.04.2017,Hot joga,18:00,19:30,9,30,Monika Stuart,klidna protahovaci,Hot-joga
24.04.2017 06:25,24.04.2017,Hot joga,18:00,19:30,10,30,Monika Stuart,klidna protahovaci,Hot-joga
24.04.2017 06:49,24.04.2017,Hot joga,18:00,19:30,11,30,Monika Stuart,klidna protahovaci,Hot-joga
24.04.2017 08:06,24.04.2017,Hot joga,18:00,19:30,12,30,Monika Stuart,klidna protahovaci,Hot-joga
24.04.2017 08:37,24.04.2017,Hot joga,18:00,19:30,13,30,Monika Stuart,klidna protahovaci,Hot-joga
24.04.2017 08:52,24.04.2017,Hot joga,18:00,19:30,14,30,Monika Stuart,klidna protahovaci,Hot-joga
24.04.2017 08:53,24.04.2017,Hot joga,18:00,19:30,15,30,Monika Stuart,klidna protahovaci,Hot-joga
24.04.2017 10:15,24.04.2017,Hot joga,18:00,19:30,16,30,Monika Stuart,klidna protahovaci,Hot-joga
24.04.2017 11:10,24.04.2017,Hot joga,18:00,19:30,17,30,Monika Stuart,klidna protahovaci,Hot-joga
24.04.2017 11:20,24.04.2017,Hot joga,18:00,19:30,18,30,Monika Stuart,klidna protahovaci,Hot-joga
23.04.2017 17:16,24.04.2017,Hatha joga,18:55,19:55,9,20,Veronika  Brozova CJ / EN,klidna protahovaci,Joga zeleny sal
24.04.2017 01:33,24.04.2017,Hatha joga  ZASKOK,18:55,19:55,9,20,Veronika  Brozova CJ / EN,klidna protahovaci,Joga zeleny sal
24.04.2017 06:24,24.04.2017,Hatha joga  ZASKOK,18:55,19:55,10,20,Veronika  Brozova CJ / EN,klidna protahovaci,Joga zeleny sal
24.04.2017 06:37,24.04.2017,Hatha joga  ZASKOK,18:55,19:55,11,20,Veronika  Brozova CJ / EN,klidna protahovaci,Joga zeleny sal
24.04.2017 07:44,24.04.2017,Hatha joga  ZASKOK,18:55,19:55,12,20,Veronika  Brozova CJ / EN,klidna protahovaci,Joga zeleny sal
24.04.2017 10:49,24.04.2017,Hatha joga  ZASKOK,18:55,19:55,13,20,Veronika  Brozova CJ / EN,klidna protahovaci,Joga zeleny sal
24.04.2017 12:03,24.04.2017,Hatha joga  ZASKOK,18:55,19:55,14,20,Veronika  Brozova CJ / EN,klidna protahovaci,Joga zeleny sal
23.04.2017 17:15,24.04.2017,Hot joga,19:45,21:15,3,30,Marketa  Samesova,dynamicka posilovaci,Hot-joga
23.04.2017 23:51,24.04.2017,Hot joga,19:45,21:15,4,30,Marketa  Samesova,dynamicka posilovaci,Hot-joga
24.04.2017 03:30,24.04.2017,Hot joga,19:45,21:15,5,30,Marketa  Samesova,dynamicka posilovaci,Hot-joga
24.04.2017 03:45,24.04.2017,Hot joga,19:45,21:15,6,30,Marketa  Samesova,dynamicka posilovaci,Hot-joga
24.04.2017 06:37,24.04.2017,Hot joga,19:45,21:15,7,30,Marketa  Samesova,dynamicka posilovaci,Hot-joga
24.04.2017 14:01,24.04.2017,Hot joga,19:45,21:15,8,30,Marketa  Samesova,dynamicka posilovaci,Hot-joga
24.04.2017 14:05,24.04.2017,Hot joga,19:45,21:15,9,30,Marketa  Samesova,dynamicka posilovaci,Hot-joga
23.04.2017 17:16,24.04.2017,Powerjoga,7:00,8:00,5,20,Eva Dornakova CJ / NJ,zacatecnici,Joga zeleny sal
24.04.2017 00:11,24.04.2017,Powerjoga,7:00,8:00,6,20,Eva Dornakova CJ / NJ,zacatecnici,Joga zeleny sal
23.04.2017 17:16,24.04.2017,Hatha joga - vhodna i pro zacatecniky,8:05,8:50,2,20,Eva Dornakova CJ / NJ,klidna protahovaci,Joga zeleny sal
24.04.2017 00:29,24.04.2017,Hatha joga - vhodna i pro zacatecniky,8:05,8:50,1,20,Eva Dornakova CJ / NJ,klidna protahovaci,Joga zeleny sal
23.04.2017 17:16,24.04.2017,Powerjoga,9:10,10:10,0,20,Silvie Cifrincova,dynamicka posilovaci,Joga zeleny sal
23.04.2017 17:16,25.04.2017,Jemna joga,10:20,11:20,1,20,Katerina  Kornova,klidna protahovaci,Joga zeleny sal
25.04.2017 00:46,25.04.2017,Jemna joga,10:20,11:20,0,20,Katerina  Kornova,klidna protahovaci,Joga zeleny sal
23.04.2017 17:16,25.04.2017,Joga pro seniory,10:35,11:35,2,30,Blanka Lorencova,klidna protahovaci,Joga modry sal
24.04.2017 10:31,25.04.2017,Joga pro seniory,10:35,11:35,1,30,Blanka Lorencova,klidna protahovaci,Joga modry sal
24.04.2017 14:57,25.04.2017,Joga pro seniory,10:35,11:35,3,30,Blanka Lorencova,klidna protahovaci,Joga modry sal
25.04.2017 00:25,25.04.2017,Joga pro seniory,10:35,11:35,4,30,Blanka Lorencova,klidna protahovaci,Joga modry sal
25.04.2017 01:48,25.04.2017,Joga pro seniory,10:35,11:35,5,30,Blanka Lorencova,klidna protahovaci,Joga modry sal
23.04.2017 17:16,25.04.2017,Joga pro zdrava zada,11:25,12:10,1,20,Katerina  Kornova,zdravotni,Joga zeleny sal
24.04.2017 05:29,25.04.2017,Joga pro zdrava zada,11:25,12:10,2,20,Katerina  Kornova,zdravotni,Joga zeleny sal
25.04.2017 02:04,25.04.2017,Joga pro zdrava zada,11:25,12:10,3,20,Katerina  Kornova,zdravotni,Joga zeleny sal
25.04.2017 02:26,25.04.2017,Joga pro zdrava zada,11:25,12:10,4,20,Katerina  Kornova,zdravotni,Joga zeleny sal
25.04.2017 03:32,25.04.2017,Joga pro zdrava zada,11:25,12:10,5,20,Katerina  Kornova,zdravotni,Joga zeleny sal
25.04.2017 03:35,25.04.2017,Joga pro zdrava zada,11:25,12:10,6,20,Katerina  Kornova,zdravotni,Joga zeleny sal
25.04.2017 04:38,25.04.2017,Joga pro zdrava zada,11:25,12:10,7,20,Katerina  Kornova,zdravotni,Joga zeleny sal
25.04.2017 04:39,25.04.2017,Joga pro zdrava zada,11:25,12:10,8,20,Katerina  Kornova,zdravotni,Joga zeleny sal
23.04.2017 17:16,25.04.2017,Powerjoga,11:40,12:25,1,30,Tomas  Helbig,zacatecnici,Joga modry sal
24.04.2017 04:20,25.04.2017,Powerjoga,11:40,12:25,2,30,Tomas  Helbig,zacatecnici,Joga modry sal
24.04.2017 08:44,25.04.2017,Powerjoga,11:40,12:25,3,30,Tomas  Helbig,zacatecnici,Joga modry sal
25.04.2017 03:39,25.04.2017,Powerjoga,11:40,12:25,4,30,Tomas  Helbig,zacatecnici,Joga modry sal
25.04.2017 04:21,25.04.2017,Powerjoga,11:40,12:25,5,30,Tomas  Helbig,zacatecnici,Joga modry sal
23.04.2017 17:16,25.04.2017,Joga pro zdrava zada,12:15,13:00,0,20,Katerina  Kornova,zdravotni,Joga zeleny sal
24.04.2017 03:29,25.04.2017,Joga pro zdrava zada,12:15,13:00,1,20,Katerina  Kornova,zdravotni,Joga zeleny sal
25.04.2017 03:13,25.04.2017,Joga pro zdrava zada,12:15,13:00,2,20,Katerina  Kornova,zdravotni,Joga zeleny sal
25.04.2017 05:53,25.04.2017,Joga pro zdrava zada,12:15,13:00,3,20,Katerina  Kornova,zdravotni,Joga zeleny sal
23.04.2017 17:16,25.04.2017,Powerjoga,12:30,13:15,3,30,Tomas  Helbig,dynamicka posilovaci,Joga modry sal
24.04.2017 02:21,25.04.2017,Powerjoga,12:30,13:15,4,30,Tomas  Helbig,dynamicka posilovaci,Joga modry sal
25.04.2017 02:03,25.04.2017,Powerjoga,12:30,13:15,5,30,Tomas  Helbig,dynamicka posilovaci,Joga modry sal
25.04.2017 02:49,25.04.2017,Powerjoga,12:30,13:15,6,30,Tomas  Helbig,dynamicka posilovaci,Joga modry sal
25.04.2017 02:55,25.04.2017,Powerjoga,12:30,13:15,7,30,Tomas  Helbig,dynamicka posilovaci,Joga modry sal
25.04.2017 03:09,25.04.2017,Powerjoga,12:30,13:15,8,30,Tomas  Helbig,dynamicka posilovaci,Joga modry sal
25.04.2017 03:34,25.04.2017,Powerjoga,12:30,13:15,9,30,Tomas  Helbig,dynamicka posilovaci,Joga modry sal
25.04.2017 05:30,25.04.2017,Powerjoga,12:30,13:15,10,30,Tomas  Helbig,dynamicka posilovaci,Joga modry sal
25.04.2017 05:37,25.04.2017,Powerjoga,12:30,13:15,11,30,Tomas  Helbig,dynamicka posilovaci,Joga modry sal
25.04.2017 05:39,25.04.2017,Powerjoga,12:30,13:15,12,30,Tomas  Helbig,dynamicka posilovaci,Joga modry sal
25.04.2017 06:21,25.04.2017,Powerjoga,12:30,13:15,13,30,Tomas  Helbig,dynamicka posilovaci,Joga modry sal
23.04.2017 17:16,25.04.2017,Powerjoga,15:15,16:15,0,20,Alexandra Mandova,dynamicka posilovaci,Joga zeleny sal
25.04.2017 05:51,25.04.2017,Powerjoga,15:15,16:15,1,20,Alexandra Mandova,dynamicka posilovaci,Joga zeleny sal
23.04.2017 17:16,25.04.2017,Hatha joga,16:20,17:20,19,20,Lubica Vodvarkova,klidna protahovaci,Joga zeleny sal
24.04.2017 01:49,25.04.2017,Hatha joga,16:20,17:20,20,20,Lubica Vodvarkova,klidna protahovaci,Joga zeleny sal
23.04.2017 17:15,25.04.2017,Hot joga,16:40,17:40,5,30,Alexandra Mandova,zacatecnici,Hot-joga
24.04.2017 02:31,25.04.2017,Hot joga,16:40,17:40,4,30,Alexandra Mandova,zacatecnici,Hot-joga
24.04.2017 11:35,25.04.2017,Hot joga,16:40,17:40,6,30,Alexandra Mandova,zacatecnici,Hot-joga
24.04.2017 14:33,25.04.2017,Hot joga,16:40,17:40,8,30,Alexandra Mandova,zacatecnici,Hot-joga
25.04.2017 00:45,25.04.2017,Hot joga,16:40,17:40,9,30,Alexandra Mandova,zacatecnici,Hot-joga
25.04.2017 04:11,25.04.2017,Hot joga,16:40,17:40,7,30,Alexandra Mandova,zacatecnici,Hot-joga
23.04.2017 17:16,25.04.2017,Jemna joga,17:25,18:25,20,20,Lubica Vodvarkova,zacatecnici,Joga zeleny sal
24.04.2017 23:55,25.04.2017,Jemna joga,17:25,18:25,19,20,Lubica Vodvarkova,zacatecnici,Joga zeleny sal
25.04.2017 10:02,25.04.2017,Jemna joga,17:25,18:25,20,20,Richard Holicky,zacatecnici,Joga zeleny sal
23.04.2017 17:15,25.04.2017,Hot joga - vhodna i pro zacatecniky,18:00,19:30,7,30,Petr  Cmund,dynamicka posilovaci,Hot-joga
24.04.2017 05:37,25.04.2017,Hot joga - vhodna i pro zacatecniky,18:00,19:30,6,30,Petr  Cmund,dynamicka posilovaci,Hot-joga
24.04.2017 06:38,25.04.2017,Hot joga - vhodna i pro zacatecniky,18:00,19:30,8,30,Petr  Cmund,dynamicka posilovaci,Hot-joga
24.04.2017 07:01,25.04.2017,Hot joga - vhodna i pro zacatecniky,18:00,19:30,9,30,Petr  Cmund,dynamicka posilovaci,Hot-joga
24.04.2017 08:22,25.04.2017,Hot joga - vhodna i pro zacatecniky,18:00,19:30,10,30,Petr  Cmund,dynamicka posilovaci,Hot-joga
24.04.2017 08:46,25.04.2017,Hot joga - vhodna i pro zacatecniky,18:00,19:30,11,30,Petr  Cmund,dynamicka posilovaci,Hot-joga
24.04.2017 10:36,25.04.2017,Hot joga - vhodna i pro zacatecniky,18:00,19:30,12,30,Petr  Cmund,dynamicka posilovaci,Hot-joga
24.04.2017 13:58,25.04.2017,Hot joga - vhodna i pro zacatecniky,18:00,19:30,13,30,Petr  Cmund,dynamicka posilovaci,Hot-joga
24.04.2017 15:18,25.04.2017,Hot joga - vhodna i pro zacatecniky,18:00,19:30,14,30,Petr  Cmund,dynamicka posilovaci,Hot-joga
24.04.2017 16:06,25.04.2017,Hot joga - vhodna i pro zacatecniky,18:00,19:30,15,30,Petr  Cmund,dynamicka posilovaci,Hot-joga
24.04.2017 17:22,25.04.2017,Hot joga - vhodna i pro zacatecniky,18:00,19:30,16,30,Petr  Cmund,dynamicka posilovaci,Hot-joga
25.04.2017 03:21,25.04.2017,Hot joga - vhodna i pro zacatecniky,18:00,19:30,17,30,Petr  Cmund,dynamicka posilovaci,Hot-joga
25.04.2017 05:35,25.04.2017,Hot joga - vhodna i pro zacatecniky,18:00,19:30,18,30,Petr  Cmund,dynamicka posilovaci,Hot-joga
25.04.2017 08:55,25.04.2017,Hot joga - vhodna i pro zacatecniky,18:00,19:30,19,30,Petr  Cmund,dynamicka posilovaci,Hot-joga
25.04.2017 09:17,25.04.2017,Hot joga - vhodna i pro zacatecniky,18:00,19:30,20,30,Petr  Cmund,dynamicka posilovaci,Hot-joga
25.04.2017 10:05,25.04.2017,Hot joga - vhodna i pro zacatecniky,18:00,19:30,21,30,Petr  Cmund,dynamicka posilovaci,Hot-joga
25.04.2017 10:20,25.04.2017,Hot joga - vhodna i pro zacatecniky,18:00,19:30,22,30,Petr  Cmund,dynamicka posilovaci,Hot-joga
25.04.2017 11:27,25.04.2017,Hot joga - vhodna i pro zacatecniky,18:00,19:30,23,30,Petr  Cmund,dynamicka posilovaci,Hot-joga
25.04.2017 11:36,25.04.2017,Hot joga - vhodna i pro zacatecniky,18:00,19:30,24,30,Petr  Cmund,dynamicka posilovaci,Hot-joga
23.04.2017 17:16,25.04.2017,Gravid joga,18:30,19:30,3,20,Hana Stepanova,zdravotni,Joga zeleny sal
25.04.2017 07:18,25.04.2017,Gravid joga,18:30,19:30,4,20,Hana Stepanova,zdravotni,Joga zeleny sal
23.04.2017 17:16,25.04.2017,Kurz powerjogy pro zacatecniky - uzavreny kurz,19:40,21:10,0,0,Marketa Makovska CJ / EN,,Joga zeleny sal
23.04.2017 17:16,25.04.2017,Kurz jogy pro zacatecniky - uzavreny kurz,19:45,21:15,0,0,Richard Holicky,,Joga modry sal
23.04.2017 17:16,25.04.2017,Powerjoga,7:00,8:00,1,20,Hana Hruskova CJ / EN,dynamicka posilovaci,Joga zeleny sal
24.04.2017 02:01,25.04.2017,Powerjoga,7:00,8:00,2,20,Hana Hruskova CJ / EN,dynamicka posilovaci,Joga zeleny sal
24.04.2017 03:54,25.04.2017,Powerjoga,7:00,8:00,3,20,Hana Hruskova CJ / EN,dynamicka posilovaci,Joga zeleny sal
24.04.2017 05:46,25.04.2017,Powerjoga,7:00,8:00,4,20,Hana Hruskova CJ / EN,dynamicka posilovaci,Joga zeleny sal
24.04.2017 06:59,25.04.2017,Powerjoga,7:00,8:00,5,20,Hana Hruskova CJ / EN,dynamicka posilovaci,Joga zeleny sal
24.04.2017 09:58,25.04.2017,Powerjoga,7:00,8:00,6,20,Hana Hruskova CJ / EN,dynamicka posilovaci,Joga zeleny sal
24.04.2017 11:50,25.04.2017,Powerjoga,7:00,8:00,7,20,Hana Hruskova CJ / EN,dynamicka posilovaci,Joga zeleny sal
24.04.2017 13:19,25.04.2017,Powerjoga,7:00,8:00,8,20,Hana Hruskova CJ / EN,dynamicka posilovaci,Joga zeleny sal
24.04.2017 13:30,25.04.2017,Powerjoga,7:00,8:00,9,20,Hana Hruskova CJ / EN,dynamicka posilovaci,Joga zeleny sal
24.04.2017 14:24,25.04.2017,Powerjoga,7:00,8:00,10,20,Hana Hruskova CJ / EN,dynamicka posilovaci,Joga zeleny sal
24.04.2017 15:01,25.04.2017,Powerjoga,7:00,8:00,11,20,Hana Hruskova CJ / EN,dynamicka posilovaci,Joga zeleny sal
24.04.2017 15:08,25.04.2017,Powerjoga,7:00,8:00,12,20,Hana Hruskova CJ / EN,dynamicka posilovaci,Joga zeleny sal
25.04.2017 01:42,25.04.2017,Powerjoga,7:00,8:00,13,20,Hana Hruskova CJ / EN,dynamicka posilovaci,Joga zeleny sal
23.04.2017 17:16,25.04.2017,Powerjoga,8:05,9:05,1,20,Hana Hruskova CJ / EN,zacatecnici,Joga zeleny sal
24.04.2017 05:03,25.04.2017,Powerjoga,8:05,9:05,2,20,Hana Hruskova CJ / EN,zacatecnici,Joga zeleny sal
24.04.2017 05:04,25.04.2017,Powerjoga,8:05,9:05,3,20,Hana Hruskova CJ / EN,zacatecnici,Joga zeleny sal
24.04.2017 14:40,25.04.2017,Powerjoga,8:05,9:05,4,20,Hana Hruskova CJ / EN,zacatecnici,Joga zeleny sal
24.04.2017 23:36,25.04.2017,Powerjoga,8:05,9:05,5,20,Hana Hruskova CJ / EN,zacatecnici,Joga zeleny sal
23.04.2017 17:16,26.04.2017,Kurz jogy pro zacatecniky,10:00,11:00,0,0,Richard Holicky,,Joga zeleny sal
23.04.2017 17:16,26.04.2017,Jemna joga - vhodna i pro seniory,10:15,11:15,1,22,Daniela  Fremuntova,klidna protahovaci,Joga modry sal
26.04.2017 00:42,26.04.2017,Jemna joga - vhodna i pro seniory,10:15,11:15,0,22,Daniela  Fremuntova,klidna protahovaci,Joga modry sal
23.04.2017 17:16,26.04.2017,Powerjoga,11:25,12:10,1,30,Daniela  Fremuntova,dynamicka posilovaci,Joga modry sal
24.04.2017 03:37,26.04.2017,Powerjoga,11:25,12:10,2,30,Daniela  Fremuntova,dynamicka posilovaci,Joga modry sal
25.04.2017 06:44,26.04.2017,Powerjoga,11:25,12:10,3,30,Daniela  Fremuntova,dynamicka posilovaci,Joga modry sal
26.04.2017 03:28,26.04.2017,Powerjoga,11:25,12:10,4,30,Daniela  Fremuntova,dynamicka posilovaci,Joga modry sal
26.04.2017 04:20,26.04.2017,Powerjoga,11:25,12:10,5,30,Daniela  Fremuntova,dynamicka posilovaci,Joga modry sal
26.04.2017 04:21,26.04.2017,Powerjoga,11:25,12:10,6,30,Daniela  Fremuntova,dynamicka posilovaci,Joga modry sal
26.04.2017 04:26,26.04.2017,Powerjoga,11:25,12:10,7,30,Daniela  Fremuntova,dynamicka posilovaci,Joga modry sal
23.04.2017 17:16,26.04.2017,Joga pro zdrava zada,11:40,12:25,2,20,Katerina  Kornova,zdravotni,Joga zeleny sal
24.04.2017 03:06,26.04.2017,Joga pro zdrava zada,11:40,12:25,3,20,Katerina  Kornova,zdravotni,Joga zeleny sal
24.04.2017 05:29,26.04.2017,Joga pro zdrava zada,11:40,12:25,4,20,Katerina  Kornova,zdravotni,Joga zeleny sal
24.04.2017 09:29,26.04.2017,Joga pro zdrava zada,11:40,12:25,5,20,Katerina  Kornova,zdravotni,Joga zeleny sal
25.04.2017 11:05,26.04.2017,Joga pro zdrava zada,11:40,12:25,6,20,Katerina  Kornova,zdravotni,Joga zeleny sal
25.04.2017 15:18,26.04.2017,Joga pro zdrava zada,11:40,12:25,7,20,Katerina  Kornova,zdravotni,Joga zeleny sal
23.04.2017 17:16,26.04.2017,Powerjoga,12:15,13:00,0,30,Daniela  Fremuntova,zacatecnici,Joga modry sal
24.04.2017 02:38,26.04.2017,Powerjoga,12:15,13:00,1,30,Daniela  Fremuntova,zacatecnici,Joga modry sal
25.04.2017 08:53,26.04.2017,Powerjoga,12:15,13:00,2,30,Daniela  Fremuntova,zacatecnici,Joga modry sal
26.04.2017 04:01,26.04.2017,Powerjoga,12:15,13:00,3,30,Daniela  Fremuntova,zacatecnici,Joga modry sal
26.04.2017 04:18,26.04.2017,Powerjoga,12:15,13:00,4,30,Daniela  Fremuntova,zacatecnici,Joga modry sal
26.04.2017 05:14,26.04.2017,Powerjoga,12:15,13:00,5,30,Daniela  Fremuntova,zacatecnici,Joga modry sal
26.04.2017 05:22,26.04.2017,Powerjoga,12:15,13:00,6,30,Daniela  Fremuntova,zacatecnici,Joga modry sal
26.04.2017 05:23,26.04.2017,Powerjoga,12:15,13:00,7,30,Daniela  Fremuntova,zacatecnici,Joga modry sal
26.04.2017 05:25,26.04.2017,Powerjoga,12:15,13:00,8,30,Daniela  Fremuntova,zacatecnici,Joga modry sal
23.04.2017 17:16,26.04.2017,Joga pro zdrava zada,12:30,13:15,1,20,Katerina  Kornova,zdravotni,Joga zeleny sal
25.04.2017 11:04,26.04.2017,Joga pro zdrava zada,12:30,13:15,0,20,Katerina  Kornova,zdravotni,Joga zeleny sal
23.04.2017 17:16,26.04.2017,Joga zamerena na zdrava zada,16:20,17:20,6,20,Alexandra Mandova,zdravotni,Joga zeleny sal
24.04.2017 03:39,26.04.2017,Joga zamerena na zdrava zada,16:20,17:20,7,20,Alexandra Mandova,zdravotni,Joga zeleny sal
25.04.2017 04:04,26.04.2017,Joga zamerena na zdrava zada,16:20,17:20,8,20,Alexandra Mandova,zdravotni,Joga zeleny sal
25.04.2017 04:40,26.04.2017,Joga zamerena na zdrava zada,16:20,17:20,9,20,Alexandra Mandova,zdravotni,Joga zeleny sal
25.04.2017 04:44,26.04.2017,Joga zamerena na zdrava zada,16:20,17:20,10,20,Alexandra Mandova,zdravotni,Joga zeleny sal
25.04.2017 14:45,26.04.2017,Joga zamerena na zdrava zada,16:20,17:20,11,20,Alexandra Mandova,zdravotni,Joga zeleny sal
25.04.2017 16:16,26.04.2017,Joga zamerena na zdrava zada,16:20,17:20,13,20,Alexandra Mandova,zdravotni,Joga zeleny sal
25.04.2017 20:05,26.04.2017,Joga zamerena na zdrava zada,16:20,17:20,12,20,Alexandra Mandova,zdravotni,Joga zeleny sal
26.04.2017 03:52,26.04.2017,Joga zamerena na zdrava zada,16:20,17:20,14,20,Alexandra Mandova,zdravotni,Joga zeleny sal
26.04.2017 06:19,26.04.2017,Joga zamerena na zdrava zada,16:20,17:20,15,20,Alexandra Mandova,zdravotni,Joga zeleny sal
26.04.2017 06:28,26.04.2017,Joga zamerena na zdrava zada,16:20,17:20,16,20,Alexandra Mandova,zdravotni,Joga zeleny sal
26.04.2017 06:45,26.04.2017,Joga zamerena na zdrava zada,16:20,17:20,17,20,Alexandra Mandova,zdravotni,Joga zeleny sal
26.04.2017 07:01,26.04.2017,Joga zamerena na zdrava zada,16:20,17:20,18,20,Alexandra Mandova,zdravotni,Joga zeleny sal
26.04.2017 07:02,26.04.2017,Joga zamerena na zdrava zada,16:20,17:20,19,20,Alexandra Mandova,zdravotni,Joga zeleny sal
26.04.2017 08:04,26.04.2017,Joga zamerena na zdrava zada,16:20,17:20,20,20,Alexandra Mandova,zdravotni,Joga zeleny sal
23.04.2017 17:15,26.04.2017,Hot joga,16:30,17:30,0,30,Lenka Uhlikova,klidna protahovaci,Hot-joga
26.04.2017 06:22,26.04.2017,Hot joga,16:30,17:30,1,30,Lenka Uhlikova,klidna protahovaci,Hot-joga
26.04.2017 07:53,26.04.2017,Hot joga,16:30,17:30,3,30,Lenka Uhlikova,klidna protahovaci,Hot-joga
26.04.2017 09:55,26.04.2017,Hot joga,16:30,17:30,2,30,Lenka Uhlikova,klidna protahovaci,Hot-joga
23.04.2017 17:16,26.04.2017,Powerjoga,17:25,18:25,9,20,Alexandra Mandova,dynamicka posilovaci,Joga zeleny sal
24.04.2017 01:53,26.04.2017,Powerjoga,17:25,18:25,10,20,Alexandra Mandova,dynamicka posilovaci,Joga zeleny sal
24.04.2017 04:31,26.04.2017,Powerjoga,17:25,18:25,11,20,Alexandra Mandova,dynamicka posilovaci,Joga zeleny sal
24.04.2017 06:13,26.04.2017,Powerjoga,17:25,18:25,12,20,Alexandra Mandova,dynamicka posilovaci,Joga zeleny sal
24.04.2017 14:45,26.04.2017,Powerjoga,17:25,18:25,13,20,Alexandra Mandova,dynamicka posilovaci,Joga zeleny sal
25.04.2017 04:07,26.04.2017,Powerjoga,17:25,18:25,14,20,Alexandra Mandova,dynamicka posilovaci,Joga zeleny sal
25.04.2017 12:03,26.04.2017,Powerjoga,17:25,18:25,15,20,Alexandra Mandova,dynamicka posilovaci,Joga zeleny sal
25.04.2017 13:57,26.04.2017,Powerjoga,17:25,18:25,16,20,Alexandra Mandova,dynamicka posilovaci,Joga zeleny sal
26.04.2017 00:55,26.04.2017,Powerjoga,17:25,18:25,17,20,Alexandra Mandova,dynamicka posilovaci,Joga zeleny sal
26.04.2017 02:38,26.04.2017,Powerjoga,17:25,18:25,18,20,Alexandra Mandova,dynamicka posilovaci,Joga zeleny sal
26.04.2017 02:57,26.04.2017,Powerjoga,17:25,18:25,19,20,Alexandra Mandova,dynamicka posilovaci,Joga zeleny sal
26.04.2017 03:33,26.04.2017,Powerjoga,17:25,18:25,20,20,Alexandra Mandova,dynamicka posilovaci,Joga zeleny sal
23.04.2017 17:15,26.04.2017,Hot joga,18:00,19:30,3,30,Marketa  Samesova,dynamicka posilovaci,Hot-joga
24.04.2017 03:20,26.04.2017,Hot joga,18:00,19:30,2,30,Marketa  Samesova,dynamicka posilovaci,Hot-joga
25.04.2017 01:01,26.04.2017,Hot joga,18:00,19:30,4,30,Marketa  Samesova,dynamicka posilovaci,Hot-joga
25.04.2017 14:21,26.04.2017,Hot joga,18:00,19:30,5,30,Marketa  Samesova,dynamicka posilovaci,Hot-joga
26.04.2017 02:00,26.04.2017,Hot joga,18:00,19:30,6,30,Marketa  Samesova,dynamicka posilovaci,Hot-joga
26.04.2017 02:30,26.04.2017,Hot joga,18:00,19:30,7,30,Marketa  Samesova,dynamicka posilovaci,Hot-joga
26.04.2017 04:02,26.04.2017,Hot joga,18:00,19:30,8,30,Marketa  Samesova,dynamicka posilovaci,Hot-joga
26.04.2017 08:04,26.04.2017,Hot joga,18:00,19:30,10,30,Marketa  Samesova,dynamicka posilovaci,Hot-joga
26.04.2017 08:23,26.04.2017,Hot joga,18:00,19:30,9,30,Marketa  Samesova,dynamicka posilovaci,Hot-joga
26.04.2017 10:52,26.04.2017,Hot joga,18:00,19:30,11,30,Marketa  Samesova,dynamicka posilovaci,Hot-joga
26.04.2017 10:59,26.04.2017,Hot joga,18:00,19:30,12,30,Marketa  Samesova,dynamicka posilovaci,Hot-joga
26.04.2017 11:04,26.04.2017,Hot joga,18:00,19:30,13,30,Marketa  Samesova,dynamicka posilovaci,Hot-joga
26.04.2017 11:09,26.04.2017,Hot joga,18:00,19:30,14,30,Marketa  Samesova,dynamicka posilovaci,Hot-joga
26.04.2017 11:19,26.04.2017,Hot joga,18:00,19:30,15,30,Marketa  Samesova,dynamicka posilovaci,Hot-joga
23.04.2017 17:16,26.04.2017,Hatha joga,18:30,20:00,3,20,Marie Kmochova,klidna protahovaci,Joga zeleny sal
24.04.2017 08:24,26.04.2017,Hatha joga,18:30,20:00,4,20,Marie Kmochova,klidna protahovaci,Joga zeleny sal
25.04.2017 07:49,26.04.2017,Hatha joga,18:30,20:00,5,20,Marie Kmochova,klidna protahovaci,Joga zeleny sal
25.04.2017 10:45,26.04.2017,Hatha joga,18:30,20:00,6,20,Marie Kmochova,klidna protahovaci,Joga zeleny sal
25.04.2017 11:49,26.04.2017,Hatha joga,18:30,20:00,7,20,Marie Kmochova,klidna protahovaci,Joga zeleny sal
26.04.2017 01:42,26.04.2017,Hatha joga,18:30,20:00,8,20,Marie Kmochova,klidna protahovaci,Joga zeleny sal
26.04.2017 03:55,26.04.2017,Hatha joga,18:30,20:00,9,20,Marie Kmochova,klidna protahovaci,Joga zeleny sal
26.04.2017 04:39,26.04.2017,Hatha joga,18:30,20:00,10,20,Marie Kmochova,klidna protahovaci,Joga zeleny sal
26.04.2017 12:10,26.04.2017,Hatha joga,18:30,20:00,11,20,Marie Kmochova,klidna protahovaci,Joga zeleny sal
23.04.2017 17:15,26.04.2017,Hot joga,19:45,21:15,4,30,Jarmila Kucmasova,zacatecnici,Hot-joga
24.04.2017 07:03,26.04.2017,Hot joga,19:45,21:15,5,30,Jarmila Kucmasova,zacatecnici,Hot-joga
24.04.2017 11:22,26.04.2017,Hot joga,19:45,21:15,6,30,Jarmila Kucmasova,zacatecnici,Hot-joga
24.04.2017 11:33,26.04.2017,Hot joga,19:45,21:15,7,30,Jarmila Kucmasova,zacatecnici,Hot-joga
25.04.2017 09:56,26.04.2017,Hot joga,19:45,21:15,8,30,Jarmila Kucmasova,zacatecnici,Hot-joga
25.04.2017 14:07,26.04.2017,Hot joga,19:45,21:15,9,30,Jarmila Kucmasova,zacatecnici,Hot-joga
26.04.2017 00:52,26.04.2017,Hot joga,19:45,21:15,10,30,Jarmila Kucmasova,zacatecnici,Hot-joga
26.04.2017 02:58,26.04.2017,Hot joga,19:45,21:15,11,30,Jarmila Kucmasova,zacatecnici,Hot-joga
26.04.2017 03:43,26.04.2017,Hot joga,19:45,21:15,12,30,Jarmila Kucmasova,zacatecnici,Hot-joga
26.04.2017 07:41,26.04.2017,Hot joga,19:45,21:15,13,30,Jarmila Kucmasova,zacatecnici,Hot-joga
26.04.2017 09:49,26.04.2017,Hot joga,19:45,21:15,14,30,Jarmila Kucmasova,zacatecnici,Hot-joga
26.04.2017 10:59,26.04.2017,Hot joga,19:45,21:15,15,30,Jarmila Kucmasova,zacatecnici,Hot-joga
26.04.2017 12:35,26.04.2017,Hot joga,19:45,21:15,16,30,Jarmila Kucmasova,zacatecnici,Hot-joga
26.04.2017 13:13,26.04.2017,Hot joga,19:45,21:15,17,30,Jarmila Kucmasova,zacatecnici,Hot-joga
23.04.2017 17:16,26.04.2017,Intenzivni kurz jogy - uzavreny kurz,20:05,21:35,0,0,Katka  Prymkova  CJ / EN,,Joga zeleny sal
23.04.2017 17:16,26.04.2017,Joga - probuzeni patere,7:00,8:00,0,30,Micha  Prach Kotrckova,klidna protahovaci,Joga modry sal
23.04.2017 17:16,26.04.2017,Powerjoga,7:00,8:00,2,20,Veronika  Brozova CJ / EN,zacatecnici,Joga zeleny sal
24.04.2017 03:43,26.04.2017,Powerjoga,7:00,8:00,1,20,Veronika  Brozova CJ / EN,zacatecnici,Joga zeleny sal
25.04.2017 13:17,26.04.2017,Powerjoga,7:00,8:00,3,20,Veronika  Brozova CJ / EN,zacatecnici,Joga zeleny sal
25.04.2017 13:27,26.04.2017,Powerjoga,7:00,8:00,4,20,Veronika  Brozova CJ / EN,zacatecnici,Joga zeleny sal
25.04.2017 13:31,26.04.2017,Powerjoga,7:00,8:00,5,20,Veronika  Brozova CJ / EN,zacatecnici,Joga zeleny sal
26.04.2017 00:00,26.04.2017,Powerjoga,7:00,8:00,6,20,Veronika  Brozova CJ / EN,zacatecnici,Joga zeleny sal
26.04.2017 00:12,26.04.2017,Powerjoga,7:00,8:00,7,20,Veronika  Brozova CJ / EN,zacatecnici,Joga zeleny sal
26.04.2017 00:16,26.04.2017,Powerjoga,7:00,8:00,8,20,Veronika  Brozova CJ / EN,zacatecnici,Joga zeleny sal
23.04.2017 17:16,26.04.2017,Kundalini joga,8:05,9:35,1,20,Micha  Prach Kotrckova,zacatecnici,Joga zeleny sal
25.04.2017 11:03,26.04.2017,Kundalini joga,8:05,9:35,0,20,Micha  Prach Kotrckova,zacatecnici,Joga zeleny sal
23.04.2017 17:16,27.04.2017,Office joga,11:25,12:10,0,30,Alexandra Mandova,klidna protahovaci,Joga modry sal
24.04.2017 03:06,27.04.2017,Office joga,11:25,12:10,1,30,Alexandra Mandova,klidna protahovaci,Joga modry sal
26.04.2017 04:21,27.04.2017,Office joga,11:25,12:10,2,30,Alexandra Mandova,klidna protahovaci,Joga modry sal
27.04.2017 03:04,27.04.2017,Office joga,11:25,12:10,3,30,Alexandra Mandova,klidna protahovaci,Joga modry sal
27.04.2017 03:14,27.04.2017,Office joga,11:25,12:10,4,30,Alexandra Mandova,klidna protahovaci,Joga modry sal
27.04.2017 04:16,27.04.2017,Office joga,11:25,12:10,5,30,Alexandra Mandova,klidna protahovaci,Joga modry sal
23.04.2017 17:16,27.04.2017,Powerjoga,11:40,12:25,1,20,Marketa Makovska CJ / EN,dynamicka posilovaci,Joga zeleny sal
24.04.2017 00:16,27.04.2017,Powerjoga  ZASKOK,11:40,12:25,1,20,Marketa  Samesova,dynamicka posilovaci,Joga zeleny sal
24.04.2017 02:22,27.04.2017,Powerjoga  ZASKOK,11:40,12:25,2,20,Marketa  Samesova,dynamicka posilovaci,Joga zeleny sal
24.04.2017 03:30,27.04.2017,Powerjoga  ZASKOK,11:40,12:25,3,20,Marketa  Samesova,dynamicka posilovaci,Joga zeleny sal
24.04.2017 10:00,27.04.2017,Powerjoga  ZASKOK,11:40,12:25,4,20,Marketa  Samesova,dynamicka posilovaci,Joga zeleny sal
26.04.2017 08:57,27.04.2017,Powerjoga  ZASKOK,11:40,12:25,5,20,Marketa  Samesova,dynamicka posilovaci,Joga zeleny sal
26.04.2017 16:52,27.04.2017,Powerjoga  ZASKOK,11:40,12:25,6,20,Marketa  Samesova,dynamicka posilovaci,Joga zeleny sal
23.04.2017 17:16,27.04.2017,Zdrava zada,12:15,13:00,0,30,Alexandra Mandova,zdravotni,Joga modry sal
23.04.2017 17:16,27.04.2017,Powerjoga,12:30,13:15,0,20,Marketa Makovska CJ / EN,zacatecnici,Joga zeleny sal
24.04.2017 00:16,27.04.2017,Powerjoga  ZASKOK,12:30,13:15,0,20,Marketa  Samesova,zacatecnici,Joga zeleny sal
26.04.2017 06:18,27.04.2017,Powerjoga  ZASKOK,12:30,13:15,1,20,Marketa  Samesova,zacatecnici,Joga zeleny sal
26.04.2017 15:13,27.04.2017,Powerjoga  ZASKOK,12:30,13:15,2,20,Marketa  Samesova,zacatecnici,Joga zeleny sal
27.04.2017 02:59,27.04.2017,Powerjoga  ZASKOK,12:30,13:15,3,20,Marketa  Samesova,zacatecnici,Joga zeleny sal
27.04.2017 03:09,27.04.2017,Powerjoga  ZASKOK,12:30,13:15,4,20,Marketa  Samesova,zacatecnici,Joga zeleny sal
27.04.2017 03:14,27.04.2017,Powerjoga  ZASKOK,12:30,13:15,5,20,Marketa  Samesova,zacatecnici,Joga zeleny sal
27.04.2017 03:38,27.04.2017,Powerjoga  ZASKOK,12:30,13:15,6,20,Marketa  Samesova,zacatecnici,Joga zeleny sal
23.04.2017 17:16,27.04.2017,Jemna joga,15:15,16:15,4,20,Lubica Vodvarkova,klidna protahovaci,Joga zeleny sal
24.04.2017 01:52,27.04.2017,Jemna joga,15:15,16:15,5,20,Lubica Vodvarkova,klidna protahovaci,Joga zeleny sal
26.04.2017 05:04,27.04.2017,Jemna joga,15:15,16:15,6,20,Lubica Vodvarkova,klidna protahovaci,Joga zeleny sal
27.04.2017 05:30,27.04.2017,Jemna joga,15:15,16:15,7,20,Lubica Vodvarkova,klidna protahovaci,Joga zeleny sal
27.04.2017 06:11,27.04.2017,Jemna joga,15:15,16:15,8,20,Lubica Vodvarkova,klidna protahovaci,Joga zeleny sal
23.04.2017 17:16,27.04.2017,Hatha joga,16:20,17:20,20,20,Lubica Vodvarkova,zacatecnici,Joga zeleny sal
25.04.2017 06:34,27.04.2017,Hatha joga,16:20,17:20,19,20,Lubica Vodvarkova,zacatecnici,Joga zeleny sal
26.04.2017 16:03,27.04.2017,Hatha joga,16:20,17:20,18,20,Lubica Vodvarkova,zacatecnici,Joga zeleny sal
26.04.2017 23:54,27.04.2017,Hatha joga,16:20,17:20,17,20,Lubica Vodvarkova,zacatecnici,Joga zeleny sal
23.04.2017 17:15,27.04.2017,Hot joga,16:40,17:40,0,30,Alexandra Mandova,dynamicka posilovaci,Hot-joga
24.04.2017 06:12,27.04.2017,Hot joga,16:40,17:40,1,30,Alexandra Mandova,dynamicka posilovaci,Hot-joga
24.04.2017 06:45,27.04.2017,Hot joga,16:40,17:40,2,30,Alexandra Mandova,dynamicka posilovaci,Hot-joga
25.04.2017 02:21,27.04.2017,Hot joga,16:40,17:40,3,30,Alexandra Mandova,dynamicka posilovaci,Hot-joga
27.04.2017 09:02,27.04.2017,Hot joga,16:40,17:40,4,30,Alexandra Mandova,dynamicka posilovaci,Hot-joga
27.04.2017 09:07,27.04.2017,Hot joga,16:40,17:40,5,30,Alexandra Mandova,dynamicka posilovaci,Hot-joga
27.04.2017 09:30,27.04.2017,Hot joga,16:40,17:40,6,30,Alexandra Mandova,dynamicka posilovaci,Hot-joga
23.04.2017 17:16,27.04.2017,Powerjoga,17:25,18:25,4,20,Karolina Chudobova,dynamicka posilovaci,Joga zeleny sal
24.04.2017 02:37,27.04.2017,Powerjoga,17:25,18:25,5,20,Karolina Chudobova,dynamicka posilovaci,Joga zeleny sal
25.04.2017 13:30,27.04.2017,Powerjoga,17:25,18:25,6,20,Karolina Chudobova,dynamicka posilovaci,Joga zeleny sal
26.04.2017 02:14,27.04.2017,Powerjoga,17:25,18:25,7,20,Karolina Chudobova,dynamicka posilovaci,Joga zeleny sal
26.04.2017 02:44,27.04.2017,Powerjoga,17:25,18:25,8,20,Karolina Chudobova,dynamicka posilovaci,Joga zeleny sal
26.04.2017 07:43,27.04.2017,Powerjoga,17:25,18:25,9,20,Karolina Chudobova,dynamicka posilovaci,Joga zeleny sal
26.04.2017 14:34,27.04.2017,Powerjoga,17:25,18:25,10,20,Karolina Chudobova,dynamicka posilovaci,Joga zeleny sal
26.04.2017 14:35,27.04.2017,Powerjoga,17:25,18:25,11,20,Karolina Chudobova,dynamicka posilovaci,Joga zeleny sal
27.04.2017 08:35,27.04.2017,Powerjoga,17:25,18:25,12,20,Karolina Chudobova,dynamicka posilovaci,Joga zeleny sal
23.04.2017 17:15,27.04.2017,Hot joga,18:00,19:30,9,30,Pavla  Krecanova,zacatecnici,Hot-joga
23.04.2017 23:57,27.04.2017,Hot joga,18:00,19:30,10,30,Pavla  Krecanova,zacatecnici,Hot-joga
24.04.2017 02:58,27.04.2017,Hot joga,18:00,19:30,11,30,Pavla  Krecanova,zacatecnici,Hot-joga
24.04.2017 03:52,27.04.2017,Hot joga,18:00,19:30,12,30,Pavla  Krecanova,zacatecnici,Hot-joga
24.04.2017 12:41,27.04.2017,Hot joga,18:00,19:30,13,30,Pavla  Krecanova,zacatecnici,Hot-joga
24.04.2017 12:42,27.04.2017,Hot joga,18:00,19:30,14,30,Pavla  Krecanova,zacatecnici,Hot-joga
24.04.2017 12:45,27.04.2017,Hot joga,18:00,19:30,15,30,Pavla  Krecanova,zacatecnici,Hot-joga
24.04.2017 13:38,27.04.2017,Hot joga,18:00,19:30,16,30,Pavla  Krecanova,zacatecnici,Hot-joga
24.04.2017 15:02,27.04.2017,Hot joga,18:00,19:30,17,30,Pavla  Krecanova,zacatecnici,Hot-joga
25.04.2017 05:01,27.04.2017,Hot joga,18:00,19:30,18,30,Pavla  Krecanova,zacatecnici,Hot-joga
25.04.2017 05:42,27.04.2017,Hot joga,18:00,19:30,19,30,Pavla  Krecanova,zacatecnici,Hot-joga
25.04.2017 13:41,27.04.2017,Hot joga,18:00,19:30,20,30,Pavla  Krecanova,zacatecnici,Hot-joga
26.04.2017 01:54,27.04.2017,Hot joga,18:00,19:30,21,30,Pavla  Krecanova,zacatecnici,Hot-joga
26.04.2017 02:50,27.04.2017,Hot joga,18:00,19:30,22,30,Pavla  Krecanova,zacatecnici,Hot-joga
26.04.2017 02:58,27.04.2017,Hot joga,18:00,19:30,23,30,Pavla  Krecanova,zacatecnici,Hot-joga
26.04.2017 03:49,27.04.2017,Hot joga,18:00,19:30,24,30,Pavla  Krecanova,zacatecnici,Hot-joga
26.04.2017 03:51,27.04.2017,Hot joga,18:00,19:30,25,30,Pavla  Krecanova,zacatecnici,Hot-joga
26.04.2017 05:02,27.04.2017,Hot joga,18:00,19:30,26,30,Pavla  Krecanova,zacatecnici,Hot-joga
23.04.2017 17:16,27.04.2017,Gravid joga,18:30,19:30,2,20,Karolina Chudobova,zdravotni,Joga zeleny sal
24.04.2017 09:47,27.04.2017,Gravid joga,18:30,19:30,3,20,Karolina Chudobova,zdravotni,Joga zeleny sal
25.04.2017 12:14,27.04.2017,Gravid joga,18:30,19:30,4,20,Karolina Chudobova,zdravotni,Joga zeleny sal
26.04.2017 10:00,27.04.2017,Gravid joga,18:30,19:30,5,20,Karolina Chudobova,zdravotni,Joga zeleny sal
27.04.2017 05:31,27.04.2017,Gravid joga,18:30,19:30,6,20,Karolina Chudobova,zdravotni,Joga zeleny sal
27.04.2017 07:18,27.04.2017,Gravid joga,18:30,19:30,7,20,Karolina Chudobova,zdravotni,Joga zeleny sal
27.04.2017 11:41,27.04.2017,Gravid joga,18:30,19:30,8,20,Karolina Chudobova,zdravotni,Joga zeleny sal
27.04.2017 11:42,27.04.2017,Gravid joga,18:30,19:30,9,20,Karolina Chudobova,zdravotni,Joga zeleny sal
23.04.2017 17:16,27.04.2017,Jemna joga,19:35,20:35,4,20,Karolina Chudobova,klidna protahovaci,Joga zeleny sal
24.04.2017 02:22,27.04.2017,Jemna joga,19:35,20:35,5,20,Karolina Chudobova,klidna protahovaci,Joga zeleny sal
24.04.2017 02:23,27.04.2017,Jemna joga,19:35,20:35,6,20,Karolina Chudobova,klidna protahovaci,Joga zeleny sal
25.04.2017 03:03,27.04.2017,Jemna joga,19:35,20:35,7,20,Karolina Chudobova,klidna protahovaci,Joga zeleny sal
25.04.2017 04:22,27.04.2017,Jemna joga,19:35,20:35,8,20,Karolina Chudobova,klidna protahovaci,Joga zeleny sal
25.04.2017 15:27,27.04.2017,Jemna joga,19:35,20:35,9,20,Karolina Chudobova,klidna protahovaci,Joga zeleny sal
26.04.2017 09:31,27.04.2017,Jemna joga,19:35,20:35,10,20,Karolina Chudobova,klidna protahovaci,Joga zeleny sal
26.04.2017 16:45,27.04.2017,Jemna joga,19:35,20:35,11,20,Karolina Chudobova,klidna protahovaci,Joga zeleny sal
27.04.2017 01:23,27.04.2017,Jemna joga,19:35,20:35,12,20,Karolina Chudobova,klidna protahovaci,Joga zeleny sal
27.04.2017 02:09,27.04.2017,Jemna joga,19:35,20:35,13,20,Karolina Chudobova,klidna protahovaci,Joga zeleny sal
27.04.2017 03:41,27.04.2017,Jemna joga,19:35,20:35,14,20,Karolina Chudobova,klidna protahovaci,Joga zeleny sal
27.04.2017 10:10,27.04.2017,Jemna joga,19:35,20:35,15,20,Karolina Chudobova,klidna protahovaci,Joga zeleny sal
27.04.2017 10:20,27.04.2017,Jemna joga,19:35,20:35,16,20,Karolina Chudobova,klidna protahovaci,Joga zeleny sal
27.04.2017 11:16,27.04.2017,Jemna joga,19:35,20:35,17,20,Karolina Chudobova,klidna protahovaci,Joga zeleny sal
27.04.2017 13:40,27.04.2017,Jemna joga,19:35,20:35,18,20,Karolina Chudobova,klidna protahovaci,Joga zeleny sal
23.04.2017 17:15,27.04.2017,Hot joga,19:45,21:15,0,30,Andrea Hraskova,klidna protahovaci,Hot-joga
24.04.2017 14:42,27.04.2017,Hot joga,19:45,21:15,1,30,Andrea Hraskova,klidna protahovaci,Hot-joga
26.04.2017 04:13,27.04.2017,Hot joga,19:45,21:15,2,30,Andrea Hraskova,klidna protahovaci,Hot-joga
26.04.2017 09:52,27.04.2017,Hot joga,19:45,21:15,3,30,Andrea Hraskova,klidna protahovaci,Hot-joga
23.04.2017 17:16,27.04.2017,Powerjoga,7:00,8:00,3,20,Alexandra Mandova,dynamicka posilovaci,Joga zeleny sal
24.04.2017 03:43,27.04.2017,Powerjoga,7:00,8:00,4,20,Alexandra Mandova,dynamicka posilovaci,Joga zeleny sal
25.04.2017 02:58,27.04.2017,Powerjoga,7:00,8:00,5,20,Alexandra Mandova,dynamicka posilovaci,Joga zeleny sal
25.04.2017 04:39,27.04.2017,Powerjoga,7:00,8:00,6,20,Alexandra Mandova,dynamicka posilovaci,Joga zeleny sal
23.04.2017 17:16,27.04.2017,Jemna joga,8:00,9:00,0,30,Blanka Lorencova,zacatecnici,Joga modry sal
25.04.2017 11:40,27.04.2017,Jemna joga,8:00,9:00,1,30,Blanka Lorencova,zacatecnici,Joga modry sal
26.04.2017 07:47,27.04.2017,Jemna joga,8:00,9:00,2,30,Blanka Lorencova,zacatecnici,Joga modry sal
26.04.2017 09:42,27.04.2017,Jemna joga,8:00,9:00,3,30,Blanka Lorencova,zacatecnici,Joga modry sal
26.04.2017 15:41,27.04.2017,Jemna joga,8:00,9:00,4,30,Blanka Lorencova,zacatecnici,Joga modry sal
26.04.2017 16:14,27.04.2017,Jemna joga,8:00,9:00,5,30,Blanka Lorencova,zacatecnici,Joga modry sal
27.04.2017 01:35,27.04.2017,Jemna joga,8:00,9:00,6,30,Blanka Lorencova,zacatecnici,Joga modry sal
23.04.2017 17:16,27.04.2017,Hatha joga - vhodna i pro zacatecniky,8:05,8:50,2,20,Alexandra Mandova,klidna protahovaci,Joga zeleny sal
26.04.2017 10:08,27.04.2017,Hatha joga - vhodna i pro zacatecniky,8:05,8:50,3,20,Alexandra Mandova,klidna protahovaci,Joga zeleny sal
26.04.2017 17:08,27.04.2017,Hatha joga - vhodna i pro zacatecniky,8:05,8:50,4,20,Alexandra Mandova,klidna protahovaci,Joga zeleny sal
27.04.2017 01:12,27.04.2017,Hatha joga - vhodna i pro zacatecniky,8:05,8:50,5,20,Alexandra Mandova,klidna protahovaci,Joga zeleny sal
27.04.2017 01:19,27.04.2017,Hatha joga - vhodna i pro zacatecniky,8:05,8:50,6,20,Alexandra Mandova,klidna protahovaci,Joga zeleny sal
27.04.2017 01:38,27.04.2017,Hatha joga - vhodna i pro zacatecniky,8:05,8:50,7,20,Alexandra Mandova,klidna protahovaci,Joga zeleny sal
23.04.2017 17:16,27.04.2017,Zdrava zada,9:05,10:05,1,30,Blanka Lorencova,zdravotni,Joga modry sal
24.04.2017 10:48,27.04.2017,Zdrava zada,9:05,10:05,2,30,Blanka Lorencova,zdravotni,Joga modry sal
25.04.2017 04:55,27.04.2017,Zdrava zada,9:05,10:05,3,30,Blanka Lorencova,zdravotni,Joga modry sal
25.04.2017 04:56,27.04.2017,Zdrava zada,9:05,10:05,4,30,Blanka Lorencova,zdravotni,Joga modry sal
25.04.2017 11:40,27.04.2017,Zdrava zada,9:05,10:05,5,30,Blanka Lorencova,zdravotni,Joga modry sal
26.04.2017 09:42,27.04.2017,Zdrava zada,9:05,10:05,6,30,Blanka Lorencova,zdravotni,Joga modry sal
26.04.2017 15:41,27.04.2017,Zdrava zada,9:05,10:05,7,30,Blanka Lorencova,zdravotni,Joga modry sal
26.04.2017 15:56,27.04.2017,Zdrava zada,9:05,10:05,8,30,Blanka Lorencova,zdravotni,Joga modry sal
26.04.2017 16:49,27.04.2017,Zdrava zada,9:05,10:05,9,30,Blanka Lorencova,zdravotni,Joga modry sal
27.04.2017 00:57,27.04.2017,Zdrava zada,9:05,10:05,10,30,Blanka Lorencova,zdravotni,Joga modry sal
27.04.2017 01:25,27.04.2017,Zdrava zada,9:05,10:05,11,30,Blanka Lorencova,zdravotni,Joga modry sal
27.04.2017 01:57,27.04.2017,Zdrava zada,9:05,10:05,12,30,Blanka Lorencova,zdravotni,Joga modry sal
27.04.2017 01:58,27.04.2017,Zdrava zada,9:05,10:05,13,30,Blanka Lorencova,zdravotni,Joga modry sal
27.04.2017 02:01,27.04.2017,Zdrava zada,9:05,10:05,14,30,Blanka Lorencova,zdravotni,Joga modry sal
27.04.2017 02:12,27.04.2017,Zdrava zada,9:05,10:05,15,30,Blanka Lorencova,zdravotni,Joga modry sal
23.04.2017 17:15,28.04.2017,Hot joga,10:00,11:00,1,30,Vera Vojtechova,zacatecnici,Hot-joga
27.04.2017 00:49,28.04.2017,Hot joga,10:00,11:00,2,30,Vera Vojtechova,zacatecnici,Hot-joga
27.04.2017 06:17,28.04.2017,Hot joga,10:00,11:00,3,30,Vera Vojtechova,zacatecnici,Hot-joga
27.04.2017 06:32,28.04.2017,Hot joga,10:00,11:00,3,30,Andrea Hraskova,zacatecnici,Hot-joga
27.04.2017 06:38,28.04.2017,Hot joga,10:00,11:00,2,30,Andrea Hraskova,zacatecnici,Hot-joga
23.04.2017 17:16,28.04.2017,Joga pro zdrava zada - vhodna pro zacatecniky,10:15,11:15,1,20,Silvie Cifrincova,zdravotni,Joga zeleny sal
26.04.2017 10:40,28.04.2017,Joga pro zdrava zada - vhodna pro zacatecniky,10:15,11:15,2,20,Silvie Cifrincova,zdravotni,Joga zeleny sal
26.04.2017 10:51,28.04.2017,Joga pro zdrava zada - vhodna pro zacatecniky,10:15,11:15,3,20,Silvie Cifrincova,zdravotni,Joga zeleny sal
26.04.2017 10:52,28.04.2017,Joga pro zdrava zada - vhodna pro zacatecniky,10:15,11:15,5,20,Silvie Cifrincova,zdravotni,Joga zeleny sal
26.04.2017 10:56,28.04.2017,Joga pro zdrava zada - vhodna pro zacatecniky,10:15,11:15,6,20,Silvie Cifrincova,zdravotni,Joga zeleny sal
26.04.2017 10:57,28.04.2017,Joga pro zdrava zada - vhodna pro zacatecniky,10:15,11:15,7,20,Silvie Cifrincova,zdravotni,Joga zeleny sal
27.04.2017 05:34,28.04.2017,Joga pro zdrava zada - vhodna pro zacatecniky,10:15,11:15,4,20,Silvie Cifrincova,zdravotni,Joga zeleny sal
23.04.2017 17:16,28.04.2017,Jogova terapie - sal je mirne vyhraty,11:15,12:15,12,20,Vera Vojtechova,zdravotni,Joga modry sal
25.04.2017 07:50,28.04.2017,Jogova terapie - sal je mirne vyhraty,11:15,12:15,13,20,Vera Vojtechova,zdravotni,Joga modry sal
26.04.2017 03:24,28.04.2017,Jogova terapie - sal je mirne vyhraty,11:15,12:15,14,20,Vera Vojtechova,zdravotni,Joga modry sal
26.04.2017 04:23,28.04.2017,Jogova terapie - sal je mirne vyhraty,11:15,12:15,15,20,Vera Vojtechova,zdravotni,Joga modry sal
26.04.2017 11:37,28.04.2017,Jogova terapie - sal je mirne vyhraty,11:15,12:15,16,20,Vera Vojtechova,zdravotni,Joga modry sal
26.04.2017 12:13,28.04.2017,Jogova terapie - sal je mirne vyhraty,11:15,12:15,17,20,Vera Vojtechova,zdravotni,Joga modry sal
26.04.2017 13:56,28.04.2017,Jogova terapie - sal je mirne vyhraty,11:15,12:15,18,20,Vera Vojtechova,zdravotni,Joga modry sal
27.04.2017 01:03,28.04.2017,Jogova terapie - sal je mirne vyhraty,11:15,12:15,19,20,Vera Vojtechova,zdravotni,Joga modry sal
27.04.2017 02:24,28.04.2017,Jogova terapie - sal je mirne vyhraty,11:15,12:15,20,20,Vera Vojtechova,zdravotni,Joga modry sal
27.04.2017 05:54,28.04.2017,Jogova terapie - sal je mirne vyhraty,11:15,12:15,20,20,Karolina Chudobova,zdravotni,Joga modry sal
27.04.2017 06:56,28.04.2017,Jogova terapie - sal je mirne vyhraty,11:15,12:15,19,20,Karolina Chudobova,zdravotni,Joga modry sal
23.04.2017 17:16,28.04.2017,Powerjoga,11:25,12:10,0,20,Tomas  Helbig,zacatecnici,Joga zeleny sal
28.04.2017 03:06,28.04.2017,Powerjoga,11:25,12:10,1,20,Tomas  Helbig,zacatecnici,Joga zeleny sal
28.04.2017 04:37,28.04.2017,Powerjoga,11:25,12:10,2,20,Tomas  Helbig,zacatecnici,Joga zeleny sal
28.04.2017 04:38,28.04.2017,Powerjoga,11:25,12:10,3,20,Tomas  Helbig,zacatecnici,Joga zeleny sal
23.04.2017 17:16,28.04.2017,Powerjoga,12:15,13:00,2,20,Tomas  Helbig,dynamicka posilovaci,Joga zeleny sal
25.04.2017 01:54,28.04.2017,Powerjoga,12:15,13:00,3,20,Tomas  Helbig,dynamicka posilovaci,Joga zeleny sal
25.04.2017 06:26,28.04.2017,Powerjoga,12:15,13:00,4,20,Tomas  Helbig,dynamicka posilovaci,Joga zeleny sal
25.04.2017 08:33,28.04.2017,Powerjoga,12:15,13:00,5,20,Tomas  Helbig,dynamicka posilovaci,Joga zeleny sal
26.04.2017 19:37,28.04.2017,Powerjoga,12:15,13:00,6,20,Tomas  Helbig,dynamicka posilovaci,Joga zeleny sal
28.04.2017 03:04,28.04.2017,Powerjoga,12:15,13:00,7,20,Tomas  Helbig,dynamicka posilovaci,Joga zeleny sal
28.04.2017 03:34,28.04.2017,Powerjoga,12:15,13:00,8,20,Tomas  Helbig,dynamicka posilovaci,Joga zeleny sal
28.04.2017 04:57,28.04.2017,Powerjoga,12:15,13:00,9,20,Tomas  Helbig,dynamicka posilovaci,Joga zeleny sal
28.04.2017 05:05,28.04.2017,Powerjoga,12:15,13:00,10,20,Tomas  Helbig,dynamicka posilovaci,Joga zeleny sal
28.04.2017 05:12,28.04.2017,Powerjoga,12:15,13:00,11,20,Tomas  Helbig,dynamicka posilovaci,Joga zeleny sal
28.04.2017 05:22,28.04.2017,Powerjoga,12:15,13:00,12,20,Tomas  Helbig,dynamicka posilovaci,Joga zeleny sal
28.04.2017 05:25,28.04.2017,Powerjoga,12:15,13:00,13,20,Tomas  Helbig,dynamicka posilovaci,Joga zeleny sal
28.04.2017 05:26,28.04.2017,Powerjoga,12:15,13:00,14,20,Tomas  Helbig,dynamicka posilovaci,Joga zeleny sal
23.04.2017 17:16,28.04.2017,Hatha joga,14:10,15:10,1,20,Sandra Justova,zacatecnici,Joga zeleny sal
25.04.2017 09:57,28.04.2017,Hatha joga,14:10,15:10,0,20,Sandra Justova,zacatecnici,Joga zeleny sal
28.04.2017 03:39,28.04.2017,Hatha joga,14:10,15:10,2,20,Sandra Justova,zacatecnici,Joga zeleny sal
28.04.2017 03:48,28.04.2017,Hatha joga,14:10,15:10,3,20,Sandra Justova,zacatecnici,Joga zeleny sal
28.04.2017 05:53,28.04.2017,Hatha joga,14:10,15:10,4,20,Sandra Justova,zacatecnici,Joga zeleny sal
23.04.2017 17:16,28.04.2017,Joga pro zdrava zada,15:15,16:15,1,20,Katerina  Kornova,zdravotni,Joga zeleny sal
24.04.2017 06:46,28.04.2017,Joga pro zdrava zada,15:15,16:15,2,20,Katerina  Kornova,zdravotni,Joga zeleny sal
24.04.2017 15:16,28.04.2017,Joga pro zdrava zada,15:15,16:15,3,20,Katerina  Kornova,zdravotni,Joga zeleny sal
25.04.2017 15:29,28.04.2017,Joga pro zdrava zada,15:15,16:15,4,20,Katerina  Kornova,zdravotni,Joga zeleny sal
26.04.2017 01:23,28.04.2017,Joga pro zdrava zada,15:15,16:15,5,20,Katerina  Kornova,zdravotni,Joga zeleny sal
27.04.2017 11:11,28.04.2017,Joga pro zdrava zada,15:15,16:15,6,20,Katerina  Kornova,zdravotni,Joga zeleny sal
28.04.2017 07:59,28.04.2017,Joga pro zdrava zada,15:15,16:15,7,20,Katerina  Kornova,zdravotni,Joga zeleny sal
23.04.2017 17:16,28.04.2017,Jemna joga,16:20,17:20,1,20,Katerina  Kornova,klidna protahovaci,Joga zeleny sal
27.04.2017 01:22,28.04.2017,Jemna joga,16:20,17:20,2,20,Katerina  Kornova,klidna protahovaci,Joga zeleny sal
28.04.2017 03:51,28.04.2017,Jemna joga,16:20,17:20,3,20,Katerina  Kornova,klidna protahovaci,Joga zeleny sal
28.04.2017 08:36,28.04.2017,Jemna joga,16:20,17:20,4,20,Katerina  Kornova,klidna protahovaci,Joga zeleny sal
28.04.2017 09:33,28.04.2017,Jemna joga,16:20,17:20,5,20,Katerina  Kornova,klidna protahovaci,Joga zeleny sal
23.04.2017 17:16,28.04.2017,Powerjoga,17:25,18:25,2,20,Hana Hruskova CJ / EN,dynamicka posilovaci,Joga zeleny sal
24.04.2017 03:21,28.04.2017,Powerjoga,17:25,18:25,1,20,Hana Hruskova CJ / EN,dynamicka posilovaci,Joga zeleny sal
25.04.2017 04:59,28.04.2017,Powerjoga,17:25,18:25,0,20,Hana Hruskova CJ / EN,dynamicka posilovaci,Joga zeleny sal
27.04.2017 07:00,28.04.2017,Powerjoga,17:25,18:25,3,20,Hana Hruskova CJ / EN,dynamicka posilovaci,Joga zeleny sal
27.04.2017 14:24,28.04.2017,Powerjoga,17:25,18:25,4,20,Hana Hruskova CJ / EN,dynamicka posilovaci,Joga zeleny sal
27.04.2017 15:08,28.04.2017,Powerjoga,17:25,18:25,5,20,Hana Hruskova CJ / EN,dynamicka posilovaci,Joga zeleny sal
23.04.2017 17:16,28.04.2017,Ashtanga joga - vhodna i pro zacatecniky,18:30,20:00,5,20,Hana Hruskova CJ / EN,zacatecnici,Joga zeleny sal
25.04.2017 04:44,28.04.2017,Ashtanga joga - vhodna i pro zacatecniky,18:30,20:00,6,20,Hana Hruskova CJ / EN,zacatecnici,Joga zeleny sal
25.04.2017 08:41,28.04.2017,Ashtanga joga - vhodna i pro zacatecniky,18:30,20:00,7,20,Hana Hruskova CJ / EN,zacatecnici,Joga zeleny sal
26.04.2017 23:38,28.04.2017,Ashtanga joga - vhodna i pro zacatecniky,18:30,20:00,8,20,Hana Hruskova CJ / EN,zacatecnici,Joga zeleny sal
27.04.2017 03:15,28.04.2017,Ashtanga joga - vhodna i pro zacatecniky,18:30,20:00,9,20,Hana Hruskova CJ / EN,zacatecnici,Joga zeleny sal
27.04.2017 03:29,28.04.2017,Ashtanga joga - vhodna i pro zacatecniky,18:30,20:00,10,20,Hana Hruskova CJ / EN,zacatecnici,Joga zeleny sal
28.04.2017 02:36,28.04.2017,Ashtanga joga - vhodna i pro zacatecniky,18:30,20:00,11,20,Hana Hruskova CJ / EN,zacatecnici,Joga zeleny sal
28.04.2017 09:38,28.04.2017,Ashtanga joga - vhodna i pro zacatecniky,18:30,20:00,12,20,Hana Hruskova CJ / EN,zacatecnici,Joga zeleny sal
28.04.2017 10:34,28.04.2017,Ashtanga joga - vhodna i pro zacatecniky,18:30,20:00,14,20,Hana Hruskova CJ / EN,zacatecnici,Joga zeleny sal
23.04.2017 17:16,28.04.2017,Hatha joga,7:00,8:00,1,20,Alexandra Mandova,zacatecnici,Joga zeleny sal
25.04.2017 13:31,28.04.2017,Hatha joga,7:00,8:00,2,20,Alexandra Mandova,zacatecnici,Joga zeleny sal
27.04.2017 09:11,28.04.2017,Hatha joga,7:00,8:00,3,20,Alexandra Mandova,zacatecnici,Joga zeleny sal
27.04.2017 14:34,28.04.2017,Hatha joga,7:00,8:00,4,20,Alexandra Mandova,zacatecnici,Joga zeleny sal
23.04.2017 17:16,28.04.2017,Jemna joga,8:05,8:50,0,20,Alexandra Mandova,klidna protahovaci,Joga zeleny sal
26.04.2017 07:48,28.04.2017,Jemna joga,8:05,8:50,1,20,Alexandra Mandova,klidna protahovaci,Joga zeleny sal
27.04.2017 01:02,28.04.2017,Jemna joga,8:05,8:50,2,20,Alexandra Mandova,klidna protahovaci,Joga zeleny sal
27.04.2017 04:10,28.04.2017,Jemna joga,8:05,8:50,3,20,Alexandra Mandova,klidna protahovaci,Joga zeleny sal
27.04.2017 13:13,28.04.2017,Jemna joga,8:05,8:50,4,20,Alexandra Mandova,klidna protahovaci,Joga zeleny sal
23.04.2017 17:16,28.04.2017,Powerjoga,9:10,10:10,0,20,Silvie Cifrincova,dynamicka posilovaci,Joga zeleny sal
27.04.2017 12:39,28.04.2017,Powerjoga,9:10,10:10,1,20,Silvie Cifrincova,dynamicka posilovaci,Joga zeleny sal
27.04.2017 14:51,28.04.2017,Powerjoga,9:10,10:10,2,20,Silvie Cifrincova,dynamicka posilovaci,Joga zeleny sal
28.04.2017 00:18,28.04.2017,Powerjoga,9:10,10:10,3,20,Silvie Cifrincova,dynamicka posilovaci,Joga zeleny sal
23.04.2017 17:16,29.04.2017,Powerjoga,10:20,11:20,0,20,Martina Dvorakova,dynamicka posilovaci,Joga zeleny sal
24.04.2017 09:38,29.04.2017,Powerjoga,10:20,11:20,1,20,Martina Dvorakova,dynamicka posilovaci,Joga zeleny sal
28.04.2017 02:02,29.04.2017,Powerjoga,10:20,11:20,2,20,Martina Dvorakova,dynamicka posilovaci,Joga zeleny sal
28.04.2017 02:11,29.04.2017,Powerjoga,10:20,11:20,3,20,Martina Dvorakova,dynamicka posilovaci,Joga zeleny sal
29.04.2017 02:29,29.04.2017,Powerjoga,10:20,11:20,4,20,Martina Dvorakova,dynamicka posilovaci,Joga zeleny sal
29.04.2017 02:53,29.04.2017,Powerjoga,10:20,11:20,5,20,Martina Dvorakova,dynamicka posilovaci,Joga zeleny sal
29.04.2017 04:19,29.04.2017,Powerjoga,10:20,11:20,7,20,Martina Dvorakova,dynamicka posilovaci,Joga zeleny sal
23.04.2017 17:16,29.04.2017,Hatha joga,11:30,13:00,1,20,Martina Koralova,zacatecnici,Joga zeleny sal
25.04.2017 16:00,29.04.2017,Hatha joga,11:30,13:00,2,20,Martina Koralova,zacatecnici,Joga zeleny sal
28.04.2017 03:32,29.04.2017,Hatha joga,11:30,13:00,3,20,Martina Koralova,zacatecnici,Joga zeleny sal
28.04.2017 03:33,29.04.2017,Hatha joga,11:30,13:00,4,20,Martina Koralova,zacatecnici,Joga zeleny sal
28.04.2017 04:05,29.04.2017,Hatha joga,11:30,13:00,5,20,Martina Koralova,zacatecnici,Joga zeleny sal
28.04.2017 04:06,29.04.2017,Hatha joga,11:30,13:00,7,20,Martina Koralova,zacatecnici,Joga zeleny sal
28.04.2017 06:55,29.04.2017,Hatha joga,11:30,13:00,9,20,Martina Koralova,zacatecnici,Joga zeleny sal
28.04.2017 15:08,29.04.2017,Hatha joga,11:30,13:00,10,20,Martina Koralova,zacatecnici,Joga zeleny sal
29.04.2017 01:34,29.04.2017,Hatha joga,11:30,13:00,11,20,Martina Koralova,zacatecnici,Joga zeleny sal
29.04.2017 03:23,29.04.2017,Hatha joga,11:30,13:00,12,20,Martina Koralova,zacatecnici,Joga zeleny sal
29.04.2017 03:37,29.04.2017,Hatha joga,11:30,13:00,13,20,Martina Koralova,zacatecnici,Joga zeleny sal
29.04.2017 04:15,29.04.2017,Hatha joga,11:30,13:00,14,20,Martina Koralova,zacatecnici,Joga zeleny sal
29.04.2017 04:25,29.04.2017,Hatha joga,11:30,13:00,15,20,Martina Koralova,zacatecnici,Joga zeleny sal
23.04.2017 17:16,29.04.2017,Zaciname s jogou - Kurz zakladu vinyasy,13:05,14:35,0,20,Martina Koralova,,Joga zeleny sal
26.04.2017 02:30,29.04.2017,Zaciname s jogou - Kurz zakladu vinyasy,13:05,14:35,1,20,Martina Koralova,,Joga zeleny sal
26.04.2017 02:33,29.04.2017,Zaciname s jogou - Kurz zakladu vinyasy,13:05,14:35,2,20,Martina Koralova,,Joga zeleny sal
26.04.2017 13:52,29.04.2017,Zaciname s jogou - Kurz zakladu vinyasy,13:05,14:35,4,20,Martina Koralova,,Joga zeleny sal
28.04.2017 03:32,29.04.2017,Zaciname s jogou - Kurz zakladu vinyasy,13:05,14:35,3,20,Martina Koralova,,Joga zeleny sal
23.04.2017 17:16,29.04.2017,Powerjoga,15:50,16:50,1,20,Veronika  Brozova CJ / EN,dynamicka posilovaci,Joga zeleny sal
26.04.2017 01:48,29.04.2017,Powerjoga ZASKOK,15:50,16:50,1,20,Dominika  Sablaturova,dynamicka posilovaci,Joga zeleny sal
29.04.2017 02:52,29.04.2017,Powerjoga ZASKOK,15:50,16:50,2,20,Dominika  Sablaturova,dynamicka posilovaci,Joga zeleny sal
23.04.2017 17:16,29.04.2017,Jemna joga,17:00,18:30,0,20,Veronika  Brozova CJ / EN,klidna protahovaci,Joga zeleny sal
26.04.2017 01:48,29.04.2017,Jemna joga ZASKOK,17:00,18:30,0,20,Dominika  Sablaturova,klidna protahovaci,Joga zeleny sal
29.04.2017 04:07,29.04.2017,Jemna joga ZASKOK,17:00,18:30,1,20,Dominika  Sablaturova,klidna protahovaci,Joga zeleny sal
23.04.2017 17:16,29.04.2017,Hatha joga,9:15,10:15,2,20,Martina Dvorakova,klidna protahovaci,Joga zeleny sal
27.04.2017 14:10,29.04.2017,Hatha joga,9:15,10:15,3,20,Martina Dvorakova,klidna protahovaci,Joga zeleny sal
28.04.2017 02:42,29.04.2017,Hatha joga,9:15,10:15,4,20,Martina Dvorakova,klidna protahovaci,Joga zeleny sal
28.04.2017 06:12,29.04.2017,Hatha joga,9:15,10:15,5,20,Martina Dvorakova,klidna protahovaci,Joga zeleny sal
28.04.2017 12:55,29.04.2017,Hatha joga,9:15,10:15,6,20,Martina Dvorakova,klidna protahovaci,Joga zeleny sal
28.04.2017 13:17,29.04.2017,Hatha joga,9:15,10:15,7,20,Martina Dvorakova,klidna protahovaci,Joga zeleny sal
28.04.2017 13:19,29.04.2017,Hatha joga,9:15,10:15,8,20,Martina Dvorakova,klidna protahovaci,Joga zeleny sal
28.04.2017 16:53,29.04.2017,Hatha joga,9:15,10:15,9,20,Martina Dvorakova,klidna protahovaci,Joga zeleny sal
29.04.2017 02:10,29.04.2017,Hatha joga,9:15,10:15,10,20,Martina Dvorakova,klidna protahovaci,Joga zeleny sal
29.04.2017 02:17,29.04.2017,Hatha joga,9:15,10:15,12,20,Martina Dvorakova,klidna protahovaci,Joga zeleny sal
29.04.2017 02:29,29.04.2017,Hatha joga,9:15,10:15,13,20,Martina Dvorakova,klidna protahovaci,Joga zeleny sal
23.04.2017 17:15,30.04.2017,Hot joga,16:45,18:15,6,30,Alexandra Mandova,zacatecnici,Hot-joga
25.04.2017 10:07,30.04.2017,Hot joga,16:45,18:15,7,30,Alexandra Mandova,zacatecnici,Hot-joga
26.04.2017 01:22,30.04.2017,Hot joga,16:45,18:15,8,30,Alexandra Mandova,zacatecnici,Hot-joga
26.04.2017 08:23,30.04.2017,Hot joga,16:45,18:15,9,30,Alexandra Mandova,zacatecnici,Hot-joga
26.04.2017 12:56,30.04.2017,Hot joga,16:45,18:15,10,30,Alexandra Mandova,zacatecnici,Hot-joga
26.04.2017 16:46,30.04.2017,Hot joga,16:45,18:15,11,30,Alexandra Mandova,zacatecnici,Hot-joga
28.04.2017 01:17,30.04.2017,Hot joga,16:45,18:15,12,30,Alexandra Mandova,zacatecnici,Hot-joga
28.04.2017 02:50,30.04.2017,Hot joga,16:45,18:15,13,30,Alexandra Mandova,zacatecnici,Hot-joga
28.04.2017 05:56,30.04.2017,Hot joga,16:45,18:15,14,30,Alexandra Mandova,zacatecnici,Hot-joga
28.04.2017 06:32,30.04.2017,Hot joga,16:45,18:15,15,30,Alexandra Mandova,zacatecnici,Hot-joga
28.04.2017 06:43,30.04.2017,Hot joga,16:45,18:15,16,30,Alexandra Mandova,zacatecnici,Hot-joga
28.04.2017 16:51,30.04.2017,Hot joga,16:45,18:15,17,30,Alexandra Mandova,zacatecnici,Hot-joga
29.04.2017 02:43,30.04.2017,Hot joga,16:45,18:15,18,30,Alexandra Mandova,zacatecnici,Hot-joga
30.04.2017 04:21,30.04.2017,Hot joga,16:45,18:15,19,30,Alexandra Mandova,zacatecnici,Hot-joga
30.04.2017 09:57,30.04.2017,Hot joga,16:45,18:15,20,30,Alexandra Mandova,zacatecnici,Hot-joga
23.04.2017 17:16,30.04.2017,Hatha joga,17:00,18:00,0,20,Tomas  Helbig,klidna protahovaci,Joga zeleny sal
24.04.2017 03:36,30.04.2017,Hatha joga,17:00,18:00,2,20,Tomas  Helbig,klidna protahovaci,Joga zeleny sal
27.04.2017 12:22,30.04.2017,Hatha joga,17:00,18:00,3,20,Tomas  Helbig,klidna protahovaci,Joga zeleny sal
28.04.2017 03:59,30.04.2017,Hatha joga,17:00,18:00,1,20,Tomas  Helbig,klidna protahovaci,Joga zeleny sal
30.04.2017 02:35,30.04.2017,Hatha joga,17:00,18:00,4,20,Tomas  Helbig,klidna protahovaci,Joga zeleny sal
30.04.2017 06:57,30.04.2017,Hatha joga,17:00,18:00,5,20,Tomas  Helbig,klidna protahovaci,Joga zeleny sal
30.04.2017 08:23,30.04.2017,Hatha joga,17:00,18:00,6,20,Tomas  Helbig,klidna protahovaci,Joga zeleny sal
30.04.2017 09:55,30.04.2017,Hatha joga,17:00,18:00,7,20,Tomas  Helbig,klidna protahovaci,Joga zeleny sal
30.04.2017 10:13,30.04.2017,Hatha joga,17:00,18:00,8,20,Tomas  Helbig,klidna protahovaci,Joga zeleny sal
30.04.2017 10:26,30.04.2017,Hatha joga,17:00,18:00,9,20,Tomas  Helbig,klidna protahovaci,Joga zeleny sal
23.04.2017 17:16,30.04.2017,Powerjoga - vhodna i pro zacatecniky,18:10,19:40,20,20,Petra Tomkova,dynamicka posilovaci,Joga zeleny sal
29.04.2017 13:10,30.04.2017,Powerjoga - vhodna i pro zacatecniky,18:10,19:40,19,20,Petra Tomkova,dynamicka posilovaci,Joga zeleny sal
30.04.2017 01:58,30.04.2017,Powerjoga - vhodna i pro zacatecniky,18:10,19:40,18,20,Petra Tomkova,dynamicka posilovaci,Joga zeleny sal
30.04.2017 02:20,30.04.2017,Powerjoga - vhodna i pro zacatecniky,18:10,19:40,17,20,Petra Tomkova,dynamicka posilovaci,Joga zeleny sal
30.04.2017 04:47,30.04.2017,Powerjoga - vhodna i pro zacatecniky,18:10,19:40,16,20,Petra Tomkova,dynamicka posilovaci,Joga zeleny sal
30.04.2017 06:06,30.04.2017,Powerjoga - vhodna i pro zacatecniky,18:10,19:40,15,20,Petra Tomkova,dynamicka posilovaci,Joga zeleny sal
30.04.2017 06:54,30.04.2017,Powerjoga - vhodna i pro zacatecniky,18:10,19:40,14,20,Petra Tomkova,dynamicka posilovaci,Joga zeleny sal
23.04.2017 17:15,30.04.2017,Hot joga,18:30,19:30,1,30,Alexandra Mandova,dynamicka posilovaci,Hot-joga
26.04.2017 16:46,30.04.2017,Hot joga,18:30,19:30,2,30,Alexandra Mandova,dynamicka posilovaci,Hot-joga
29.04.2017 07:02,30.04.2017,Hot joga,18:30,19:30,3,30,Alexandra Mandova,dynamicka posilovaci,Hot-joga
30.04.2017 03:13,30.04.2017,Hot joga,18:30,19:30,5,30,Alexandra Mandova,dynamicka posilovaci,Hot-joga
30.04.2017 03:47,30.04.2017,Hot joga,18:30,19:30,4,30,Alexandra Mandova,dynamicka posilovaci,Hot-joga
23.04.2017 17:16,30.04.2017,Intenzivni kurz jogy - uzavreny kurz,19:45,21:15,0,0,Katka  Prymkova  CJ / EN,,Joga zeleny sal
30.04.2017 17:14,01.05.2017,Joga pro zdrava zada - vhodna pro zacatecniky,10:15,11:15,4,20,Silvie Cifrincova,zdravotni,Joga zeleny sal
01.05.2017 03:21,01.05.2017,Joga pro zdrava zada - vhodna pro zacatecniky,10:15,11:15,5,20,Silvie Cifrincova,zdravotni,Joga zeleny sal
01.05.2017 03:25,01.05.2017,Joga pro zdrava zada - vhodna pro zacatecniky,10:15,11:15,6,20,Silvie Cifrincova,zdravotni,Joga zeleny sal
01.05.2017 03:28,01.05.2017,Joga pro zdrava zada - vhodna pro zacatecniky,10:15,11:15,7,20,Silvie Cifrincova,zdravotni,Joga zeleny sal
01.05.2017 03:31,01.05.2017,Joga pro zdrava zada - vhodna pro zacatecniky,10:15,11:15,8,20,Silvie Cifrincova,zdravotni,Joga zeleny sal
30.04.2017 17:14,01.05.2017,Power joga,11:25,12:10,2,20,Marketa  Samesova,dynamicka posilovaci,Joga zeleny sal
01.05.2017 03:21,01.05.2017,Power joga,11:25,12:10,3,20,Marketa  Samesova,dynamicka posilovaci,Joga zeleny sal
01.05.2017 04:20,01.05.2017,Power joga,11:25,12:10,4,20,Marketa  Samesova,dynamicka posilovaci,Joga zeleny sal
01.05.2017 04:31,01.05.2017,Power joga,11:25,12:10,5,20,Marketa  Samesova,dynamicka posilovaci,Joga zeleny sal
30.04.2017 17:14,01.05.2017,Powerjoga,12:15,13:00,0,20,Marketa  Samesova,zacatecnici,Joga zeleny sal
30.04.2017 17:14,01.05.2017,Jemna joga,15:05,16:05,1,20,Vera Vojtechova,klidna protahovaci,Joga zeleny sal
01.05.2017 02:05,01.05.2017,Jemna joga,15:05,16:05,2,20,Vera Vojtechova,klidna protahovaci,Joga zeleny sal
30.04.2017 17:14,01.05.2017,Joga pro zdrava zada - vhodna pro zacatecniky,16:10,17:10,4,20,Vera Vojtechova,zdravotni,Joga zeleny sal
01.05.2017 00:37,01.05.2017,Joga pro zdrava zada - vhodna pro zacatecniky,16:10,17:10,3,20,Vera Vojtechova,zdravotni,Joga zeleny sal
01.05.2017 02:05,01.05.2017,Joga pro zdrava zada - vhodna pro zacatecniky,16:10,17:10,5,20,Vera Vojtechova,zdravotni,Joga zeleny sal
01.05.2017 08:58,01.05.2017,Joga pro zdrava zada - vhodna pro zacatecniky,16:10,17:10,6,20,Vera Vojtechova,zdravotni,Joga zeleny sal
01.05.2017 09:09,01.05.2017,Joga pro zdrava zada - vhodna pro zacatecniky,16:10,17:10,7,20,Vera Vojtechova,zdravotni,Joga zeleny sal
01.05.2017 09:10,01.05.2017,Joga pro zdrava zada - vhodna pro zacatecniky,16:10,17:10,8,20,Vera Vojtechova,zdravotni,Joga zeleny sal
30.04.2017 17:14,01.05.2017,Hot joga,16:40,17:40,3,30,Veronika  Brozova CJ / EN,zacatecnici,Hot-joga
30.04.2017 23:17,01.05.2017,Hot joga,16:40,17:40,4,30,Veronika  Brozova CJ / EN,zacatecnici,Hot-joga
01.05.2017 00:49,01.05.2017,Hot joga,16:40,17:40,5,30,Veronika  Brozova CJ / EN,zacatecnici,Hot-joga
01.05.2017 07:43,01.05.2017,Hot joga,16:40,17:40,6,30,Veronika  Brozova CJ / EN,zacatecnici,Hot-joga
01.05.2017 08:33,01.05.2017,Hot joga,16:40,17:40,7,30,Veronika  Brozova CJ / EN,zacatecnici,Hot-joga
01.05.2017 09:10,01.05.2017,Hot joga,16:40,17:40,8,30,Veronika  Brozova CJ / EN,zacatecnici,Hot-joga
01.05.2017 09:22,01.05.2017,Hot joga,16:40,17:40,9,30,Veronika  Brozova CJ / EN,zacatecnici,Hot-joga
01.05.2017 09:35,01.05.2017,Hot joga,16:40,17:40,10,30,Veronika  Brozova CJ / EN,zacatecnici,Hot-joga
30.04.2017 17:14,01.05.2017,Ashtanga joga,17:20,18:50,1,20,Katka  Prymkova  CJ / EN,dynamicka posilovaci,Joga zeleny sal
01.05.2017 03:30,01.05.2017,Ashtanga joga,17:20,18:50,2,20,Katka  Prymkova  CJ / EN,dynamicka posilovaci,Joga zeleny sal
30.04.2017 17:14,01.05.2017,Hot joga,18:00,19:30,9,30,Monika Stuart,klidna protahovaci,Hot-joga
01.05.2017 04:01,01.05.2017,Hot joga,18:00,19:30,10,30,Monika Stuart,klidna protahovaci,Hot-joga
01.05.2017 04:36,01.05.2017,Hot joga,18:00,19:30,11,30,Monika Stuart,klidna protahovaci,Hot-joga
01.05.2017 04:38,01.05.2017,Hot joga,18:00,19:30,12,30,Monika Stuart,klidna protahovaci,Hot-joga
01.05.2017 10:07,01.05.2017,Hot joga,18:00,19:30,13,30,Monika Stuart,klidna protahovaci,Hot-joga
01.05.2017 10:08,01.05.2017,Hot joga,18:00,19:30,14,30,Monika Stuart,klidna protahovaci,Hot-joga
30.04.2017 17:14,01.05.2017,Hatha joga,18:55,19:55,9,20,Katka  Prymkova  CJ / EN,klidna protahovaci,Joga zeleny sal
30.04.2017 20:58,01.05.2017,Hatha joga,18:55,19:55,8,20,Katka  Prymkova  CJ / EN,klidna protahovaci,Joga zeleny sal
01.05.2017 07:33,01.05.2017,Hatha joga,18:55,19:55,7,20,Katka  Prymkova  CJ / EN,klidna protahovaci,Joga zeleny sal
01.05.2017 11:08,01.05.2017,Hatha joga,18:55,19:55,10,20,Katka  Prymkova  CJ / EN,klidna protahovaci,Joga zeleny sal
01.05.2017 12:11,01.05.2017,Hatha joga,18:55,19:55,11,20,Katka  Prymkova  CJ / EN,klidna protahovaci,Joga zeleny sal
30.04.2017 17:14,01.05.2017,Hot joga,19:45,21:15,4,30,Milana Jermanova,dynamicka posilovaci,Hot-joga
01.05.2017 00:41,01.05.2017,Hot joga,19:45,21:15,3,30,Milana Jermanova,dynamicka posilovaci,Hot-joga
01.05.2017 00:42,01.05.2017,Hot joga,19:45,21:15,2,30,Milana Jermanova,dynamicka posilovaci,Hot-joga
01.05.2017 07:57,01.05.2017,Hot joga,19:45,21:15,2,30,Marketa  Samesova,dynamicka posilovaci,Hot-joga
01.05.2017 09:46,01.05.2017,Hot joga,19:45,21:15,1,30,Marketa  Samesova,dynamicka posilovaci,Hot-joga
30.04.2017 17:14,01.05.2017,Powerjoga,9:10,10:10,4,20,Silvie Cifrincova,dynamicka posilovaci,Joga zeleny sal
01.05.2017 02:19,01.05.2017,Powerjoga,9:10,10:10,5,20,Silvie Cifrincova,dynamicka posilovaci,Joga zeleny sal
01.05.2017 02:25,01.05.2017,Powerjoga,9:10,10:10,7,20,Silvie Cifrincova,dynamicka posilovaci,Joga zeleny sal
30.04.2017 17:14,02.05.2017,Jemna joga,10:20,11:20,1,20,Katerina  Kornova,klidna protahovaci,Joga zeleny sal
02.05.2017 00:01,02.05.2017,Jemna joga,10:20,11:20,0,20,Katerina  Kornova,klidna protahovaci,Joga zeleny sal
30.04.2017 17:14,02.05.2017,Joga pro seniory,10:35,11:35,1,30,Blanka Lorencova,klidna protahovaci,Joga modry sal
01.05.2017 16:46,02.05.2017,Joga pro seniory,10:35,11:35,2,30,Blanka Lorencova,klidna protahovaci,Joga modry sal
02.05.2017 02:55,02.05.2017,Joga pro seniory,10:35,11:35,3,30,Blanka Lorencova,klidna protahovaci,Joga modry sal
30.04.2017 17:14,02.05.2017,Joga pro zdrava zada,11:25,12:10,1,20,Katerina  Kornova,zdravotni,Joga zeleny sal
02.05.2017 02:25,02.05.2017,Joga pro zdrava zada,11:25,12:10,0,20,Katerina  Kornova,zdravotni,Joga zeleny sal
30.04.2017 17:14,02.05.2017,Powerjoga,11:40,12:25,0,30,Karolina Chudobova,zacatecnici,Joga modry sal
02.05.2017 03:09,02.05.2017,Powerjoga,11:40,12:25,1,30,Karolina Chudobova,zacatecnici,Joga modry sal
02.05.2017 03:21,02.05.2017,Powerjoga,11:40,12:25,2,30,Karolina Chudobova,zacatecnici,Joga modry sal
02.05.2017 03:46,02.05.2017,Powerjoga,11:40,12:25,4,30,Karolina Chudobova,zacatecnici,Joga modry sal
02.05.2017 04:15,02.05.2017,Powerjoga,11:40,12:25,5,30,Karolina Chudobova,zacatecnici,Joga modry sal
30.04.2017 17:14,02.05.2017,Joga pro zdrava zada,12:15,13:00,0,20,Katerina  Kornova,zdravotni,Joga zeleny sal
02.05.2017 00:01,02.05.2017,Joga pro zdrava zada,12:15,13:00,1,20,Katerina  Kornova,zdravotni,Joga zeleny sal
02.05.2017 04:53,02.05.2017,Joga pro zdrava zada,12:15,13:00,2,20,Katerina  Kornova,zdravotni,Joga zeleny sal
02.05.2017 05:02,02.05.2017,Joga pro zdrava zada,12:15,13:00,3,20,Katerina  Kornova,zdravotni,Joga zeleny sal
30.04.2017 17:14,02.05.2017,Powerjoga,12:30,13:15,3,30,Karolina Chudobova,dynamicka posilovaci,Joga modry sal
01.05.2017 09:01,02.05.2017,Powerjoga,12:30,13:15,4,30,Karolina Chudobova,dynamicka posilovaci,Joga modry sal
02.05.2017 02:43,02.05.2017,Powerjoga,12:30,13:15,5,30,Karolina Chudobova,dynamicka posilovaci,Joga modry sal
02.05.2017 03:22,02.05.2017,Powerjoga,12:30,13:15,6,30,Karolina Chudobova,dynamicka posilovaci,Joga modry sal
02.05.2017 03:23,02.05.2017,Powerjoga,12:30,13:15,7,30,Karolina Chudobova,dynamicka posilovaci,Joga modry sal
02.05.2017 04:38,02.05.2017,Powerjoga,12:30,13:15,8,30,Karolina Chudobova,dynamicka posilovaci,Joga modry sal
02.05.2017 05:27,02.05.2017,Powerjoga,12:30,13:15,10,30,Karolina Chudobova,dynamicka posilovaci,Joga modry sal
02.05.2017 05:29,02.05.2017,Powerjoga,12:30,13:15,11,30,Karolina Chudobova,dynamicka posilovaci,Joga modry sal
02.05.2017 05:41,02.05.2017,Powerjoga,12:30,13:15,12,30,Karolina Chudobova,dynamicka posilovaci,Joga modry sal
02.05.2017 05:48,02.05.2017,Powerjoga,12:30,13:15,13,30,Karolina Chudobova,dynamicka posilovaci,Joga modry sal
30.04.2017 17:14,02.05.2017,Powerjoga,15:15,16:15,2,20,Alexandra Mandova,dynamicka posilovaci,Joga zeleny sal
02.05.2017 02:48,02.05.2017,Powerjoga,15:15,16:15,3,20,Alexandra Mandova,dynamicka posilovaci,Joga zeleny sal
02.05.2017 03:34,02.05.2017,Powerjoga,15:15,16:15,4,20,Alexandra Mandova,dynamicka posilovaci,Joga zeleny sal
02.05.2017 08:03,02.05.2017,Powerjoga,15:15,16:15,5,20,Alexandra Mandova,dynamicka posilovaci,Joga zeleny sal
30.04.2017 17:14,02.05.2017,Hatha joga,16:20,17:20,20,20,Lubica Vodvarkova,klidna protahovaci,Joga zeleny sal
01.05.2017 01:15,02.05.2017,Hatha joga,16:20,17:20,19,20,Lubica Vodvarkova,klidna protahovaci,Joga zeleny sal
30.04.2017 17:14,02.05.2017,Hot joga,16:40,17:40,2,30,Alexandra Mandova,zacatecnici,Hot-joga
01.05.2017 13:23,02.05.2017,Hot joga,16:40,17:40,3,30,Alexandra Mandova,zacatecnici,Hot-joga
01.05.2017 14:14,02.05.2017,Hot joga,16:40,17:40,4,30,Alexandra Mandova,zacatecnici,Hot-joga
02.05.2017 03:32,02.05.2017,Hot joga,16:40,17:40,5,30,Alexandra Mandova,zacatecnici,Hot-joga
02.05.2017 04:15,02.05.2017,Hot joga,16:40,17:40,6,30,Alexandra Mandova,zacatecnici,Hot-joga
02.05.2017 08:34,02.05.2017,Hot joga,16:40,17:40,7,30,Alexandra Mandova,zacatecnici,Hot-joga
03.05.2017 11:45,02.05.2017,Hot joga,16:40,17:40,8,30,Alexandra Mandova,zacatecnici,Hot-joga
30.04.2017 17:14,02.05.2017,Jemna joga,17:25,18:25,20,20,Lubica Vodvarkova,zacatecnici,Joga zeleny sal
02.05.2017 05:58,02.05.2017,Jemna joga,17:25,18:25,19,20,Lubica Vodvarkova,zacatecnici,Joga zeleny sal
30.04.2017 17:14,02.05.2017,Hot joga - vhodna i pro zacatecniky,18:00,19:30,5,30,Petr  Cmund,dynamicka posilovaci,Hot-joga
01.05.2017 01:04,02.05.2017,Hot joga - vhodna i pro zacatecniky,18:00,19:30,6,30,Petr  Cmund,dynamicka posilovaci,Hot-joga
01.05.2017 05:52,02.05.2017,Hot joga - vhodna i pro zacatecniky,18:00,19:30,7,30,Petr  Cmund,dynamicka posilovaci,Hot-joga
01.05.2017 11:12,02.05.2017,Hot joga - vhodna i pro zacatecniky,18:00,19:30,8,30,Petr  Cmund,dynamicka posilovaci,Hot-joga
01.05.2017 14:00,02.05.2017,Hot joga - vhodna i pro zacatecniky,18:00,19:30,9,30,Petr  Cmund,dynamicka posilovaci,Hot-joga
01.05.2017 14:01,02.05.2017,Hot joga - vhodna i pro zacatecniky,18:00,19:30,10,30,Petr  Cmund,dynamicka posilovaci,Hot-joga
01.05.2017 14:19,02.05.2017,Hot joga - vhodna i pro zacatecniky,18:00,19:30,11,30,Petr  Cmund,dynamicka posilovaci,Hot-joga
02.05.2017 01:37,02.05.2017,Hot joga - vhodna i pro zacatecniky,18:00,19:30,12,30,Petr  Cmund,dynamicka posilovaci,Hot-joga
02.05.2017 02:01,02.05.2017,Hot joga - vhodna i pro zacatecniky,18:00,19:30,13,30,Petr  Cmund,dynamicka posilovaci,Hot-joga
02.05.2017 02:13,02.05.2017,Hot joga - vhodna i pro zacatecniky,18:00,19:30,14,30,Petr  Cmund,dynamicka posilovaci,Hot-joga
02.05.2017 03:04,02.05.2017,Hot joga - vhodna i pro zacatecniky,18:00,19:30,15,30,Petr  Cmund,dynamicka posilovaci,Hot-joga
02.05.2017 03:06,02.05.2017,Hot joga - vhodna i pro zacatecniky,18:00,19:30,16,30,Petr  Cmund,dynamicka posilovaci,Hot-joga
02.05.2017 03:12,02.05.2017,Hot joga - vhodna i pro zacatecniky,18:00,19:30,17,30,Petr  Cmund,dynamicka posilovaci,Hot-joga
02.05.2017 03:16,02.05.2017,Hot joga - vhodna i pro zacatecniky,18:00,19:30,18,30,Petr  Cmund,dynamicka posilovaci,Hot-joga
02.05.2017 03:21,02.05.2017,Hot joga - vhodna i pro zacatecniky,18:00,19:30,19,30,Petr  Cmund,dynamicka posilovaci,Hot-joga
02.05.2017 05:49,02.05.2017,Hot joga - vhodna i pro zacatecniky,18:00,19:30,20,30,Petr  Cmund,dynamicka posilovaci,Hot-joga
02.05.2017 05:50,02.05.2017,Hot joga - vhodna i pro zacatecniky,18:00,19:30,21,30,Petr  Cmund,dynamicka posilovaci,Hot-joga
02.05.2017 06:24,02.05.2017,Hot joga - vhodna i pro zacatecniky,18:00,19:30,22,30,Petr  Cmund,dynamicka posilovaci,Hot-joga
02.05.2017 07:46,02.05.2017,Hot joga - vhodna i pro zacatecniky,18:00,19:30,23,30,Petr  Cmund,dynamicka posilovaci,Hot-joga
02.05.2017 08:38,02.05.2017,Hot joga - vhodna i pro zacatecniky,18:00,19:30,24,30,Petr  Cmund,dynamicka posilovaci,Hot-joga
02.05.2017 09:00,02.05.2017,Hot joga - vhodna i pro zacatecniky,18:00,19:30,25,30,Petr  Cmund,dynamicka posilovaci,Hot-joga
02.05.2017 10:43,02.05.2017,Hot joga - vhodna i pro zacatecniky,18:00,19:30,26,30,Petr  Cmund,dynamicka posilovaci,Hot-joga
02.05.2017 11:12,02.05.2017,Hot joga - vhodna i pro zacatecniky,18:00,19:30,27,30,Petr  Cmund,dynamicka posilovaci,Hot-joga
02.05.2017 11:15,02.05.2017,Hot joga - vhodna i pro zacatecniky,18:00,19:30,28,30,Petr  Cmund,dynamicka posilovaci,Hot-joga
30.04.2017 17:14,02.05.2017,Gravid joga,18:30,19:30,1,20,Hana Stepanova,zdravotni,Joga zeleny sal
01.05.2017 04:40,02.05.2017,Gravid joga,18:30,19:30,2,20,Hana Stepanova,zdravotni,Joga zeleny sal
02.05.2017 10:47,02.05.2017,Gravid joga,18:30,19:30,3,20,Hana Stepanova,zdravotni,Joga zeleny sal
02.05.2017 10:50,02.05.2017,Gravid joga,18:30,19:30,4,20,Hana Stepanova,zdravotni,Joga zeleny sal
02.05.2017 11:22,02.05.2017,Gravid joga,18:30,19:30,5,20,Hana Stepanova,zdravotni,Joga zeleny sal
02.05.2017 11:33,02.05.2017,Gravid joga,18:30,19:30,6,20,Hana Stepanova,zdravotni,Joga zeleny sal
02.05.2017 11:43,02.05.2017,Gravid joga,18:30,19:30,7,20,Hana Stepanova,zdravotni,Joga zeleny sal
30.04.2017 17:14,02.05.2017,Kurz powerjogy pro zacatecniky - uzavreny kurz,19:40,21:10,0,0,Marketa Makovska CJ / EN,,Joga zeleny sal
30.04.2017 17:14,02.05.2017,Kurz jogy pro zacatecniky - uzavreny kurz,19:45,21:15,0,0,Richard Holicky,,Joga modry sal
30.04.2017 17:14,02.05.2017,Powerjoga,7:00,8:00,3,20,Hana Hruskova CJ / EN,dynamicka posilovaci,Joga zeleny sal
01.05.2017 02:14,02.05.2017,Powerjoga       ZASKOK,7:00,8:00,3,20,Alexandra Mandova,dynamicka posilovaci,Joga zeleny sal
01.05.2017 03:56,02.05.2017,Powerjoga       ZASKOK,7:00,8:00,4,20,Alexandra Mandova,dynamicka posilovaci,Joga zeleny sal
01.05.2017 04:06,02.05.2017,Powerjoga       ZASKOK,7:00,8:00,5,20,Alexandra Mandova,dynamicka posilovaci,Joga zeleny sal
01.05.2017 06:52,02.05.2017,Powerjoga       ZASKOK,7:00,8:00,6,20,Alexandra Mandova,dynamicka posilovaci,Joga zeleny sal
01.05.2017 16:23,02.05.2017,Powerjoga       ZASKOK,7:00,8:00,7,20,Alexandra Mandova,dynamicka posilovaci,Joga zeleny sal
30.04.2017 17:14,02.05.2017,Powerjoga,8:05,9:05,2,20,Hana Hruskova CJ / EN,zacatecnici,Joga zeleny sal
01.05.2017 02:14,02.05.2017,Powerjoga    ZASKOK,8:05,9:05,2,20,Alexandra Mandova,zacatecnici,Joga zeleny sal
02.05.2017 01:05,02.05.2017,Powerjoga    ZASKOK,8:05,9:05,3,20,Alexandra Mandova,zacatecnici,Joga zeleny sal
30.04.2017 17:14,03.05.2017,Jemna joga - vhodna i pro seniory,10:15,11:15,0,30,Daniela  Fremuntova,klidna protahovaci,Joga modry sal
30.04.2017 17:14,03.05.2017,Powerjoga,11:25,12:10,1,30,Daniela  Fremuntova,dynamicka posilovaci,Joga modry sal
02.05.2017 04:55,03.05.2017,Powerjoga,11:25,12:10,2,30,Daniela  Fremuntova,dynamicka posilovaci,Joga modry sal
03.05.2017 04:00,03.05.2017,Powerjoga,11:25,12:10,3,30,Daniela  Fremuntova,dynamicka posilovaci,Joga modry sal
03.05.2017 04:18,03.05.2017,Powerjoga,11:25,12:10,4,30,Daniela  Fremuntova,dynamicka posilovaci,Joga modry sal
03.05.2017 04:21,03.05.2017,Powerjoga,11:25,12:10,5,30,Daniela  Fremuntova,dynamicka posilovaci,Joga modry sal
03.05.2017 04:27,03.05.2017,Powerjoga,11:25,12:10,6,30,Daniela  Fremuntova,dynamicka posilovaci,Joga modry sal
03.05.2017 04:32,03.05.2017,Powerjoga,11:25,12:10,7,30,Daniela  Fremuntova,dynamicka posilovaci,Joga modry sal
03.05.2017 04:38,03.05.2017,Powerjoga,11:25,12:10,8,30,Daniela  Fremuntova,dynamicka posilovaci,Joga modry sal
03.05.2017 05:06,03.05.2017,Powerjoga,11:25,12:10,9,30,Daniela  Fremuntova,dynamicka posilovaci,Joga modry sal
30.04.2017 17:14,03.05.2017,Joga pro zdrava zada,11:40,12:25,1,20,Katerina  Kornova,zdravotni,Joga zeleny sal
01.05.2017 02:48,03.05.2017,Joga pro zdrava zada,11:40,12:25,2,20,Katerina  Kornova,zdravotni,Joga zeleny sal
02.05.2017 11:09,03.05.2017,Joga pro zdrava zada,11:40,12:25,3,20,Katerina  Kornova,zdravotni,Joga zeleny sal
02.05.2017 12:06,03.05.2017,Joga pro zdrava zada,11:40,12:25,4,20,Katerina  Kornova,zdravotni,Joga zeleny sal
02.05.2017 14:41,03.05.2017,Joga pro zdrava zada,11:40,12:25,5,20,Katerina  Kornova,zdravotni,Joga zeleny sal
03.05.2017 01:56,03.05.2017,Joga pro zdrava zada,11:40,12:25,6,20,Katerina  Kornova,zdravotni,Joga zeleny sal
03.05.2017 03:10,03.05.2017,Joga pro zdrava zada,11:40,12:25,7,20,Katerina  Kornova,zdravotni,Joga zeleny sal
03.05.2017 04:08,03.05.2017,Joga pro zdrava zada,11:40,12:25,8,20,Katerina  Kornova,zdravotni,Joga zeleny sal
03.05.2017 04:16,03.05.2017,Joga pro zdrava zada,11:40,12:25,9,20,Katerina  Kornova,zdravotni,Joga zeleny sal
03.05.2017 04:23,03.05.2017,Joga pro zdrava zada,11:40,12:25,10,20,Katerina  Kornova,zdravotni,Joga zeleny sal
03.05.2017 04:51,03.05.2017,Joga pro zdrava zada,11:40,12:25,11,20,Katerina  Kornova,zdravotni,Joga zeleny sal
30.04.2017 17:14,03.05.2017,Powerjoga,12:15,13:00,0,30,Daniela  Fremuntova,zacatecnici,Joga modry sal
01.05.2017 09:02,03.05.2017,Powerjoga,12:15,13:00,1,30,Daniela  Fremuntova,zacatecnici,Joga modry sal
02.05.2017 03:50,03.05.2017,Powerjoga,12:15,13:00,2,30,Daniela  Fremuntova,zacatecnici,Joga modry sal
03.05.2017 03:11,03.05.2017,Powerjoga,12:15,13:00,3,30,Daniela  Fremuntova,zacatecnici,Joga modry sal
03.05.2017 04:43,03.05.2017,Powerjoga,12:15,13:00,4,30,Daniela  Fremuntova,zacatecnici,Joga modry sal
03.05.2017 05:23,03.05.2017,Powerjoga,12:15,13:00,6,30,Daniela  Fremuntova,zacatecnici,Joga modry sal
30.04.2017 17:14,03.05.2017,Joga pro zdrava zada,12:30,13:15,0,20,Katerina  Kornova,zdravotni,Joga zeleny sal
03.05.2017 05:52,03.05.2017,Joga pro zdrava zada,12:30,13:15,2,20,Katerina  Kornova,zdravotni,Joga zeleny sal
30.04.2017 17:14,03.05.2017,Joga zamerena na zdrava zada,16:20,17:20,8,20,Alexandra Mandova,zdravotni,Joga zeleny sal
01.05.2017 07:39,03.05.2017,Joga zamerena na zdrava zada,16:20,17:20,9,20,Alexandra Mandova,zdravotni,Joga zeleny sal
01.05.2017 13:29,03.05.2017,Joga zamerena na zdrava zada,16:20,17:20,10,20,Alexandra Mandova,zdravotni,Joga zeleny sal
02.05.2017 03:23,03.05.2017,Joga zamerena na zdrava zada,16:20,17:20,11,20,Alexandra Mandova,zdravotni,Joga zeleny sal
03.05.2017 09:11,03.05.2017,Joga zamerena na zdrava zada,16:20,17:20,7,20,Alexandra Mandova,zdravotni,Joga zeleny sal
30.04.2017 17:14,03.05.2017,Hot joga,16:30,17:30,0,30,Lenka Uhlikova,klidna protahovaci,Hot-joga
01.05.2017 15:49,03.05.2017,Hot joga,16:30,17:30,1,30,Lenka Uhlikova,klidna protahovaci,Hot-joga
02.05.2017 14:50,03.05.2017,Hot joga,16:30,17:30,2,30,Lenka Uhlikova,klidna protahovaci,Hot-joga
02.05.2017 16:21,03.05.2017,Hot joga,16:30,17:30,3,30,Lenka Uhlikova,klidna protahovaci,Hot-joga
03.05.2017 01:25,03.05.2017,Hot joga,16:30,17:30,4,30,Lenka Uhlikova,klidna protahovaci,Hot-joga
03.05.2017 09:25,03.05.2017,Hot joga,16:30,17:30,5,30,Lenka Uhlikova,klidna protahovaci,Hot-joga
03.05.2017 09:30,03.05.2017,Hot joga,16:30,17:30,6,30,Lenka Uhlikova,klidna protahovaci,Hot-joga
30.04.2017 17:14,03.05.2017,Powerjoga,17:25,18:25,6,20,Alexandra Mandova,dynamicka posilovaci,Joga zeleny sal
01.05.2017 05:33,03.05.2017,Powerjoga,17:25,18:25,7,20,Alexandra Mandova,dynamicka posilovaci,Joga zeleny sal
02.05.2017 02:55,03.05.2017,Powerjoga,17:25,18:25,8,20,Alexandra Mandova,dynamicka posilovaci,Joga zeleny sal
02.05.2017 03:12,03.05.2017,Powerjoga,17:25,18:25,9,20,Alexandra Mandova,dynamicka posilovaci,Joga zeleny sal
02.05.2017 04:18,03.05.2017,Powerjoga,17:25,18:25,10,20,Alexandra Mandova,dynamicka posilovaci,Joga zeleny sal
02.05.2017 06:22,03.05.2017,Powerjoga,17:25,18:25,11,20,Alexandra Mandova,dynamicka posilovaci,Joga zeleny sal
02.05.2017 09:03,03.05.2017,Powerjoga,17:25,18:25,12,20,Alexandra Mandova,dynamicka posilovaci,Joga zeleny sal
02.05.2017 10:27,03.05.2017,Powerjoga,17:25,18:25,13,20,Alexandra Mandova,dynamicka posilovaci,Joga zeleny sal
02.05.2017 11:53,03.05.2017,Powerjoga,17:25,18:25,14,20,Alexandra Mandova,dynamicka posilovaci,Joga zeleny sal
02.05.2017 12:18,03.05.2017,Powerjoga,17:25,18:25,16,20,Alexandra Mandova,dynamicka posilovaci,Joga zeleny sal
03.05.2017 00:53,03.05.2017,Powerjoga,17:25,18:25,15,20,Alexandra Mandova,dynamicka posilovaci,Joga zeleny sal
30.04.2017 17:14,03.05.2017,Hot joga,18:00,19:30,1,30,Marketa  Samesova,dynamicka posilovaci,Hot-joga
02.05.2017 08:47,03.05.2017,Hot joga,18:00,19:30,2,30,Marketa  Samesova,dynamicka posilovaci,Hot-joga
02.05.2017 09:20,03.05.2017,Hot joga,18:00,19:30,4,30,Marketa  Samesova,dynamicka posilovaci,Hot-joga
02.05.2017 10:53,03.05.2017,Hot joga,18:00,19:30,3,30,Marketa  Samesova,dynamicka posilovaci,Hot-joga
02.05.2017 15:00,03.05.2017,Hot joga,18:00,19:30,5,30,Marketa  Samesova,dynamicka posilovaci,Hot-joga
03.05.2017 09:27,03.05.2017,Hot joga,18:00,19:30,6,30,Marketa  Samesova,dynamicka posilovaci,Hot-joga
03.05.2017 09:47,03.05.2017,Hot joga,18:00,19:30,7,30,Marketa  Samesova,dynamicka posilovaci,Hot-joga
30.04.2017 17:14,03.05.2017,Hatha joga,18:30,20:00,1,20,Marie Kmochova,klidna protahovaci,Joga zeleny sal
02.05.2017 09:59,03.05.2017,Hatha joga,18:30,20:00,2,20,Marie Kmochova,klidna protahovaci,Joga zeleny sal
03.05.2017 01:56,03.05.2017,Hatha joga,18:30,20:00,4,20,Marie Kmochova,klidna protahovaci,Joga zeleny sal
03.05.2017 02:34,03.05.2017,Hatha joga - vedoma- harmonicka joga,18:30,20:00,4,20,Marie Kmochova,klidna protahovaci,Joga zeleny sal
03.05.2017 07:29,03.05.2017,Hatha joga - vedoma- harmonicka joga,18:30,20:00,5,20,Marie Kmochova,klidna protahovaci,Joga zeleny sal
03.05.2017 07:57,03.05.2017,Hatha joga - vedoma- harmonicka joga,18:30,20:00,6,20,Marie Kmochova,klidna protahovaci,Joga zeleny sal
03.05.2017 10:31,03.05.2017,Hatha joga - vedoma- harmonicka joga,18:30,20:00,7,20,Marie Kmochova,klidna protahovaci,Joga zeleny sal
03.05.2017 10:34,03.05.2017,Hatha joga - vedoma- harmonicka joga,18:30,20:00,8,20,Marie Kmochova,klidna protahovaci,Joga zeleny sal
03.05.2017 11:35,03.05.2017,Hatha joga - vedoma- harmonicka joga,18:30,20:00,9,20,Marie Kmochova,klidna protahovaci,Joga zeleny sal
03.05.2017 12:01,03.05.2017,Hatha joga - vedoma- harmonicka joga,18:30,20:00,10,20,Marie Kmochova,klidna protahovaci,Joga zeleny sal
03.05.2017 12:06,03.05.2017,Hatha joga - vedoma- harmonicka joga,18:30,20:00,11,20,Marie Kmochova,klidna protahovaci,Joga zeleny sal
30.04.2017 17:14,03.05.2017,Hot joga,19:45,21:15,2,30,Jarmila Kucmasova,zacatecnici,Hot-joga
01.05.2017 03:19,03.05.2017,Hot joga,19:45,21:15,3,30,Jarmila Kucmasova,zacatecnici,Hot-joga
02.05.2017 02:48,03.05.2017,Hot joga,19:45,21:15,5,30,Jarmila Kucmasova,zacatecnici,Hot-joga
02.05.2017 05:08,03.05.2017,Hot joga,19:45,21:15,6,30,Jarmila Kucmasova,zacatecnici,Hot-joga
02.05.2017 14:58,03.05.2017,Hot joga,19:45,21:15,7,30,Jarmila Kucmasova,zacatecnici,Hot-joga
03.05.2017 07:55,03.05.2017,Hot joga,19:45,21:15,8,30,Jarmila Kucmasova,zacatecnici,Hot-joga
03.05.2017 09:46,03.05.2017,Hot joga,19:45,21:15,9,30,Jarmila Kucmasova,zacatecnici,Hot-joga
03.05.2017 10:05,03.05.2017,Hot joga,19:45,21:15,10,30,Jarmila Kucmasova,zacatecnici,Hot-joga
03.05.2017 12:03,03.05.2017,Hot joga,19:45,21:15,11,30,Jarmila Kucmasova,zacatecnici,Hot-joga
03.05.2017 12:49,03.05.2017,Hot joga,19:45,21:15,12,30,Jarmila Kucmasova,zacatecnici,Hot-joga
03.05.2017 13:14,03.05.2017,Hot joga,19:45,21:15,13,30,Jarmila Kucmasova,zacatecnici,Hot-joga
30.04.2017 17:14,03.05.2017,Intenzivni kurz jogy - uzavreny kurz,20:05,21:35,0,0,Katka  Prymkova  CJ / EN,,Joga zeleny sal
30.04.2017 17:14,03.05.2017,Joga - probuzeni patere,7:00,8:00,0,30,Micha  Prach Kotrckova,klidna protahovaci,Joga modry sal
30.04.2017 17:14,03.05.2017,Powerjoga,7:00,8:00,2,20,Veronika  Brozova CJ / EN,zacatecnici,Joga zeleny sal
02.05.2017 04:34,03.05.2017,Powerjoga,7:00,8:00,3,20,Veronika  Brozova CJ / EN,zacatecnici,Joga zeleny sal
02.05.2017 07:50,03.05.2017,Powerjoga,7:00,8:00,4,20,Veronika  Brozova CJ / EN,zacatecnici,Joga zeleny sal
02.05.2017 09:11,03.05.2017,Powerjoga,7:00,8:00,5,20,Veronika  Brozova CJ / EN,zacatecnici,Joga zeleny sal
02.05.2017 14:00,03.05.2017,Powerjoga,7:00,8:00,6,20,Veronika  Brozova CJ / EN,zacatecnici,Joga zeleny sal
02.05.2017 14:43,03.05.2017,Powerjoga,7:00,8:00,7,20,Veronika  Brozova CJ / EN,zacatecnici,Joga zeleny sal
02.05.2017 14:59,03.05.2017,Powerjoga,7:00,8:00,8,20,Veronika  Brozova CJ / EN,zacatecnici,Joga zeleny sal
02.05.2017 15:07,03.05.2017,Powerjoga,7:00,8:00,9,20,Veronika  Brozova CJ / EN,zacatecnici,Joga zeleny sal
02.05.2017 15:46,03.05.2017,Powerjoga,7:00,8:00,10,20,Veronika  Brozova CJ / EN,zacatecnici,Joga zeleny sal
30.04.2017 17:14,03.05.2017,Kundalini joga,8:05,9:35,0,20,Micha  Prach Kotrckova,zacatecnici,Joga zeleny sal
30.04.2017 17:14,04.05.2017,Office joga,11:25,12:10,0,30,Alexandra Mandova,klidna protahovaci,Joga modry sal
03.05.2017 04:57,04.05.2017,Office joga,11:25,12:10,1,30,Alexandra Mandova,klidna protahovaci,Joga modry sal
03.05.2017 05:12,04.05.2017,Office joga,11:25,12:10,2,30,Alexandra Mandova,klidna protahovaci,Joga modry sal
30.04.2017 17:14,04.05.2017,Powerjoga,11:40,12:25,1,20,Marketa Makovska CJ / EN,dynamicka posilovaci,Joga zeleny sal
01.05.2017 09:02,04.05.2017,Powerjoga,11:40,12:25,2,20,Marketa Makovska CJ / EN,dynamicka posilovaci,Joga zeleny sal
02.05.2017 04:56,04.05.2017,Powerjoga,11:40,12:25,3,20,Marketa Makovska CJ / EN,dynamicka posilovaci,Joga zeleny sal
02.05.2017 06:00,04.05.2017,Powerjoga,11:40,12:25,4,20,Marketa Makovska CJ / EN,dynamicka posilovaci,Joga zeleny sal
02.05.2017 09:40,04.05.2017,Powerjoga,11:40,12:25,5,20,Marketa Makovska CJ / EN,dynamicka posilovaci,Joga zeleny sal
03.05.2017 15:18,04.05.2017,Powerjoga,11:40,12:25,6,20,Marketa Makovska CJ / EN,dynamicka posilovaci,Joga zeleny sal
04.05.2017 00:24,04.05.2017,Powerjoga,11:40,12:25,6,20,Marketa  Samesova,dynamicka posilovaci,Joga zeleny sal
04.05.2017 01:09,04.05.2017,Powerjoga,11:40,12:25,7,20,Marketa  Samesova,dynamicka posilovaci,Joga zeleny sal
04.05.2017 02:49,04.05.2017,Powerjoga,11:40,12:25,8,20,Marketa  Samesova,dynamicka posilovaci,Joga zeleny sal
04.05.2017 04:30,04.05.2017,Powerjoga,11:40,12:25,9,20,Marketa  Samesova,dynamicka posilovaci,Joga zeleny sal
04.05.2017 04:41,04.05.2017,Powerjoga,11:40,12:25,10,20,Marketa  Samesova,dynamicka posilovaci,Joga zeleny sal
30.04.2017 17:14,04.05.2017,Zdrava zada,12:15,13:00,0,30,Alexandra Mandova,zdravotni,Joga modry sal
02.05.2017 03:51,04.05.2017,Zdrava zada,12:15,13:00,1,30,Alexandra Mandova,zdravotni,Joga modry sal
30.04.2017 17:14,04.05.2017,Powerjoga,12:30,13:15,0,20,Marketa Makovska CJ / EN,zacatecnici,Joga zeleny sal
03.05.2017 07:30,04.05.2017,Powerjoga,12:30,13:15,1,20,Marketa Makovska CJ / EN,zacatecnici,Joga zeleny sal
04.05.2017 00:25,04.05.2017,Powerjoga,12:30,13:15,1,20,Marketa  Samesova,zacatecnici,Joga zeleny sal
04.05.2017 03:02,04.05.2017,Powerjoga,12:30,13:15,2,20,Marketa  Samesova,zacatecnici,Joga zeleny sal
04.05.2017 03:23,04.05.2017,Powerjoga,12:30,13:15,4,20,Marketa  Samesova,zacatecnici,Joga zeleny sal
04.05.2017 03:25,04.05.2017,Powerjoga,12:30,13:15,5,20,Marketa  Samesova,zacatecnici,Joga zeleny sal
04.05.2017 03:26,04.05.2017,Powerjoga,12:30,13:15,6,20,Marketa  Samesova,zacatecnici,Joga zeleny sal
04.05.2017 05:22,04.05.2017,Powerjoga,12:30,13:15,7,20,Marketa  Samesova,zacatecnici,Joga zeleny sal
04.05.2017 05:32,04.05.2017,Powerjoga,12:30,13:15,8,20,Marketa  Samesova,zacatecnici,Joga zeleny sal
30.04.2017 17:14,04.05.2017,Jemna joga,15:15,16:15,6,20,Lubica Vodvarkova,klidna protahovaci,Joga zeleny sal
01.05.2017 15:12,04.05.2017,Jemna joga,15:15,16:15,7,20,Lubica Vodvarkova,klidna protahovaci,Joga zeleny sal
03.05.2017 11:55,04.05.2017,Jemna joga,15:15,16:15,9,20,Lubica Vodvarkova,klidna protahovaci,Joga zeleny sal
04.05.2017 02:34,04.05.2017,Jemna joga,15:15,16:15,10,20,Lubica Vodvarkova,klidna protahovaci,Joga zeleny sal
04.05.2017 04:34,04.05.2017,Jemna joga,15:15,16:15,11,20,Lubica Vodvarkova,klidna protahovaci,Joga zeleny sal
04.05.2017 04:44,04.05.2017,Jemna joga,15:15,16:15,12,20,Lubica Vodvarkova,klidna protahovaci,Joga zeleny sal
04.05.2017 04:47,04.05.2017,Jemna joga,15:15,16:15,13,20,Lubica Vodvarkova,klidna protahovaci,Joga zeleny sal
04.05.2017 07:07,04.05.2017,Jemna joga,15:15,16:15,14,20,Lubica Vodvarkova,klidna protahovaci,Joga zeleny sal
30.04.2017 17:14,04.05.2017,Hatha joga,16:20,17:20,19,20,Lubica Vodvarkova,zacatecnici,Joga zeleny sal
01.05.2017 13:50,04.05.2017,Hatha joga,16:20,17:20,20,20,Lubica Vodvarkova,zacatecnici,Joga zeleny sal
04.05.2017 01:38,04.05.2017,Hatha joga,16:20,17:20,18,20,Lubica Vodvarkova,zacatecnici,Joga zeleny sal
04.05.2017 01:52,04.05.2017,Hatha joga,16:20,17:20,17,20,Lubica Vodvarkova,zacatecnici,Joga zeleny sal
30.04.2017 17:14,04.05.2017,Hot joga,16:40,17:40,1,30,Alexandra Mandova,dynamicka posilovaci,Hot-joga
01.05.2017 14:01,04.05.2017,Hot joga,16:40,17:40,2,30,Alexandra Mandova,dynamicka posilovaci,Hot-joga
04.05.2017 04:28,04.05.2017,Hot joga,16:40,17:40,3,30,Alexandra Mandova,dynamicka posilovaci,Hot-joga
04.05.2017 08:48,04.05.2017,Hot joga,16:40,17:40,4,30,Alexandra Mandova,dynamicka posilovaci,Hot-joga
04.05.2017 09:33,04.05.2017,Hot joga,16:40,17:40,5,30,Alexandra Mandova,dynamicka posilovaci,Hot-joga
04.05.2017 09:43,04.05.2017,Hot joga,16:40,17:40,6,30,Alexandra Mandova,dynamicka posilovaci,Hot-joga
30.04.2017 17:14,04.05.2017,Powerjoga,17:25,18:25,2,20,Karolina Chudobova,dynamicka posilovaci,Joga zeleny sal
01.05.2017 06:31,04.05.2017,Powerjoga,17:25,18:25,3,20,Karolina Chudobova,dynamicka posilovaci,Joga zeleny sal
01.05.2017 08:08,04.05.2017,Powerjoga,17:25,18:25,4,20,Karolina Chudobova,dynamicka posilovaci,Joga zeleny sal
02.05.2017 13:48,04.05.2017,Powerjoga,17:25,18:25,5,20,Karolina Chudobova,dynamicka posilovaci,Joga zeleny sal
02.05.2017 14:23,04.05.2017,Powerjoga,17:25,18:25,6,20,Karolina Chudobova,dynamicka posilovaci,Joga zeleny sal
03.05.2017 10:15,04.05.2017,Powerjoga,17:25,18:25,7,20,Karolina Chudobova,dynamicka posilovaci,Joga zeleny sal
03.05.2017 14:46,04.05.2017,Powerjoga,17:25,18:25,8,20,Karolina Chudobova,dynamicka posilovaci,Joga zeleny sal
04.05.2017 03:03,04.05.2017,Powerjoga,17:25,18:25,9,20,Karolina Chudobova,dynamicka posilovaci,Joga zeleny sal
04.05.2017 03:56,04.05.2017,Powerjoga,17:25,18:25,10,20,Karolina Chudobova,dynamicka posilovaci,Joga zeleny sal
04.05.2017 06:11,04.05.2017,Powerjoga,17:25,18:25,12,20,Karolina Chudobova,dynamicka posilovaci,Joga zeleny sal
04.05.2017 09:32,04.05.2017,Powerjoga,17:25,18:25,13,20,Karolina Chudobova,dynamicka posilovaci,Joga zeleny sal
04.05.2017 10:36,04.05.2017,Powerjoga,17:25,18:25,14,20,Karolina Chudobova,dynamicka posilovaci,Joga zeleny sal
30.04.2017 17:14,04.05.2017,Hot joga,18:00,19:30,2,30,Pavla  Krecanova,zacatecnici,Hot-joga
01.05.2017 04:24,04.05.2017,Hot joga,18:00,19:30,3,30,Pavla  Krecanova,zacatecnici,Hot-joga
01.05.2017 14:40,04.05.2017,Hot joga,18:00,19:30,5,30,Pavla  Krecanova,zacatecnici,Hot-joga
02.05.2017 03:35,04.05.2017,Hot joga,18:00,19:30,6,30,Pavla  Krecanova,zacatecnici,Hot-joga
02.05.2017 04:22,04.05.2017,Hot joga,18:00,19:30,8,30,Pavla  Krecanova,zacatecnici,Hot-joga
02.05.2017 08:06,04.05.2017,Hot joga,18:00,19:30,9,30,Pavla  Krecanova,zacatecnici,Hot-joga
02.05.2017 08:46,04.05.2017,Hot joga,18:00,19:30,10,30,Pavla  Krecanova,zacatecnici,Hot-joga
02.05.2017 11:28,04.05.2017,Hot joga,18:00,19:30,11,30,Pavla  Krecanova,zacatecnici,Hot-joga
02.05.2017 11:39,04.05.2017,Hot joga,18:00,19:30,11,30,Andrea Hraskova,zacatecnici,Hot-joga
02.05.2017 11:52,04.05.2017,Hot joga,18:00,19:30,12,30,Andrea Hraskova,zacatecnici,Hot-joga
02.05.2017 16:37,04.05.2017,Hot joga,18:00,19:30,13,30,Andrea Hraskova,zacatecnici,Hot-joga
03.05.2017 01:10,04.05.2017,Hot joga,18:00,19:30,14,30,Andrea Hraskova,zacatecnici,Hot-joga
03.05.2017 01:43,04.05.2017,Hot joga,18:00,19:30,15,30,Andrea Hraskova,zacatecnici,Hot-joga
03.05.2017 02:10,04.05.2017,Hot joga,18:00,19:30,16,30,Andrea Hraskova,zacatecnici,Hot-joga
03.05.2017 06:40,04.05.2017,Hot joga,18:00,19:30,18,30,Andrea Hraskova,zacatecnici,Hot-joga
03.05.2017 07:25,04.05.2017,Hot joga,18:00,19:30,19,30,Andrea Hraskova,zacatecnici,Hot-joga
03.05.2017 13:57,04.05.2017,Hot joga,18:00,19:30,20,30,Andrea Hraskova,zacatecnici,Hot-joga
03.05.2017 15:55,04.05.2017,Hot joga,18:00,19:30,21,30,Andrea Hraskova,zacatecnici,Hot-joga
03.05.2017 15:59,04.05.2017,Hot joga,18:00,19:30,22,30,Andrea Hraskova,zacatecnici,Hot-joga
03.05.2017 16:36,04.05.2017,Hot joga,18:00,19:30,23,30,Andrea Hraskova,zacatecnici,Hot-joga
04.05.2017 04:04,04.05.2017,Hot joga,18:00,19:30,24,30,Andrea Hraskova,zacatecnici,Hot-joga
04.05.2017 04:26,04.05.2017,Hot joga,18:00,19:30,25,30,Andrea Hraskova,zacatecnici,Hot-joga
04.05.2017 10:10,04.05.2017,Hot joga,18:00,19:30,26,30,Andrea Hraskova,zacatecnici,Hot-joga
04.05.2017 10:11,04.05.2017,Hot joga,18:00,19:30,27,30,Andrea Hraskova,zacatecnici,Hot-joga
04.05.2017 11:05,04.05.2017,Hot joga,18:00,19:30,28,30,Andrea Hraskova,zacatecnici,Hot-joga
30.04.2017 17:14,04.05.2017,Gravid joga,18:30,19:30,4,20,Karolina Chudobova,zdravotni,Joga zeleny sal
01.05.2017 04:40,04.05.2017,Gravid joga,18:30,19:30,5,20,Karolina Chudobova,zdravotni,Joga zeleny sal
01.05.2017 12:36,04.05.2017,Gravid joga,18:30,19:30,6,20,Karolina Chudobova,zdravotni,Joga zeleny sal
02.05.2017 01:39,04.05.2017,Gravid joga,18:30,19:30,7,20,Karolina Chudobova,zdravotni,Joga zeleny sal
02.05.2017 10:52,04.05.2017,Gravid joga,18:30,19:30,8,20,Karolina Chudobova,zdravotni,Joga zeleny sal
03.05.2017 06:01,04.05.2017,Gravid joga,18:30,19:30,9,20,Karolina Chudobova,zdravotni,Joga zeleny sal
03.05.2017 09:58,04.05.2017,Gravid joga,18:30,19:30,10,20,Karolina Chudobova,zdravotni,Joga zeleny sal
04.05.2017 11:11,04.05.2017,Gravid joga,18:30,19:30,11,20,Karolina Chudobova,zdravotni,Joga zeleny sal
04.05.2017 11:39,04.05.2017,Gravid joga,18:30,19:30,13,20,Karolina Chudobova,zdravotni,Joga zeleny sal
30.04.2017 17:14,04.05.2017,Jemna joga,19:35,20:35,3,20,Karolina Chudobova,klidna protahovaci,Joga zeleny sal
01.05.2017 03:56,04.05.2017,Jemna joga,19:35,20:35,4,20,Karolina Chudobova,klidna protahovaci,Joga zeleny sal
01.05.2017 07:47,04.05.2017,Jemna joga,19:35,20:35,5,20,Karolina Chudobova,klidna protahovaci,Joga zeleny sal
01.05.2017 09:02,04.05.2017,Jemna joga,19:35,20:35,6,20,Karolina Chudobova,klidna protahovaci,Joga zeleny sal
01.05.2017 14:57,04.05.2017,Jemna joga,19:35,20:35,7,20,Karolina Chudobova,klidna protahovaci,Joga zeleny sal
01.05.2017 15:26,04.05.2017,Jemna joga,19:35,20:35,8,20,Karolina Chudobova,klidna protahovaci,Joga zeleny sal
02.05.2017 05:28,04.05.2017,Jemna joga,19:35,20:35,9,20,Karolina Chudobova,klidna protahovaci,Joga zeleny sal
02.05.2017 05:29,04.05.2017,Jemna joga,19:35,20:35,10,20,Karolina Chudobova,klidna protahovaci,Joga zeleny sal
02.05.2017 12:49,04.05.2017,Jemna joga,19:35,20:35,11,20,Karolina Chudobova,klidna protahovaci,Joga zeleny sal
02.05.2017 15:52,04.05.2017,Jemna joga,19:35,20:35,12,20,Karolina Chudobova,klidna protahovaci,Joga zeleny sal
03.05.2017 04:51,04.05.2017,Jemna joga,19:35,20:35,13,20,Karolina Chudobova,klidna protahovaci,Joga zeleny sal
03.05.2017 07:46,04.05.2017,Jemna joga,19:35,20:35,14,20,Karolina Chudobova,klidna protahovaci,Joga zeleny sal
03.05.2017 09:49,04.05.2017,Jemna joga,19:35,20:35,16,20,Karolina Chudobova,klidna protahovaci,Joga zeleny sal
03.05.2017 14:22,04.05.2017,Jemna joga,19:35,20:35,17,20,Karolina Chudobova,klidna protahovaci,Joga zeleny sal
03.05.2017 14:30,04.05.2017,Jemna joga,19:35,20:35,18,20,Karolina Chudobova,klidna protahovaci,Joga zeleny sal
03.05.2017 16:44,04.05.2017,Jemna joga,19:35,20:35,19,20,Karolina Chudobova,klidna protahovaci,Joga zeleny sal
04.05.2017 09:56,04.05.2017,Jemna joga,19:35,20:35,20,20,Karolina Chudobova,klidna protahovaci,Joga zeleny sal
30.04.2017 17:14,04.05.2017,Hot joga,19:45,21:15,0,30,Andrea Hraskova,klidna protahovaci,Hot-joga
02.05.2017 05:08,04.05.2017,Hot joga,19:45,21:15,1,30,Andrea Hraskova,klidna protahovaci,Hot-joga
02.05.2017 07:11,04.05.2017,Hot joga,19:45,21:15,2,30,Andrea Hraskova,klidna protahovaci,Hot-joga
04.05.2017 07:12,04.05.2017,Hot joga,19:45,21:15,3,30,Andrea Hraskova,klidna protahovaci,Hot-joga
04.05.2017 13:55,04.05.2017,Hot joga,19:45,21:15,4,30,Andrea Hraskova,klidna protahovaci,Hot-joga
04.05.2017 13:56,04.05.2017,Hot joga,19:45,21:15,6,30,Andrea Hraskova,klidna protahovaci,Hot-joga
30.04.2017 17:14,04.05.2017,Powerjoga,7:00,8:00,4,20,Alexandra Mandova,dynamicka posilovaci,Joga zeleny sal
01.05.2017 08:29,04.05.2017,Powerjoga,7:00,8:00,5,20,Alexandra Mandova,dynamicka posilovaci,Joga zeleny sal
02.05.2017 04:34,04.05.2017,Powerjoga,7:00,8:00,6,20,Alexandra Mandova,dynamicka posilovaci,Joga zeleny sal
02.05.2017 06:03,04.05.2017,Powerjoga,7:00,8:00,7,20,Alexandra Mandova,dynamicka posilovaci,Joga zeleny sal
03.05.2017 10:08,04.05.2017,Powerjoga,7:00,8:00,8,20,Alexandra Mandova,dynamicka posilovaci,Joga zeleny sal
03.05.2017 10:10,04.05.2017,Powerjoga,7:00,8:00,9,20,Alexandra Mandova,dynamicka posilovaci,Joga zeleny sal
03.05.2017 11:50,04.05.2017,Powerjoga,7:00,8:00,10,20,Alexandra Mandova,dynamicka posilovaci,Joga zeleny sal
03.05.2017 13:21,04.05.2017,Powerjoga,7:00,8:00,11,20,Alexandra Mandova,dynamicka posilovaci,Joga zeleny sal
03.05.2017 14:01,04.05.2017,Powerjoga,7:00,8:00,12,20,Alexandra Mandova,dynamicka posilovaci,Joga zeleny sal
03.05.2017 14:19,04.05.2017,Powerjoga,7:00,8:00,13,20,Alexandra Mandova,dynamicka posilovaci,Joga zeleny sal
30.04.2017 17:14,04.05.2017,Jemna joga,8:00,9:00,0,30,Blanka Lorencova,zacatecnici,Joga modry sal
03.05.2017 03:56,04.05.2017,Jemna joga,8:00,9:00,1,30,Blanka Lorencova,zacatecnici,Joga modry sal
03.05.2017 12:06,04.05.2017,Jemna joga,8:00,9:00,2,30,Blanka Lorencova,zacatecnici,Joga modry sal
03.05.2017 15:06,04.05.2017,Jemna joga,8:00,9:00,3,30,Blanka Lorencova,zacatecnici,Joga modry sal
04.05.2017 01:11,04.05.2017,Jemna joga,8:00,9:00,4,30,Blanka Lorencova,zacatecnici,Joga modry sal
30.04.2017 17:14,04.05.2017,Hatha joga - vhodna i pro zacatecniky,8:05,8:50,4,20,Alexandra Mandova,klidna protahovaci,Joga zeleny sal
02.05.2017 04:26,04.05.2017,Hatha joga - vhodna i pro zacatecniky,8:05,8:50,5,20,Alexandra Mandova,klidna protahovaci,Joga zeleny sal
02.05.2017 08:45,04.05.2017,Hatha joga - vhodna i pro zacatecniky,8:05,8:50,6,20,Alexandra Mandova,klidna protahovaci,Joga zeleny sal
02.05.2017 14:41,04.05.2017,Hatha joga - vhodna i pro zacatecniky,8:05,8:50,7,20,Alexandra Mandova,klidna protahovaci,Joga zeleny sal
04.05.2017 01:07,04.05.2017,Hatha joga - vhodna i pro zacatecniky,8:05,8:50,9,20,Alexandra Mandova,klidna protahovaci,Joga zeleny sal
04.05.2017 01:08,04.05.2017,Hatha joga - vhodna i pro zacatecniky,8:05,8:50,10,20,Alexandra Mandova,klidna protahovaci,Joga zeleny sal
04.05.2017 01:19,04.05.2017,Hatha joga - vhodna i pro zacatecniky,8:05,8:50,11,20,Alexandra Mandova,klidna protahovaci,Joga zeleny sal
30.04.2017 17:14,04.05.2017,Zdrava zada,9:05,10:05,1,30,Blanka Lorencova,zdravotni,Joga modry sal
02.05.2017 05:46,04.05.2017,Zdrava zada,9:05,10:05,2,30,Blanka Lorencova,zdravotni,Joga modry sal
03.05.2017 12:06,04.05.2017,Zdrava zada,9:05,10:05,3,30,Blanka Lorencova,zdravotni,Joga modry sal
03.05.2017 15:29,04.05.2017,Zdrava zada,9:05,10:05,4,30,Blanka Lorencova,zdravotni,Joga modry sal
03.05.2017 16:51,04.05.2017,Zdrava zada,9:05,10:05,5,30,Blanka Lorencova,zdravotni,Joga modry sal
04.05.2017 01:31,04.05.2017,Zdrava zada,9:05,10:05,6,30,Blanka Lorencova,zdravotni,Joga modry sal
04.05.2017 01:57,04.05.2017,Zdrava zada,9:05,10:05,7,30,Blanka Lorencova,zdravotni,Joga modry sal
04.05.2017 02:00,04.05.2017,Zdrava zada,9:05,10:05,8,30,Blanka Lorencova,zdravotni,Joga modry sal
04.05.2017 02:01,04.05.2017,Zdrava zada,9:05,10:05,9,30,Blanka Lorencova,zdravotni,Joga modry sal
04.05.2017 02:03,04.05.2017,Zdrava zada,9:05,10:05,10,30,Blanka Lorencova,zdravotni,Joga modry sal
04.05.2017 02:07,04.05.2017,Zdrava zada,9:05,10:05,11,30,Blanka Lorencova,zdravotni,Joga modry sal
04.05.2017 02:21,04.05.2017,Zdrava zada,9:05,10:05,12,30,Blanka Lorencova,zdravotni,Joga modry sal
30.04.2017 17:14,05.05.2017,Hot joga,10:00,11:00,4,30,Vera Vojtechova,zacatecnici,Hot-joga
03.05.2017 11:47,05.05.2017,Hot joga,10:00,11:00,5,30,Vera Vojtechova,zacatecnici,Hot-joga
05.05.2017 00:51,05.05.2017,Hot joga,10:00,11:00,3,30,Vera Vojtechova,zacatecnici,Hot-joga
05.05.2017 03:02,05.05.2017,Hot joga,10:00,11:00,6,30,Vera Vojtechova,zacatecnici,Hot-joga
30.04.2017 17:14,05.05.2017,Joga pro zdrava zada - vhodna pro zacatecniky,10:15,11:15,0,20,Silvie Cifrincova,zdravotni,Joga zeleny sal
30.04.2017 17:14,05.05.2017,Jogova terapie - sal je mirne vyhraty,11:15,12:15,11,20,Vera Vojtechova,zdravotni,Joga modry sal
02.05.2017 03:52,05.05.2017,Jogova terapie - sal je mirne vyhraty,11:15,12:15,12,20,Vera Vojtechova,zdravotni,Joga modry sal
02.05.2017 06:21,05.05.2017,Jogova terapie - sal je mirne vyhraty,11:15,12:15,13,20,Vera Vojtechova,zdravotni,Joga modry sal
04.05.2017 02:52,05.05.2017,Jogova terapie - sal je mirne vyhraty,11:15,12:15,14,20,Vera Vojtechova,zdravotni,Joga modry sal
04.05.2017 02:59,05.05.2017,Jogova terapie - sal je mirne vyhraty,11:15,12:15,15,20,Vera Vojtechova,zdravotni,Joga modry sal
04.05.2017 06:21,05.05.2017,Jogova terapie - sal je mirne vyhraty,11:15,12:15,16,20,Vera Vojtechova,zdravotni,Joga modry sal
04.05.2017 08:42,05.05.2017,Jogova terapie - sal je mirne vyhraty,11:15,12:15,18,20,Vera Vojtechova,zdravotni,Joga modry sal
04.05.2017 10:29,05.05.2017,Jogova terapie - sal je mirne vyhraty,11:15,12:15,17,20,Vera Vojtechova,zdravotni,Joga modry sal
05.05.2017 04:28,05.05.2017,Jogova terapie - sal je mirne vyhraty,11:15,12:15,19,20,Vera Vojtechova,zdravotni,Joga modry sal
05.05.2017 04:40,05.05.2017,Jogova terapie - sal je mirne vyhraty,11:15,12:15,20,20,Vera Vojtechova,zdravotni,Joga modry sal
30.04.2017 17:14,05.05.2017,Powerjoga,11:25,12:10,0,20,Tomas  Helbig,zacatecnici,Joga zeleny sal
02.05.2017 06:29,05.05.2017,Powerjoga,11:25,12:10,1,20,Tomas  Helbig,zacatecnici,Joga zeleny sal
05.05.2017 02:21,05.05.2017,Powerjoga,11:25,12:10,2,20,Tomas  Helbig,zacatecnici,Joga zeleny sal
05.05.2017 03:41,05.05.2017,Powerjoga,11:25,12:10,3,20,Tomas  Helbig,zacatecnici,Joga zeleny sal
05.05.2017 03:44,05.05.2017,Powerjoga,11:25,12:10,4,20,Tomas  Helbig,zacatecnici,Joga zeleny sal
05.05.2017 04:46,05.05.2017,Powerjoga,11:25,12:10,5,20,Tomas  Helbig,zacatecnici,Joga zeleny sal
05.05.2017 04:49,05.05.2017,Powerjoga,11:25,12:10,6,20,Tomas  Helbig,zacatecnici,Joga zeleny sal
05.05.2017 04:58,05.05.2017,Powerjoga,11:25,12:10,8,20,Tomas  Helbig,zacatecnici,Joga zeleny sal
05.05.2017 04:59,05.05.2017,Powerjoga,11:25,12:10,9,20,Tomas  Helbig,zacatecnici,Joga zeleny sal
30.04.2017 17:14,05.05.2017,Powerjoga,12:15,13:00,4,20,Tomas  Helbig,dynamicka posilovaci,Joga zeleny sal
01.05.2017 09:03,05.05.2017,Powerjoga,12:15,13:00,5,20,Tomas  Helbig,dynamicka posilovaci,Joga zeleny sal
02.05.2017 06:03,05.05.2017,Powerjoga,12:15,13:00,6,20,Tomas  Helbig,dynamicka posilovaci,Joga zeleny sal
04.05.2017 04:39,05.05.2017,Powerjoga,12:15,13:00,7,20,Tomas  Helbig,dynamicka posilovaci,Joga zeleny sal
05.05.2017 00:44,05.05.2017,Powerjoga,12:15,13:00,8,20,Tomas  Helbig,dynamicka posilovaci,Joga zeleny sal
05.05.2017 01:18,05.05.2017,Powerjoga,12:15,13:00,9,20,Tomas  Helbig,dynamicka posilovaci,Joga zeleny sal
05.05.2017 02:49,05.05.2017,Powerjoga,12:15,13:00,10,20,Tomas  Helbig,dynamicka posilovaci,Joga zeleny sal
05.05.2017 03:47,05.05.2017,Powerjoga,12:15,13:00,11,20,Tomas  Helbig,dynamicka posilovaci,Joga zeleny sal
05.05.2017 03:48,05.05.2017,Powerjoga,12:15,13:00,12,20,Tomas  Helbig,dynamicka posilovaci,Joga zeleny sal
05.05.2017 04:06,05.05.2017,Powerjoga,12:15,13:00,13,20,Tomas  Helbig,dynamicka posilovaci,Joga zeleny sal
05.05.2017 04:19,05.05.2017,Powerjoga,12:15,13:00,14,20,Tomas  Helbig,dynamicka posilovaci,Joga zeleny sal
30.04.2017 17:14,05.05.2017,Hatha joga,14:10,15:10,0,20,Sandra Justova,zacatecnici,Joga zeleny sal
04.05.2017 12:45,05.05.2017,Hatha joga,14:10,15:10,1,20,Sandra Justova,zacatecnici,Joga zeleny sal
04.05.2017 14:21,05.05.2017,Hatha joga,14:10,15:10,2,20,Sandra Justova,zacatecnici,Joga zeleny sal
05.05.2017 03:53,05.05.2017,Hatha joga,14:10,15:10,3,20,Sandra Justova,zacatecnici,Joga zeleny sal
05.05.2017 07:04,05.05.2017,Hatha joga,14:10,15:10,4,20,Sandra Justova,zacatecnici,Joga zeleny sal
30.04.2017 17:14,05.05.2017,Joga pro zdrava zada,15:15,16:15,2,20,Katerina  Kornova,zdravotni,Joga zeleny sal
02.05.2017 03:36,05.05.2017,Joga pro zdrava zada,15:15,16:15,3,20,Katerina  Kornova,zdravotni,Joga zeleny sal
05.05.2017 06:48,05.05.2017,Joga pro zdrava zada,15:15,16:15,4,20,Katerina  Kornova,zdravotni,Joga zeleny sal
05.05.2017 06:55,05.05.2017,Joga pro zdrava zada,15:15,16:15,5,20,Katerina  Kornova,zdravotni,Joga zeleny sal
05.05.2017 07:38,05.05.2017,Joga pro zdrava zada,15:15,16:15,6,20,Katerina  Kornova,zdravotni,Joga zeleny sal
30.04.2017 17:14,05.05.2017,Jemna joga,16:20,17:20,0,20,Katerina  Kornova,klidna protahovaci,Joga zeleny sal
04.05.2017 19:22,05.05.2017,Jemna joga,16:20,17:20,1,20,Katerina  Kornova,klidna protahovaci,Joga zeleny sal
05.05.2017 01:21,05.05.2017,Jemna joga,16:20,17:20,2,20,Katerina  Kornova,klidna protahovaci,Joga zeleny sal
05.05.2017 06:44,05.05.2017,Jemna joga,16:20,17:20,3,20,Katerina  Kornova,klidna protahovaci,Joga zeleny sal
05.05.2017 07:00,05.05.2017,Jemna joga,16:20,17:20,4,20,Katerina  Kornova,klidna protahovaci,Joga zeleny sal
05.05.2017 09:18,05.05.2017,Jemna joga,16:20,17:20,5,20,Katerina  Kornova,klidna protahovaci,Joga zeleny sal
05.05.2017 09:19,05.05.2017,Jemna joga,16:20,17:20,6,20,Katerina  Kornova,klidna protahovaci,Joga zeleny sal
05.05.2017 09:21,05.05.2017,Jemna joga,16:20,17:20,7,20,Katerina  Kornova,klidna protahovaci,Joga zeleny sal
05.05.2017 09:29,05.05.2017,Jemna joga,16:20,17:20,8,20,Katerina  Kornova,klidna protahovaci,Joga zeleny sal
30.04.2017 17:14,05.05.2017,Powerjoga,17:25,18:25,1,20,Hana Hruskova CJ / EN,dynamicka posilovaci,Joga zeleny sal
03.05.2017 02:21,05.05.2017,Powerjoga,17:25,18:25,2,20,Hana Hruskova CJ / EN,dynamicka posilovaci,Joga zeleny sal
03.05.2017 10:15,05.05.2017,Powerjoga,17:25,18:25,3,20,Hana Hruskova CJ / EN,dynamicka posilovaci,Joga zeleny sal
04.05.2017 04:25,05.05.2017,Powerjoga,17:25,18:25,2,20,Eva  Oniscenko,dynamicka posilovaci,Joga zeleny sal
04.05.2017 15:19,05.05.2017,Powerjoga,17:25,18:25,3,20,Eva  Oniscenko,dynamicka posilovaci,Joga zeleny sal
04.05.2017 16:33,05.05.2017,Powerjoga,17:25,18:25,4,20,Eva  Oniscenko,dynamicka posilovaci,Joga zeleny sal
05.05.2017 09:31,05.05.2017,Powerjoga,17:25,18:25,5,20,Eva  Oniscenko,dynamicka posilovaci,Joga zeleny sal
05.05.2017 10:22,05.05.2017,Powerjoga,17:25,18:25,6,20,Eva  Oniscenko,dynamicka posilovaci,Joga zeleny sal
05.05.2017 10:24,05.05.2017,Powerjoga,17:25,18:25,7,20,Eva  Oniscenko,dynamicka posilovaci,Joga zeleny sal
30.04.2017 17:14,05.05.2017,Ashtanga joga - vhodna i pro zacatecniky,18:30,20:00,2,20,Hana Hruskova CJ / EN,zacatecnici,Joga zeleny sal
03.05.2017 02:20,05.05.2017,Ashtanga joga - vhodna i pro zacatecniky,18:30,20:00,3,20,Hana Hruskova CJ / EN,zacatecnici,Joga zeleny sal
03.05.2017 02:24,05.05.2017,Ashtanga joga - vhodna i pro zacatecniky,18:30,20:00,4,20,Hana Hruskova CJ / EN,zacatecnici,Joga zeleny sal
04.05.2017 04:26,05.05.2017,Power joga - vhodna i pro zacatecniky,18:30,20:00,4,20,Eva  Oniscenko,zacatecnici,Joga zeleny sal
04.05.2017 11:45,05.05.2017,Power joga - vhodna i pro zacatecniky,18:30,20:00,5,20,Eva  Oniscenko,zacatecnici,Joga zeleny sal
04.05.2017 20:11,05.05.2017,Power joga - vhodna i pro zacatecniky,18:30,20:00,6,20,Eva  Oniscenko,zacatecnici,Joga zeleny sal
05.05.2017 05:12,05.05.2017,Power joga - vhodna i pro zacatecniky,18:30,20:00,7,20,Eva  Oniscenko,zacatecnici,Joga zeleny sal
05.05.2017 10:02,05.05.2017,Power joga - vhodna i pro zacatecniky,18:30,20:00,8,20,Eva  Oniscenko,zacatecnici,Joga zeleny sal
05.05.2017 11:37,05.05.2017,Power joga - vhodna i pro zacatecniky,18:30,20:00,9,20,Eva  Oniscenko,zacatecnici,Joga zeleny sal
05.05.2017 11:44,05.05.2017,Power joga - vhodna i pro zacatecniky,18:30,20:00,10,20,Eva  Oniscenko,zacatecnici,Joga zeleny sal
05.05.2017 11:50,05.05.2017,Power joga - vhodna i pro zacatecniky,18:30,20:00,11,20,Eva  Oniscenko,zacatecnici,Joga zeleny sal
05.05.2017 11:51,05.05.2017,Power joga - vhodna i pro zacatecniky,18:30,20:00,12,20,Eva  Oniscenko,zacatecnici,Joga zeleny sal
30.04.2017 17:14,05.05.2017,Hatha joga,7:00,8:00,2,20,Alexandra Mandova,zacatecnici,Joga zeleny sal
01.05.2017 09:17,05.05.2017,Hatha joga,7:00,8:00,3,20,Alexandra Mandova,zacatecnici,Joga zeleny sal
01.05.2017 13:23,05.05.2017,Hatha joga,7:00,8:00,4,20,Alexandra Mandova,zacatecnici,Joga zeleny sal
30.04.2017 17:14,05.05.2017,Jemna joga,8:05,8:50,1,20,Alexandra Mandova,klidna protahovaci,Joga zeleny sal
30.04.2017 17:14,05.05.2017,Powerjoga,9:10,10:10,0,20,Silvie Cifrincova,dynamicka posilovaci,Joga zeleny sal
02.05.2017 07:18,05.05.2017,Powerjoga,9:10,10:10,1,20,Silvie Cifrincova,dynamicka posilovaci,Joga zeleny sal
30.04.2017 17:14,06.05.2017,Powerjoga,10:20,11:20,0,20,Martina Dvorakova,dynamicka posilovaci,Joga zeleny sal
05.05.2017 14:26,06.05.2017,Powerjoga,10:20,11:20,1,20,Martina Dvorakova,dynamicka posilovaci,Joga zeleny sal
05.05.2017 15:00,06.05.2017,Powerjoga,10:20,11:20,2,20,Martina Dvorakova,dynamicka posilovaci,Joga zeleny sal
05.05.2017 15:30,06.05.2017,Powerjoga,10:20,11:20,3,20,Martina Dvorakova,dynamicka posilovaci,Joga zeleny sal
06.05.2017 00:57,06.05.2017,Powerjoga,10:20,11:20,4,20,Martina Dvorakova,dynamicka posilovaci,Joga zeleny sal
06.05.2017 01:16,06.05.2017,Powerjoga,10:20,11:20,6,20,Martina Dvorakova,dynamicka posilovaci,Joga zeleny sal
06.05.2017 02:30,06.05.2017,Powerjoga,10:20,11:20,7,20,Martina Dvorakova,dynamicka posilovaci,Joga zeleny sal
06.05.2017 02:58,06.05.2017,Powerjoga,10:20,11:20,8,20,Martina Dvorakova,dynamicka posilovaci,Joga zeleny sal
06.05.2017 03:28,06.05.2017,Powerjoga,10:20,11:20,9,20,Martina Dvorakova,dynamicka posilovaci,Joga zeleny sal
06.05.2017 03:29,06.05.2017,Powerjoga,10:20,11:20,11,20,Martina Dvorakova,dynamicka posilovaci,Joga zeleny sal
30.04.2017 17:14,06.05.2017,Hatha joga,11:30,13:00,1,20,Martina Koralova,zacatecnici,Joga zeleny sal
02.05.2017 08:47,06.05.2017,Hatha joga,11:30,13:00,2,20,Martina Koralova,zacatecnici,Joga zeleny sal
03.05.2017 12:36,06.05.2017,Hatha joga,11:30,13:00,3,20,Martina Koralova,zacatecnici,Joga zeleny sal
04.05.2017 03:37,06.05.2017,Hatha joga,11:30,13:00,4,20,Martina Koralova,zacatecnici,Joga zeleny sal
04.05.2017 04:10,06.05.2017,Hatha joga,11:30,13:00,5,20,Martina Koralova,zacatecnici,Joga zeleny sal
04.05.2017 06:31,06.05.2017,Hatha joga,11:30,13:00,6,20,Martina Koralova,zacatecnici,Joga zeleny sal
04.05.2017 07:37,06.05.2017,Hatha joga,11:30,13:00,7,20,Martina Koralova,zacatecnici,Joga zeleny sal
04.05.2017 12:11,06.05.2017,Hatha joga,11:30,13:00,8,20,Martina Koralova,zacatecnici,Joga zeleny sal
05.05.2017 05:05,06.05.2017,Hatha joga,11:30,13:00,9,20,Martina Koralova,zacatecnici,Joga zeleny sal
05.05.2017 09:05,06.05.2017,Hatha joga,11:30,13:00,10,20,Martina Koralova,zacatecnici,Joga zeleny sal
05.05.2017 09:06,06.05.2017,Hatha joga,11:30,13:00,11,20,Martina Koralova,zacatecnici,Joga zeleny sal
06.05.2017 04:35,06.05.2017,Hatha joga,11:30,13:00,12,20,Martina Koralova,zacatecnici,Joga zeleny sal
06.05.2017 04:36,06.05.2017,Hatha joga,11:30,13:00,13,20,Martina Koralova,zacatecnici,Joga zeleny sal
06.05.2017 04:39,06.05.2017,Hatha joga,11:30,13:00,14,20,Martina Koralova,zacatecnici,Joga zeleny sal
30.04.2017 17:14,06.05.2017,Zaciname s jogou - Kurz zakladu vinyasy,13:05,14:35,0,20,Martina Koralova,,Joga zeleny sal
04.05.2017 06:37,06.05.2017,Zaciname s jogou - Kurz zakladu vinyasy,13:05,14:35,6,20,Martina Koralova,,Joga zeleny sal
06.05.2017 04:28,06.05.2017,Zaciname s jogou - Kurz zakladu vinyasy,13:05,14:35,7,20,Martina Koralova,,Joga zeleny sal
30.04.2017 17:14,06.05.2017,Powerjoga,15:50,16:50,1,20,Veronika  Brozova CJ / EN,dynamicka posilovaci,Joga zeleny sal
02.05.2017 07:17,06.05.2017,Powerjoga,15:50,16:50,2,20,Veronika  Brozova CJ / EN,dynamicka posilovaci,Joga zeleny sal
02.05.2017 10:57,06.05.2017,Powerjoga,15:50,16:50,3,20,Veronika  Brozova CJ / EN,dynamicka posilovaci,Joga zeleny sal
03.05.2017 10:13,06.05.2017,Powerjoga,15:50,16:50,4,20,Veronika  Brozova CJ / EN,dynamicka posilovaci,Joga zeleny sal
30.04.2017 17:14,06.05.2017,Jemna joga,17:00,18:30,0,20,Veronika  Brozova CJ / EN,klidna protahovaci,Joga zeleny sal
04.05.2017 04:57,06.05.2017,Jemna joga,17:00,18:30,1,20,Veronika  Brozova CJ / EN,klidna protahovaci,Joga zeleny sal
04.05.2017 07:21,06.05.2017,Jemna joga,17:00,18:30,2,20,Veronika  Brozova CJ / EN,klidna protahovaci,Joga zeleny sal
30.04.2017 17:14,06.05.2017,Hatha joga,9:15,10:15,2,20,Martina Dvorakova,klidna protahovaci,Joga zeleny sal
02.05.2017 03:27,06.05.2017,Hatha joga,9:15,10:15,3,20,Martina Dvorakova,klidna protahovaci,Joga zeleny sal
05.05.2017 03:25,06.05.2017,Hatha joga,9:15,10:15,4,20,Martina Dvorakova,klidna protahovaci,Joga zeleny sal
05.05.2017 03:32,06.05.2017,Hatha joga,9:15,10:15,5,20,Martina Dvorakova,klidna protahovaci,Joga zeleny sal
05.05.2017 10:42,06.05.2017,Hatha joga,9:15,10:15,6,20,Martina Dvorakova,klidna protahovaci,Joga zeleny sal
05.05.2017 12:57,06.05.2017,Hatha joga,9:15,10:15,7,20,Martina Dvorakova,klidna protahovaci,Joga zeleny sal
05.05.2017 16:41,06.05.2017,Hatha joga,9:15,10:15,8,20,Martina Dvorakova,klidna protahovaci,Joga zeleny sal
05.05.2017 23:13,06.05.2017,Hatha joga,9:15,10:15,9,20,Martina Dvorakova,klidna protahovaci,Joga zeleny sal
06.05.2017 02:32,06.05.2017,Hatha joga,9:15,10:15,10,20,Martina Dvorakova,klidna protahovaci,Joga zeleny sal
30.04.2017 17:14,07.05.2017,Joga pro zdrava zada,16:05,17:05,0,20,Katerina  Kornova,zdravotni,Joga zeleny sal
30.04.2017 17:14,07.05.2017,Hatha joga,17:10,18:10,1,20,Katka  Prymkova  CJ / EN,klidna protahovaci,Joga zeleny sal
01.05.2017 05:28,07.05.2017,Hatha joga,17:10,18:10,1,20,Tomas  Helbig,klidna protahovaci,Joga zeleny sal
01.05.2017 11:45,07.05.2017,Hatha joga,17:10,18:10,2,20,Tomas  Helbig,klidna protahovaci,Joga zeleny sal
06.05.2017 12:02,07.05.2017,Hatha joga,17:10,18:10,3,20,Tomas  Helbig,klidna protahovaci,Joga zeleny sal
06.05.2017 23:06,07.05.2017,Hatha joga,17:10,18:10,4,20,Tomas  Helbig,klidna protahovaci,Joga zeleny sal
07.05.2017 01:55,07.05.2017,Hatha joga,17:10,18:10,5,20,Tomas  Helbig,klidna protahovaci,Joga zeleny sal
07.05.2017 03:30,07.05.2017,Hatha joga,17:10,18:10,6,20,Tomas  Helbig,klidna protahovaci,Joga zeleny sal
07.05.2017 09:04,07.05.2017,Hatha joga,17:10,18:10,8,20,Tomas  Helbig,klidna protahovaci,Joga zeleny sal
07.05.2017 09:23,07.05.2017,Hatha joga,17:10,18:10,9,20,Tomas  Helbig,klidna protahovaci,Joga zeleny sal
07.05.2017 09:33,07.05.2017,Hatha joga,17:10,18:10,10,20,Tomas  Helbig,klidna protahovaci,Joga zeleny sal
07.05.2017 10:07,07.05.2017,Hatha joga,17:10,18:10,11,20,Tomas  Helbig,klidna protahovaci,Joga zeleny sal
30.04.2017 17:14,07.05.2017,Hot joga,18:00,19:30,4,30,Alexandra Mandova,zacatecnici,Hot-joga
01.05.2017 15:31,07.05.2017,Hot joga,18:00,19:30,5,30,Alexandra Mandova,zacatecnici,Hot-joga
02.05.2017 03:26,07.05.2017,Hot joga,18:00,19:30,6,30,Alexandra Mandova,zacatecnici,Hot-joga
02.05.2017 04:14,07.05.2017,Hot joga,18:00,19:30,7,30,Alexandra Mandova,zacatecnici,Hot-joga
02.05.2017 09:56,07.05.2017,Hot joga,18:00,19:30,8,30,Alexandra Mandova,zacatecnici,Hot-joga
03.05.2017 01:10,07.05.2017,Hot joga,18:00,19:30,9,30,Alexandra Mandova,zacatecnici,Hot-joga
03.05.2017 10:35,07.05.2017,Hot joga,18:00,19:30,10,30,Alexandra Mandova,zacatecnici,Hot-joga
03.05.2017 17:27,07.05.2017,Hot joga,18:00,19:30,11,30,Alexandra Mandova,zacatecnici,Hot-joga
05.05.2017 00:27,07.05.2017,Hot joga,18:00,19:30,12,30,Alexandra Mandova,zacatecnici,Hot-joga
06.05.2017 06:18,07.05.2017,Hot joga,18:00,19:30,13,30,Alexandra Mandova,zacatecnici,Hot-joga
07.05.2017 09:35,07.05.2017,Hot joga,18:00,19:30,14,30,Alexandra Mandova,zacatecnici,Hot-joga
07.05.2017 10:10,07.05.2017,Hot joga,18:00,19:30,15,30,Alexandra Mandova,zacatecnici,Hot-joga
07.05.2017 10:35,07.05.2017,Hot joga,18:00,19:30,16,30,Alexandra Mandova,zacatecnici,Hot-joga
07.05.2017 11:11,07.05.2017,Hot joga,18:00,19:30,17,30,Alexandra Mandova,zacatecnici,Hot-joga
30.04.2017 17:14,07.05.2017,Powerjoga - vhodna i pro zacatecniky,18:15,19:45,20,20,Petra Tomkova,dynamicka posilovaci,Joga zeleny sal
07.05.2017 04:48,07.05.2017,Powerjoga - vhodna i pro zacatecniky,18:15,19:45,19,20,Petra Tomkova,dynamicka posilovaci,Joga zeleny sal
07.05.2017 05:52,07.05.2017,Powerjoga - vhodna i pro zacatecniky,18:15,19:45,18,20,Petra Tomkova,dynamicka posilovaci,Joga zeleny sal
30.04.2017 17:14,07.05.2017,Hot joga,19:45,20:45,0,30,Alexandra Mandova,dynamicka posilovaci,Hot-joga
02.05.2017 14:52,07.05.2017,Hot joga,19:45,20:45,1,30,Alexandra Mandova,dynamicka posilovaci,Hot-joga
03.05.2017 02:22,07.05.2017,Hot joga,19:45,20:45,2,30,Alexandra Mandova,dynamicka posilovaci,Hot-joga
07.05.2017 01:20,07.05.2017,Hot joga,19:45,20:45,3,30,Alexandra Mandova,dynamicka posilovaci,Hot-joga
07.05.2017 12:45,07.05.2017,Hot joga,19:45,20:45,4,30,Alexandra Mandova,dynamicka posilovaci,Hot-joga
07.05.2017 12:48,07.05.2017,Hot joga,19:45,20:45,5,30,Alexandra Mandova,dynamicka posilovaci,Hot-joga
30.04.2017 17:14,07.05.2017,Intenzivni kurz jogy - uzavreny kurz,20:05,21:35,0,0,Katka  Prymkova  CJ / EN,,Joga zeleny sal
07.05.2017 17:12,08.05.2017,Joga pro zdrava zada - vhodna pro zacatecniky,10:15,11:15,1,20,Silvie Cifrincova,zdravotni,Joga zeleny sal
08.05.2017 01:40,08.05.2017,Joga pro zdrava zada - vhodna pro zacatecniky,10:15,11:15,3,20,Silvie Cifrincova,zdravotni,Joga zeleny sal
08.05.2017 01:59,08.05.2017,Joga pro zdrava zada - vhodna pro zacatecniky,10:15,11:15,4,20,Silvie Cifrincova,zdravotni,Joga zeleny sal
08.05.2017 02:41,08.05.2017,Joga pro zdrava zada - vhodna pro zacatecniky,10:15,11:15,5,20,Silvie Cifrincova,zdravotni,Joga zeleny sal
08.05.2017 03:06,08.05.2017,Joga pro zdrava zada - vhodna pro zacatecniky,10:15,11:15,6,20,Silvie Cifrincova,zdravotni,Joga zeleny sal
08.05.2017 03:15,08.05.2017,Joga pro zdrava zada - vhodna pro zacatecniky,10:15,11:15,7,20,Silvie Cifrincova,zdravotni,Joga zeleny sal
08.05.2017 03:16,08.05.2017,Joga pro zdrava zada - vhodna pro zacatecniky,10:15,11:15,8,20,Silvie Cifrincova,zdravotni,Joga zeleny sal
07.05.2017 17:12,08.05.2017,Power joga,11:25,12:10,2,20,Tomas  Helbig,dynamicka posilovaci,Joga zeleny sal
07.05.2017 17:12,08.05.2017,Powerjoga,12:15,13:00,1,20,Tomas  Helbig,zacatecnici,Joga zeleny sal
07.05.2017 18:25,08.05.2017,Powerjoga,12:15,13:00,3,20,Tomas  Helbig,zacatecnici,Joga zeleny sal
08.05.2017 04:25,08.05.2017,Powerjoga,12:15,13:00,4,20,Tomas  Helbig,zacatecnici,Joga zeleny sal
08.05.2017 05:28,08.05.2017,Powerjoga,12:15,13:00,5,20,Tomas  Helbig,zacatecnici,Joga zeleny sal
07.05.2017 17:12,08.05.2017,Jemna joga,15:05,16:05,1,20,Vera Vojtechova,klidna protahovaci,Joga zeleny sal
07.05.2017 17:12,08.05.2017,Joga pro zdrava zada - vhodna pro zacatecniky,16:10,17:10,1,20,Vera Vojtechova,zdravotni,Joga zeleny sal
07.05.2017 17:12,08.05.2017,Hot joga,16:40,17:40,1,30,Veronika  Brozova CJ / EN,zacatecnici,Hot-joga
08.05.2017 04:32,08.05.2017,Hot joga,16:40,17:40,2,30,Veronika  Brozova CJ / EN,zacatecnici,Hot-joga
07.05.2017 17:12,08.05.2017,Ashtanga joga,17:20,18:50,4,20,Katka  Prymkova  CJ / EN,dynamicka posilovaci,Joga zeleny sal
08.05.2017 03:44,08.05.2017,Ashtanga joga,17:20,18:50,5,20,Katka  Prymkova  CJ / EN,dynamicka posilovaci,Joga zeleny sal
08.05.2017 04:54,08.05.2017,Ashtanga joga,17:20,18:50,3,20,Katka  Prymkova  CJ / EN,dynamicka posilovaci,Joga zeleny sal
08.05.2017 16:33,08.05.2017,Ashtanga joga,17:20,18:50,6,20,Katka  Prymkova  CJ / EN,dynamicka posilovaci,Joga zeleny sal
08.05.2017 17:17,08.05.2017,Ashtanga joga,17:20,18:50,7,20,Katka  Prymkova  CJ / EN,dynamicka posilovaci,Joga zeleny sal
07.05.2017 17:12,08.05.2017,Hot joga,18:00,19:30,6,30,Monika Stuart,klidna protahovaci,Hot-joga
08.05.2017 02:41,08.05.2017,Hot joga,18:00,19:30,7,30,Monika Stuart,klidna protahovaci,Hot-joga
08.05.2017 03:38,08.05.2017,Hot joga,18:00,19:30,8,30,Monika Stuart,klidna protahovaci,Hot-joga
08.05.2017 16:33,08.05.2017,Hot joga,18:00,19:30,13,30,Monika Stuart,klidna protahovaci,Hot-joga
08.05.2017 17:30,08.05.2017,Hot joga,18:00,19:30,14,30,Monika Stuart,klidna protahovaci,Hot-joga
07.05.2017 17:12,08.05.2017,Hatha joga,18:55,19:55,9,20,Katka  Prymkova  CJ / EN,klidna protahovaci,Joga zeleny sal
08.05.2017 00:23,08.05.2017,Hatha joga,18:55,19:55,10,20,Katka  Prymkova  CJ / EN,klidna protahovaci,Joga zeleny sal
08.05.2017 02:05,08.05.2017,Hatha joga,18:55,19:55,11,20,Katka  Prymkova  CJ / EN,klidna protahovaci,Joga zeleny sal
08.05.2017 03:13,08.05.2017,Hatha joga,18:55,19:55,12,20,Katka  Prymkova  CJ / EN,klidna protahovaci,Joga zeleny sal
08.05.2017 03:26,08.05.2017,Hatha joga,18:55,19:55,13,20,Katka  Prymkova  CJ / EN,klidna protahovaci,Joga zeleny sal
08.05.2017 17:33,08.05.2017,Hatha joga,18:55,19:55,14,20,Katka  Prymkova  CJ / EN,klidna protahovaci,Joga zeleny sal
08.05.2017 18:16,08.05.2017,Hatha joga,18:55,19:55,15,20,Katka  Prymkova  CJ / EN,klidna protahovaci,Joga zeleny sal
08.05.2017 18:44,08.05.2017,Hatha joga,18:55,19:55,16,20,Katka  Prymkova  CJ / EN,klidna protahovaci,Joga zeleny sal
07.05.2017 17:12,08.05.2017,Hot joga,19:45,21:15,3,30,Marketa  Samesova,dynamicka posilovaci,Hot-joga
07.05.2017 18:20,08.05.2017,Hot joga,19:45,21:15,4,30,Marketa  Samesova,dynamicka posilovaci,Hot-joga
08.05.2017 01:46,08.05.2017,Hot joga,19:45,21:15,5,30,Marketa  Samesova,dynamicka posilovaci,Hot-joga
08.05.2017 16:33,08.05.2017,Hot joga ZASKOK,19:45,21:15,2,30,Petr  Cmund,dynamicka posilovaci,Hot-joga
08.05.2017 17:24,08.05.2017,Hot joga ZASKOK PETR CMUND,19:45,21:15,2,30,Petr  Cmund,dynamicka posilovaci,Hot-joga
07.05.2017 17:12,08.05.2017,Powerjoga,9:10,10:10,2,20,Silvie Cifrincova,dynamicka posilovaci,Joga zeleny sal
08.05.2017 01:32,08.05.2017,Powerjoga,9:10,10:10,3,20,Silvie Cifrincova,dynamicka posilovaci,Joga zeleny sal
07.05.2017 17:12,09.05.2017,Jemna joga,10:20,11:20,1,20,Silvie Cifrincova,klidna protahovaci,Joga zeleny sal
08.05.2017 22:44,09.05.2017,Jemna joga,10:20,11:20,0,20,Silvie Cifrincova,klidna protahovaci,Joga zeleny sal
07.05.2017 17:12,09.05.2017,Joga pro seniory,10:35,11:35,0,30,Blanka Lorencova,klidna protahovaci,Joga modry sal
08.05.2017 23:25,09.05.2017,Joga pro seniory,10:35,11:35,1,30,Blanka Lorencova,klidna protahovaci,Joga modry sal
09.05.2017 00:12,09.05.2017,Joga pro seniory,10:35,11:35,2,30,Blanka Lorencova,klidna protahovaci,Joga modry sal
09.05.2017 10:23,09.05.2017,Joga pro seniory,10:35,11:35,3,30,Blanka Lorencova,klidna protahovaci,Joga modry sal
07.05.2017 17:12,09.05.2017,Joga pro zdrava zada,11:25,12:10,0,20,Silvie Cifrincova,zdravotni,Joga zeleny sal
09.05.2017 08:51,09.05.2017,Joga pro zdrava zada,11:25,12:10,1,20,Silvie Cifrincova,zdravotni,Joga zeleny sal
09.05.2017 08:52,09.05.2017,Joga pro zdrava zada,11:25,12:10,2,20,Silvie Cifrincova,zdravotni,Joga zeleny sal
09.05.2017 08:55,09.05.2017,Joga pro zdrava zada,11:25,12:10,3,20,Silvie Cifrincova,zdravotni,Joga zeleny sal
09.05.2017 10:47,09.05.2017,Joga pro zdrava zada,11:25,12:10,4,20,Silvie Cifrincova,zdravotni,Joga zeleny sal
09.05.2017 11:21,09.05.2017,Joga pro zdrava zada,11:25,12:10,5,20,Silvie Cifrincova,zdravotni,Joga zeleny sal
07.05.2017 17:12,09.05.2017,Powerjoga,11:40,12:25,0,30,Tomas  Helbig,zacatecnici,Joga modry sal
09.05.2017 09:22,09.05.2017,Powerjoga,11:40,12:25,1,30,Tomas  Helbig,zacatecnici,Joga modry sal
09.05.2017 11:32,09.05.2017,Powerjoga,11:40,12:25,3,30,Tomas  Helbig,zacatecnici,Joga modry sal
09.05.2017 11:37,09.05.2017,Powerjoga,11:40,12:25,2,30,Tomas  Helbig,zacatecnici,Joga modry sal
09.05.2017 11:43,09.05.2017,Powerjoga,11:40,12:25,4,30,Tomas  Helbig,zacatecnici,Joga modry sal
07.05.2017 17:12,09.05.2017,Joga pro zdrava zada,12:15,13:00,0,20,Silvie Cifrincova,zdravotni,Joga zeleny sal
09.05.2017 10:08,09.05.2017,Joga pro zdrava zada,12:15,13:00,1,20,Silvie Cifrincova,zdravotni,Joga zeleny sal
09.05.2017 10:19,09.05.2017,Joga pro zdrava zada,12:15,13:00,2,20,Silvie Cifrincova,zdravotni,Joga zeleny sal
09.05.2017 10:58,09.05.2017,Joga pro zdrava zada,12:15,13:00,3,20,Silvie Cifrincova,zdravotni,Joga zeleny sal
09.05.2017 12:06,09.05.2017,Joga pro zdrava zada,12:15,13:00,4,20,Silvie Cifrincova,zdravotni,Joga zeleny sal
09.05.2017 12:20,09.05.2017,Joga pro zdrava zada,12:15,13:00,5,20,Silvie Cifrincova,zdravotni,Joga zeleny sal
09.05.2017 12:22,09.05.2017,Joga pro zdrava zada,12:15,13:00,6,20,Silvie Cifrincova,zdravotni,Joga zeleny sal
07.05.2017 17:12,09.05.2017,Powerjoga,12:30,13:15,2,30,Tomas  Helbig,dynamicka posilovaci,Joga modry sal
08.05.2017 18:01,09.05.2017,Powerjoga,12:30,13:15,3,30,Tomas  Helbig,dynamicka posilovaci,Joga modry sal
09.05.2017 08:57,09.05.2017,Powerjoga,12:30,13:15,4,30,Tomas  Helbig,dynamicka posilovaci,Joga modry sal
09.05.2017 08:58,09.05.2017,Powerjoga,12:30,13:15,5,30,Tomas  Helbig,dynamicka posilovaci,Joga modry sal
09.05.2017 09:22,09.05.2017,Powerjoga,12:30,13:15,6,30,Tomas  Helbig,dynamicka posilovaci,Joga modry sal
09.05.2017 11:22,09.05.2017,Powerjoga,12:30,13:15,7,30,Tomas  Helbig,dynamicka posilovaci,Joga modry sal
09.05.2017 12:16,09.05.2017,Powerjoga,12:30,13:15,8,30,Tomas  Helbig,dynamicka posilovaci,Joga modry sal
09.05.2017 12:26,09.05.2017,Powerjoga,12:30,13:15,9,30,Tomas  Helbig,dynamicka posilovaci,Joga modry sal
07.05.2017 17:12,09.05.2017,Powerjoga,15:15,16:15,0,20,Alexandra Mandova,dynamicka posilovaci,Joga zeleny sal
08.05.2017 21:38,09.05.2017,Powerjoga,15:15,16:15,1,20,Alexandra Mandova,dynamicka posilovaci,Joga zeleny sal
08.05.2017 23:59,09.05.2017,Powerjoga,15:15,16:15,2,20,Alexandra Mandova,dynamicka posilovaci,Joga zeleny sal
09.05.2017 13:39,09.05.2017,Powerjoga,15:15,16:15,3,20,Alexandra Mandova,dynamicka posilovaci,Joga zeleny sal
07.05.2017 17:12,09.05.2017,Hatha joga,16:20,17:20,20,20,Lubica Vodvarkova,klidna protahovaci,Joga zeleny sal
08.05.2017 16:57,09.05.2017,Hatha joga,16:20,17:20,19,20,Lubica Vodvarkova,klidna protahovaci,Joga zeleny sal
08.05.2017 17:27,09.05.2017,Hatha joga,16:20,17:20,18,20,Lubica Vodvarkova,klidna protahovaci,Joga zeleny sal
08.05.2017 17:31,09.05.2017,Hatha joga,16:20,17:20,16,20,Lubica Vodvarkova,klidna protahovaci,Joga zeleny sal
08.05.2017 17:35,09.05.2017,Hatha joga,16:20,17:20,17,20,Lubica Vodvarkova,klidna protahovaci,Joga zeleny sal
09.05.2017 12:19,09.05.2017,Hatha joga,16:20,17:20,15,20,Lubica Vodvarkova,klidna protahovaci,Joga zeleny sal
07.05.2017 17:12,09.05.2017,Hot joga,16:40,17:40,2,30,Alexandra Mandova,zacatecnici,Hot-joga
08.05.2017 16:33,09.05.2017,Hot joga,16:40,17:40,4,30,Alexandra Mandova,zacatecnici,Hot-joga
08.05.2017 17:51,09.05.2017,Hot joga,16:40,17:40,5,30,Alexandra Mandova,zacatecnici,Hot-joga
08.05.2017 21:24,09.05.2017,Hot joga,16:40,17:40,6,30,Alexandra Mandova,zacatecnici,Hot-joga
08.05.2017 21:29,09.05.2017,Hot joga,16:40,17:40,7,30,Alexandra Mandova,zacatecnici,Hot-joga
09.05.2017 12:29,09.05.2017,Hot joga,16:40,17:40,8,30,Alexandra Mandova,zacatecnici,Hot-joga
09.05.2017 13:39,09.05.2017,Hot joga,16:40,17:40,9,30,Alexandra Mandova,zacatecnici,Hot-joga
09.05.2017 15:55,09.05.2017,Hot joga,16:40,17:40,10,30,Alexandra Mandova,zacatecnici,Hot-joga
09.05.2017 16:08,09.05.2017,Hot joga,16:40,17:40,11,30,Alexandra Mandova,zacatecnici,Hot-joga
09.05.2017 16:19,09.05.2017,Hot joga,16:40,17:40,12,30,Alexandra Mandova,zacatecnici,Hot-joga
09.05.2017 16:36,09.05.2017,Hot joga,16:40,17:40,13,30,Alexandra Mandova,zacatecnici,Hot-joga
09.05.2017 16:41,09.05.2017,Hot joga,16:40,17:40,14,30,Alexandra Mandova,zacatecnici,Hot-joga
07.05.2017 17:12,09.05.2017,Jemna joga,17:25,18:25,20,20,Lubica Vodvarkova,zacatecnici,Joga zeleny sal
08.05.2017 05:46,09.05.2017,Jemna joga,17:25,18:25,19,20,Lubica Vodvarkova,zacatecnici,Joga zeleny sal
07.05.2017 17:12,09.05.2017,Hot joga - vhodna i pro zacatecniky,18:00,19:30,14,30,Petr  Cmund,dynamicka posilovaci,Hot-joga
08.05.2017 03:29,09.05.2017,Hot joga - vhodna i pro zacatecniky,18:00,19:30,13,30,Petr  Cmund,dynamicka posilovaci,Hot-joga
08.05.2017 20:37,09.05.2017,Hot joga - vhodna i pro zacatecniky,18:00,19:30,15,30,Petr  Cmund,dynamicka posilovaci,Hot-joga
08.05.2017 21:53,09.05.2017,Hot joga - vhodna i pro zacatecniky,18:00,19:30,16,30,Petr  Cmund,dynamicka posilovaci,Hot-joga
08.05.2017 21:54,09.05.2017,Hot joga - vhodna i pro zacatecniky,18:00,19:30,17,30,Petr  Cmund,dynamicka posilovaci,Hot-joga
09.05.2017 08:35,09.05.2017,Hot joga - vhodna i pro zacatecniky,18:00,19:30,18,30,Petr  Cmund,dynamicka posilovaci,Hot-joga
09.05.2017 08:46,09.05.2017,Hot joga - vhodna i pro zacatecniky,18:00,19:30,19,30,Petr  Cmund,dynamicka posilovaci,Hot-joga
09.05.2017 08:55,09.05.2017,Hot joga - vhodna i pro zacatecniky,18:00,19:30,20,30,Petr  Cmund,dynamicka posilovaci,Hot-joga
09.05.2017 08:59,09.05.2017,Hot joga - vhodna i pro zacatecniky,18:00,19:30,21,30,Petr  Cmund,dynamicka posilovaci,Hot-joga
09.05.2017 09:40,09.05.2017,Hot joga - vhodna i pro zacatecniky,18:00,19:30,22,30,Petr  Cmund,dynamicka posilovaci,Hot-joga
09.05.2017 11:23,09.05.2017,Hot joga - vhodna i pro zacatecniky,18:00,19:30,23,30,Petr  Cmund,dynamicka posilovaci,Hot-joga
09.05.2017 11:30,09.05.2017,Hot joga - vhodna i pro zacatecniky,18:00,19:30,24,30,Petr  Cmund,dynamicka posilovaci,Hot-joga
09.05.2017 12:02,09.05.2017,Hot joga - vhodna i pro zacatecniky,18:00,19:30,25,30,Petr  Cmund,dynamicka posilovaci,Hot-joga
09.05.2017 12:44,09.05.2017,Hot joga - vhodna i pro zacatecniky,18:00,19:30,26,30,Petr  Cmund,dynamicka posilovaci,Hot-joga
09.05.2017 13:12,09.05.2017,Hot joga - vhodna i pro zacatecniky,18:00,19:30,27,30,Petr  Cmund,dynamicka posilovaci,Hot-joga
09.05.2017 14:33,09.05.2017,Hot joga - vhodna i pro zacatecniky,18:00,19:30,28,30,Petr  Cmund,dynamicka posilovaci,Hot-joga
09.05.2017 16:30,09.05.2017,Hot joga - vhodna i pro zacatecniky,18:00,19:30,29,30,Petr  Cmund,dynamicka posilovaci,Hot-joga
09.05.2017 16:34,09.05.2017,Hot joga - vhodna i pro zacatecniky,18:00,19:30,30,30,Petr  Cmund,dynamicka posilovaci,Hot-joga
07.05.2017 17:12,09.05.2017,Gravid joga,18:30,19:30,1,20,Hana Stepanova,zdravotni,Joga zeleny sal
08.05.2017 19:02,09.05.2017,Gravid joga,18:30,19:30,2,20,Hana Stepanova,zdravotni,Joga zeleny sal
09.05.2017 08:53,09.05.2017,Gravid joga,18:30,19:30,3,20,Hana Stepanova,zdravotni,Joga zeleny sal
09.05.2017 12:46,09.05.2017,Gravid joga,18:30,19:30,4,20,Hana Stepanova,zdravotni,Joga zeleny sal
09.05.2017 16:33,09.05.2017,Gravid joga,18:30,19:30,5,20,Hana Stepanova,zdravotni,Joga zeleny sal
09.05.2017 18:28,09.05.2017,Gravid joga,18:30,19:30,6,20,Hana Stepanova,zdravotni,Joga zeleny sal
07.05.2017 17:12,09.05.2017,Kurz powerjogy pro zacatecniky - uzavreny kurz,19:40,21:10,0,0,Marketa Makovska CJ / EN,,Joga zeleny sal
07.05.2017 17:12,09.05.2017,Kurz jogy pro zacatecniky - uzavreny kurz,19:45,21:15,0,0,Richard Holicky,,Joga modry sal
07.05.2017 17:12,09.05.2017,Powerjoga,7:00,8:00,4,20,Hana Hruskova CJ / EN,dynamicka posilovaci,Joga zeleny sal
08.05.2017 20:18,09.05.2017,Powerjoga,7:00,8:00,5,20,Hana Hruskova CJ / EN,dynamicka posilovaci,Joga zeleny sal
08.05.2017 21:51,09.05.2017,Powerjoga,7:00,8:00,6,20,Hana Hruskova CJ / EN,dynamicka posilovaci,Joga zeleny sal
09.05.2017 08:33,09.05.2017,Powerjoga,7:00,8:00,7,20,Hana Hruskova CJ / EN,dynamicka posilovaci,Joga zeleny sal
09.05.2017 08:34,09.05.2017,Powerjoga,7:00,8:00,8,20,Hana Hruskova CJ / EN,dynamicka posilovaci,Joga zeleny sal
09.05.2017 08:36,09.05.2017,Powerjoga,7:00,8:00,9,20,Hana Hruskova CJ / EN,dynamicka posilovaci,Joga zeleny sal
09.05.2017 08:39,09.05.2017,Powerjoga,7:00,8:00,10,20,Hana Hruskova CJ / EN,dynamicka posilovaci,Joga zeleny sal
07.05.2017 17:12,09.05.2017,Powerjoga,8:05,9:05,0,20,Hana Hruskova CJ / EN,zacatecnici,Joga zeleny sal
08.05.2017 22:27,09.05.2017,Powerjoga,8:05,9:05,1,20,Hana Hruskova CJ / EN,zacatecnici,Joga zeleny sal
08.05.2017 22:29,09.05.2017,Powerjoga,8:05,9:05,2,20,Hana Hruskova CJ / EN,zacatecnici,Joga zeleny sal
09.05.2017 07:54,09.05.2017,Powerjoga,8:05,9:05,3,20,Hana Hruskova CJ / EN,zacatecnici,Joga zeleny sal
07.05.2017 17:12,10.05.2017,Kurz jogy pro zacatecniky - uzavreny kurz,10:00,11:30,0,0,Richard Holicky,,Joga zeleny sal
07.05.2017 17:12,10.05.2017,Jemna joga - vhodna i pro seniory,10:15,11:15,0,30,Daniela  Fremuntova,klidna protahovaci,Joga modry sal
07.05.2017 17:12,10.05.2017,Powerjoga,11:25,12:10,0,30,Daniela  Fremuntova,dynamicka posilovaci,Joga modry sal
09.05.2017 08:52,10.05.2017,Powerjoga,11:25,12:10,1,30,Daniela  Fremuntova,dynamicka posilovaci,Joga modry sal
09.05.2017 11:57,10.05.2017,Powerjoga,11:25,12:10,2,30,Daniela  Fremuntova,dynamicka posilovaci,Joga modry sal
09.05.2017 13:46,10.05.2017,Powerjoga,11:25,12:10,3,30,Daniela  Fremuntova,dynamicka posilovaci,Joga modry sal
10.05.2017 09:10,10.05.2017,Powerjoga,11:25,12:10,4,30,Daniela  Fremuntova,dynamicka posilovaci,Joga modry sal
10.05.2017 09:48,10.05.2017,Powerjoga,11:25,12:10,5,30,Daniela  Fremuntova,dynamicka posilovaci,Joga modry sal
10.05.2017 11:01,10.05.2017,Powerjoga,11:25,12:10,6,30,Daniela  Fremuntova,dynamicka posilovaci,Joga modry sal
10.05.2017 11:07,10.05.2017,Powerjoga,11:25,12:10,7,30,Daniela  Fremuntova,dynamicka posilovaci,Joga modry sal
10.05.2017 11:21,10.05.2017,Powerjoga,11:25,12:10,8,30,Daniela  Fremuntova,dynamicka posilovaci,Joga modry sal
10.05.2017 11:22,10.05.2017,Powerjoga,11:25,12:10,9,30,Daniela  Fremuntova,dynamicka posilovaci,Joga modry sal
07.05.2017 17:12,10.05.2017,Joga pro zdrava zada,11:40,12:25,3,20,Katerina  Kornova,zdravotni,Joga zeleny sal
09.05.2017 15:26,10.05.2017,Joga pro zdrava zada,11:40,12:25,5,20,Katerina  Kornova,zdravotni,Joga zeleny sal
09.05.2017 18:44,10.05.2017,Joga pro zdrava zada,11:40,12:25,6,20,Katerina  Kornova,zdravotni,Joga zeleny sal
09.05.2017 22:43,10.05.2017,Joga pro zdrava zada,11:40,12:25,7,20,Katerina  Kornova,zdravotni,Joga zeleny sal
07.05.2017 17:12,10.05.2017,Powerjoga,12:15,13:00,0,30,Daniela  Fremuntova,zacatecnici,Joga modry sal
09.05.2017 11:04,10.05.2017,Powerjoga,12:15,13:00,1,30,Daniela  Fremuntova,zacatecnici,Joga modry sal
10.05.2017 10:53,10.05.2017,Powerjoga,12:15,13:00,2,30,Daniela  Fremuntova,zacatecnici,Joga modry sal
10.05.2017 10:54,10.05.2017,Powerjoga,12:15,13:00,3,30,Daniela  Fremuntova,zacatecnici,Joga modry sal
10.05.2017 11:04,10.05.2017,Powerjoga,12:15,13:00,5,30,Daniela  Fremuntova,zacatecnici,Joga modry sal
10.05.2017 12:10,10.05.2017,Powerjoga,12:15,13:00,6,30,Daniela  Fremuntova,zacatecnici,Joga modry sal
07.05.2017 17:12,10.05.2017,Joga pro zdrava zada,12:30,13:15,0,20,Katerina  Kornova,zdravotni,Joga zeleny sal
08.05.2017 17:52,10.05.2017,Joga pro zdrava zada,12:30,13:15,1,20,Katerina  Kornova,zdravotni,Joga zeleny sal
10.05.2017 07:01,10.05.2017,Joga pro zdrava zada,12:30,13:15,2,20,Katerina  Kornova,zdravotni,Joga zeleny sal
10.05.2017 10:51,10.05.2017,Joga pro zdrava zada,12:30,13:15,3,20,Katerina  Kornova,zdravotni,Joga zeleny sal
10.05.2017 11:05,10.05.2017,Joga pro zdrava zada,12:30,13:15,4,20,Katerina  Kornova,zdravotni,Joga zeleny sal
10.05.2017 11:12,10.05.2017,Joga pro zdrava zada,12:30,13:15,6,20,Katerina  Kornova,zdravotni,Joga zeleny sal
10.05.2017 11:27,10.05.2017,Joga pro zdrava zada,12:30,13:15,7,20,Katerina  Kornova,zdravotni,Joga zeleny sal
10.05.2017 11:56,10.05.2017,Joga pro zdrava zada,12:30,13:15,8,20,Katerina  Kornova,zdravotni,Joga zeleny sal
10.05.2017 12:22,10.05.2017,Joga pro zdrava zada,12:30,13:15,9,20,Katerina  Kornova,zdravotni,Joga zeleny sal
10.05.2017 12:26,10.05.2017,Joga pro zdrava zada,12:30,13:15,10,20,Katerina  Kornova,zdravotni,Joga zeleny sal
07.05.2017 17:12,10.05.2017,Joga zamerena na zdrava zada,16:20,17:20,4,20,Alexandra Mandova,zdravotni,Joga zeleny sal
08.05.2017 20:51,10.05.2017,Joga zamerena na zdrava zada,16:20,17:20,5,20,Alexandra Mandova,zdravotni,Joga zeleny sal
09.05.2017 15:38,10.05.2017,Joga zamerena na zdrava zada,16:20,17:20,6,20,Alexandra Mandova,zdravotni,Joga zeleny sal
09.05.2017 18:51,10.05.2017,Joga zamerena na zdrava zada,16:20,17:20,7,20,Alexandra Mandova,zdravotni,Joga zeleny sal
10.05.2017 12:59,10.05.2017,Joga zamerena na zdrava zada,16:20,17:20,8,20,Alexandra Mandova,zdravotni,Joga zeleny sal
10.05.2017 13:37,10.05.2017,Joga zamerena na zdrava zada,16:20,17:20,9,20,Alexandra Mandova,zdravotni,Joga zeleny sal
10.05.2017 15:16,10.05.2017,Joga zamerena na zdrava zada,16:20,17:20,10,20,Alexandra Mandova,zdravotni,Joga zeleny sal
07.05.2017 17:12,10.05.2017,Hot joga,16:30,17:30,0,30,Lenka Uhlikova,klidna protahovaci,Hot-joga
07.05.2017 17:12,10.05.2017,Powerjoga,17:25,18:25,3,20,Alexandra Mandova,dynamicka posilovaci,Joga zeleny sal
08.05.2017 16:33,10.05.2017,Powerjoga,17:25,18:25,4,20,Alexandra Mandova,dynamicka posilovaci,Joga zeleny sal
09.05.2017 14:47,10.05.2017,Powerjoga,17:25,18:25,5,20,Alexandra Mandova,dynamicka posilovaci,Joga zeleny sal
09.05.2017 17:16,10.05.2017,Powerjoga,17:25,18:25,6,20,Alexandra Mandova,dynamicka posilovaci,Joga zeleny sal
09.05.2017 22:52,10.05.2017,Powerjoga,17:25,18:25,7,20,Alexandra Mandova,dynamicka posilovaci,Joga zeleny sal
10.05.2017 09:35,10.05.2017,Powerjoga,17:25,18:25,8,20,Alexandra Mandova,dynamicka posilovaci,Joga zeleny sal
10.05.2017 10:22,10.05.2017,Powerjoga,17:25,18:25,9,20,Alexandra Mandova,dynamicka posilovaci,Joga zeleny sal
10.05.2017 10:45,10.05.2017,Powerjoga,17:25,18:25,10,20,Alexandra Mandova,dynamicka posilovaci,Joga zeleny sal
10.05.2017 11:59,10.05.2017,Powerjoga,17:25,18:25,11,20,Alexandra Mandova,dynamicka posilovaci,Joga zeleny sal
10.05.2017 13:11,10.05.2017,Powerjoga,17:25,18:25,12,20,Alexandra Mandova,dynamicka posilovaci,Joga zeleny sal
10.05.2017 13:14,10.05.2017,Powerjoga,17:25,18:25,13,20,Alexandra Mandova,dynamicka posilovaci,Joga zeleny sal
10.05.2017 14:28,10.05.2017,Powerjoga,17:25,18:25,14,20,Alexandra Mandova,dynamicka posilovaci,Joga zeleny sal
07.05.2017 17:12,10.05.2017,Hot joga,18:00,19:30,2,30,Marketa  Samesova,dynamicka posilovaci,Hot-joga
08.05.2017 22:12,10.05.2017,Hot joga,18:00,19:30,3,30,Marketa  Samesova,dynamicka posilovaci,Hot-joga
09.05.2017 08:39,10.05.2017,Hot joga,18:00,19:30,4,30,Marketa  Samesova,dynamicka posilovaci,Hot-joga
10.05.2017 11:17,10.05.2017,Hot joga,18:00,19:30,5,30,Marketa  Samesova,dynamicka posilovaci,Hot-joga
10.05.2017 16:03,10.05.2017,Hot joga,18:00,19:30,6,30,Marketa  Samesova,dynamicka posilovaci,Hot-joga
10.05.2017 16:23,10.05.2017,Hot joga,18:00,19:30,7,30,Marketa  Samesova,dynamicka posilovaci,Hot-joga
10.05.2017 16:26,10.05.2017,Hot joga,18:00,19:30,8,30,Marketa  Samesova,dynamicka posilovaci,Hot-joga
10.05.2017 17:49,10.05.2017,Hot joga,18:00,19:30,9,30,Marketa  Samesova,dynamicka posilovaci,Hot-joga
10.05.2017 18:01,10.05.2017,Hot joga,18:00,19:30,10,30,Marketa  Samesova,dynamicka posilovaci,Hot-joga
07.05.2017 17:12,10.05.2017,Hatha joga - vedoma- harmonicka joga,18:30,20:00,3,20,Marie Kmochova,klidna protahovaci,Joga zeleny sal
08.05.2017 19:57,10.05.2017,Hatha joga - vedoma- harmonicka joga,18:30,20:00,4,20,Marie Kmochova,klidna protahovaci,Joga zeleny sal
08.05.2017 20:52,10.05.2017,Hatha joga - vedoma- harmonicka joga,18:30,20:00,5,20,Marie Kmochova,klidna protahovaci,Joga zeleny sal
09.05.2017 11:18,10.05.2017,Hatha joga - vedoma- harmonicka joga,18:30,20:00,6,20,Marie Kmochova,klidna protahovaci,Joga zeleny sal
09.05.2017 16:01,10.05.2017,Hatha joga - vedoma- harmonicka joga,18:30,20:00,7,20,Marie Kmochova,klidna protahovaci,Joga zeleny sal
09.05.2017 23:45,10.05.2017,Hatha joga - vedoma- harmonicka joga,18:30,20:00,8,20,Marie Kmochova,klidna protahovaci,Joga zeleny sal
10.05.2017 09:22,10.05.2017,Hatha joga - vedoma- harmonicka joga,18:30,20:00,9,20,Marie Kmochova,klidna protahovaci,Joga zeleny sal
10.05.2017 09:31,10.05.2017,Hatha joga - vedoma- harmonicka joga,18:30,20:00,10,20,Marie Kmochova,klidna protahovaci,Joga zeleny sal
10.05.2017 11:25,10.05.2017,Hatha joga - vedoma- harmonicka joga,18:30,20:00,11,20,Marie Kmochova,klidna protahovaci,Joga zeleny sal
10.05.2017 15:37,10.05.2017,Hatha joga - vedoma- harmonicka joga,18:30,20:00,13,20,Marie Kmochova,klidna protahovaci,Joga zeleny sal
10.05.2017 17:05,10.05.2017,Hatha joga - vedoma- harmonicka joga,18:30,20:00,14,20,Marie Kmochova,klidna protahovaci,Joga zeleny sal
10.05.2017 17:39,10.05.2017,Hatha joga - vedoma- harmonicka joga,18:30,20:00,15,20,Marie Kmochova,klidna protahovaci,Joga zeleny sal
10.05.2017 17:58,10.05.2017,Hatha joga - vedoma- harmonicka joga,18:30,20:00,16,20,Marie Kmochova,klidna protahovaci,Joga zeleny sal
07.05.2017 17:12,10.05.2017,Hot joga,19:45,21:15,1,30,Jarmila Kucmasova,zacatecnici,Hot-joga
08.05.2017 05:41,10.05.2017,Hot joga,19:45,21:15,2,30,Jarmila Kucmasova,zacatecnici,Hot-joga
10.05.2017 11:06,10.05.2017,Hot joga,19:45,21:15,3,30,Jarmila Kucmasova,zacatecnici,Hot-joga
10.05.2017 15:24,10.05.2017,Hot joga,19:45,21:15,4,30,Jarmila Kucmasova,zacatecnici,Hot-joga
10.05.2017 16:08,10.05.2017,Hot joga,19:45,21:15,5,30,Jarmila Kucmasova,zacatecnici,Hot-joga
10.05.2017 17:47,10.05.2017,Hot joga,19:45,21:15,6,30,Jarmila Kucmasova,zacatecnici,Hot-joga
10.05.2017 18:06,10.05.2017,Hot joga,19:45,21:15,7,30,Jarmila Kucmasova,zacatecnici,Hot-joga
10.05.2017 19:41,10.05.2017,Hot joga,19:45,21:15,8,30,Jarmila Kucmasova,zacatecnici,Hot-joga
10.05.2017 19:56,10.05.2017,Hot joga,19:45,21:15,9,30,Jarmila Kucmasova,zacatecnici,Hot-joga
07.05.2017 17:12,10.05.2017,Intenzivni kurz jogy - uzavreny kurz,20:05,21:35,0,0,Katka  Prymkova  CJ / EN,,Joga zeleny sal
07.05.2017 17:12,10.05.2017,Joga - probuzeni patere,7:00,8:00,0,30,Micha  Prach Kotrckova,klidna protahovaci,Joga modry sal
07.05.2017 17:12,10.05.2017,Powerjoga,7:00,8:00,0,20,Veronika  Brozova CJ / EN,zacatecnici,Joga zeleny sal
08.05.2017 03:24,10.05.2017,Powerjoga,7:00,8:00,1,20,Veronika  Brozova CJ / EN,zacatecnici,Joga zeleny sal
09.05.2017 07:28,10.05.2017,Powerjoga,7:00,8:00,2,20,Veronika  Brozova CJ / EN,zacatecnici,Joga zeleny sal
09.05.2017 10:17,10.05.2017,Powerjoga,7:00,8:00,3,20,Veronika  Brozova CJ / EN,zacatecnici,Joga zeleny sal
09.05.2017 10:18,10.05.2017,Powerjoga,7:00,8:00,4,20,Veronika  Brozova CJ / EN,zacatecnici,Joga zeleny sal
09.05.2017 11:45,10.05.2017,Powerjoga,7:00,8:00,5,20,Veronika  Brozova CJ / EN,zacatecnici,Joga zeleny sal
09.05.2017 14:57,10.05.2017,Powerjoga,7:00,8:00,6,20,Veronika  Brozova CJ / EN,zacatecnici,Joga zeleny sal
09.05.2017 20:20,10.05.2017,Powerjoga,7:00,8:00,7,20,Veronika  Brozova CJ / EN,zacatecnici,Joga zeleny sal
09.05.2017 21:15,10.05.2017,Powerjoga,7:00,8:00,8,20,Veronika  Brozova CJ / EN,zacatecnici,Joga zeleny sal
09.05.2017 23:22,10.05.2017,Powerjoga,7:00,8:00,9,20,Veronika  Brozova CJ / EN,zacatecnici,Joga zeleny sal
09.05.2017 23:23,10.05.2017,Powerjoga,7:00,8:00,10,20,Veronika  Brozova CJ / EN,zacatecnici,Joga zeleny sal
10.05.2017 07:05,10.05.2017,Powerjoga,7:00,8:00,11,20,Veronika  Brozova CJ / EN,zacatecnici,Joga zeleny sal
10.05.2017 07:06,10.05.2017,Powerjoga,7:00,8:00,13,20,Veronika  Brozova CJ / EN,zacatecnici,Joga zeleny sal
07.05.2017 17:12,10.05.2017,Kundalini joga,8:05,9:35,0,20,Micha  Prach Kotrckova,zacatecnici,Joga zeleny sal
08.05.2017 03:03,10.05.2017,Kundalini joga,8:05,9:35,1,20,Micha  Prach Kotrckova,zacatecnici,Joga zeleny sal
07.05.2017 17:12,11.05.2017,Powerjoga,11:40,12:25,2,20,Marketa Makovska CJ / EN,dynamicka posilovaci,Joga zeleny sal
09.05.2017 08:51,11.05.2017,Powerjoga,11:40,12:25,3,20,Marketa Makovska CJ / EN,dynamicka posilovaci,Joga zeleny sal
09.05.2017 08:58,11.05.2017,Powerjoga,11:40,12:25,4,20,Marketa Makovska CJ / EN,dynamicka posilovaci,Joga zeleny sal
10.05.2017 12:49,11.05.2017,Powerjoga,11:40,12:25,5,20,Marketa Makovska CJ / EN,dynamicka posilovaci,Joga zeleny sal
10.05.2017 18:52,11.05.2017,Powerjoga,11:40,12:25,6,20,Marketa Makovska CJ / EN,dynamicka posilovaci,Joga zeleny sal
11.05.2017 06:54,11.05.2017,Powerjoga,11:40,12:25,7,20,Marketa Makovska CJ / EN,dynamicka posilovaci,Joga zeleny sal
11.05.2017 09:10,11.05.2017,Powerjoga,11:40,12:25,8,20,Marketa Makovska CJ / EN,dynamicka posilovaci,Joga zeleny sal
11.05.2017 09:28,11.05.2017,Powerjoga,11:40,12:25,9,20,Marketa Makovska CJ / EN,dynamicka posilovaci,Joga zeleny sal
11.05.2017 11:09,11.05.2017,Powerjoga,11:40,12:25,10,20,Marketa Makovska CJ / EN,dynamicka posilovaci,Joga zeleny sal
11.05.2017 11:14,11.05.2017,Powerjoga,11:40,12:25,11,20,Marketa Makovska CJ / EN,dynamicka posilovaci,Joga zeleny sal
07.05.2017 17:12,11.05.2017,Powerjoga,12:30,13:15,0,20,Marketa Makovska CJ / EN,zacatecnici,Joga zeleny sal
09.05.2017 11:05,11.05.2017,Powerjoga,12:30,13:15,1,20,Marketa Makovska CJ / EN,zacatecnici,Joga zeleny sal
09.05.2017 12:52,11.05.2017,Powerjoga,12:30,13:15,2,20,Marketa Makovska CJ / EN,zacatecnici,Joga zeleny sal
10.05.2017 20:44,11.05.2017,Powerjoga,12:30,13:15,3,20,Marketa Makovska CJ / EN,zacatecnici,Joga zeleny sal
11.05.2017 09:09,11.05.2017,Powerjoga,12:30,13:15,4,20,Marketa Makovska CJ / EN,zacatecnici,Joga zeleny sal
11.05.2017 09:12,11.05.2017,Powerjoga,12:30,13:15,5,20,Marketa Makovska CJ / EN,zacatecnici,Joga zeleny sal
11.05.2017 10:16,11.05.2017,Powerjoga,12:30,13:15,6,20,Marketa Makovska CJ / EN,zacatecnici,Joga zeleny sal
11.05.2017 10:35,11.05.2017,Powerjoga,12:30,13:15,7,20,Marketa Makovska CJ / EN,zacatecnici,Joga zeleny sal
11.05.2017 11:44,11.05.2017,Powerjoga,12:30,13:15,9,20,Marketa Makovska CJ / EN,zacatecnici,Joga zeleny sal
07.05.2017 17:12,11.05.2017,Jemna joga,15:15,16:15,6,20,Lubica Vodvarkova,klidna protahovaci,Joga zeleny sal
09.05.2017 20:53,11.05.2017,Jemna joga,15:15,16:15,7,20,Lubica Vodvarkova,klidna protahovaci,Joga zeleny sal
11.05.2017 15:07,11.05.2017,Jemna joga,15:15,16:15,8,20,Lubica Vodvarkova,klidna protahovaci,Joga zeleny sal
11.05.2017 15:25,11.05.2017,Jemna joga,15:15,16:15,9,20,Lubica Vodvarkova,klidna protahovaci,Joga zeleny sal
07.05.2017 17:12,11.05.2017,Hatha joga,16:20,17:20,20,20,Lubica Vodvarkova,zacatecnici,Joga zeleny sal
08.05.2017 21:27,11.05.2017,Hatha joga,16:20,17:20,19,20,Lubica Vodvarkova,zacatecnici,Joga zeleny sal
11.05.2017 09:01,11.05.2017,Hatha joga,16:20,17:20,18,20,Lubica Vodvarkova,zacatecnici,Joga zeleny sal
11.05.2017 09:42,11.05.2017,Hatha joga,16:20,17:20,17,20,Lubica Vodvarkova,zacatecnici,Joga zeleny sal
11.05.2017 10:31,11.05.2017,Hatha joga,16:20,17:20,16,20,Lubica Vodvarkova,zacatecnici,Joga zeleny sal
11.05.2017 11:01,11.05.2017,Hatha joga,16:20,17:20,15,20,Lubica Vodvarkova,zacatecnici,Joga zeleny sal
11.05.2017 12:17,11.05.2017,Hatha joga,16:20,17:20,14,20,Lubica Vodvarkova,zacatecnici,Joga zeleny sal
11.05.2017 15:12,11.05.2017,Hatha joga,16:20,17:20,13,20,Lubica Vodvarkova,zacatecnici,Joga zeleny sal
07.05.2017 17:12,11.05.2017,Hot joga,16:40,17:40,1,30,Alexandra Mandova,dynamicka posilovaci,Hot-joga
10.05.2017 13:01,11.05.2017,Hot joga,16:40,17:40,2,30,Alexandra Mandova,dynamicka posilovaci,Hot-joga
10.05.2017 19:43,11.05.2017,Hot joga,16:40,17:40,3,30,Alexandra Mandova,dynamicka posilovaci,Hot-joga
11.05.2017 09:28,11.05.2017,Hot joga,16:40,17:40,4,30,Alexandra Mandova,dynamicka posilovaci,Hot-joga
11.05.2017 10:42,11.05.2017,Hot joga,16:40,17:40,5,30,Alexandra Mandova,dynamicka posilovaci,Hot-joga
11.05.2017 14:57,11.05.2017,Hot joga,16:40,17:40,7,30,Alexandra Mandova,dynamicka posilovaci,Hot-joga
07.05.2017 17:12,11.05.2017,Powerjoga,17:25,18:25,8,20,Karolina Chudobova,dynamicka posilovaci,Joga zeleny sal
09.05.2017 07:30,11.05.2017,Powerjoga,17:25,18:25,9,20,Karolina Chudobova,dynamicka posilovaci,Joga zeleny sal
10.05.2017 12:05,11.05.2017,Powerjoga,17:25,18:25,10,20,Karolina Chudobova,dynamicka posilovaci,Joga zeleny sal
10.05.2017 13:08,11.05.2017,Powerjoga,17:25,18:25,11,20,Karolina Chudobova,dynamicka posilovaci,Joga zeleny sal
10.05.2017 21:13,11.05.2017,Powerjoga,17:25,18:25,12,20,Karolina Chudobova,dynamicka posilovaci,Joga zeleny sal
11.05.2017 11:06,11.05.2017,Powerjoga,17:25,18:25,13,20,Karolina Chudobova,dynamicka posilovaci,Joga zeleny sal
11.05.2017 12:22,11.05.2017,Powerjoga,17:25,18:25,14,20,Karolina Chudobova,dynamicka posilovaci,Joga zeleny sal
11.05.2017 16:57,11.05.2017,Powerjoga,17:25,18:25,15,20,Karolina Chudobova,dynamicka posilovaci,Joga zeleny sal
07.05.2017 17:12,11.05.2017,Hot joga,18:00,19:30,3,30,Pavla  Krecanova,zacatecnici,Hot-joga
08.05.2017 16:33,11.05.2017,Hot joga,18:00,19:30,4,30,Pavla  Krecanova,zacatecnici,Hot-joga
08.05.2017 20:50,11.05.2017,Hot joga,18:00,19:30,6,30,Pavla  Krecanova,zacatecnici,Hot-joga
09.05.2017 08:43,11.05.2017,Hot joga,18:00,19:30,7,30,Pavla  Krecanova,zacatecnici,Hot-joga
10.05.2017 09:04,11.05.2017,Hot joga,18:00,19:30,8,30,Pavla  Krecanova,zacatecnici,Hot-joga
10.05.2017 13:13,11.05.2017,Hot joga,18:00,19:30,9,30,Pavla  Krecanova,zacatecnici,Hot-joga
10.05.2017 13:20,11.05.2017,Hot joga,18:00,19:30,10,30,Pavla  Krecanova,zacatecnici,Hot-joga
10.05.2017 17:31,11.05.2017,Hot joga,18:00,19:30,11,30,Pavla  Krecanova,zacatecnici,Hot-joga
10.05.2017 20:36,11.05.2017,Hot joga,18:00,19:30,12,30,Pavla  Krecanova,zacatecnici,Hot-joga
11.05.2017 06:39,11.05.2017,Hot joga,18:00,19:30,13,30,Pavla  Krecanova,zacatecnici,Hot-joga
11.05.2017 16:59,11.05.2017,Hot joga,18:00,19:30,14,30,Pavla  Krecanova,zacatecnici,Hot-joga
11.05.2017 17:00,11.05.2017,Hot joga,18:00,19:30,15,30,Pavla  Krecanova,zacatecnici,Hot-joga
11.05.2017 17:09,11.05.2017,Hot joga,18:00,19:30,16,30,Pavla  Krecanova,zacatecnici,Hot-joga
07.05.2017 17:12,11.05.2017,Gravid joga,18:30,19:30,1,20,Karolina Chudobova,zdravotni,Joga zeleny sal
09.05.2017 08:53,11.05.2017,Gravid joga,18:30,19:30,2,20,Karolina Chudobova,zdravotni,Joga zeleny sal
09.05.2017 12:47,11.05.2017,Gravid joga,18:30,19:30,3,20,Karolina Chudobova,zdravotni,Joga zeleny sal
09.05.2017 14:03,11.05.2017,Gravid joga,18:30,19:30,4,20,Karolina Chudobova,zdravotni,Joga zeleny sal
09.05.2017 19:48,11.05.2017,Gravid joga,18:30,19:30,5,20,Karolina Chudobova,zdravotni,Joga zeleny sal
09.05.2017 20:29,11.05.2017,Gravid joga,18:30,19:30,6,20,Karolina Chudobova,zdravotni,Joga zeleny sal
10.05.2017 18:44,11.05.2017,Gravid joga,18:30,19:30,7,20,Karolina Chudobova,zdravotni,Joga zeleny sal
11.05.2017 16:21,11.05.2017,Gravid joga,18:30,19:30,8,20,Karolina Chudobova,zdravotni,Joga zeleny sal
11.05.2017 17:04,11.05.2017,Gravid joga,18:30,19:30,9,20,Karolina Chudobova,zdravotni,Joga zeleny sal
11.05.2017 17:50,11.05.2017,Gravid joga,18:30,19:30,10,20,Karolina Chudobova,zdravotni,Joga zeleny sal
11.05.2017 18:16,11.05.2017,Gravid joga,18:30,19:30,11,20,Karolina Chudobova,zdravotni,Joga zeleny sal
11.05.2017 18:24,11.05.2017,Gravid joga,18:30,19:30,12,20,Karolina Chudobova,zdravotni,Joga zeleny sal
07.05.2017 17:12,11.05.2017,Jemna joga,19:35,20:35,3,20,Karolina Chudobova,klidna protahovaci,Joga zeleny sal
09.05.2017 00:22,11.05.2017,Jemna joga,19:35,20:35,4,20,Karolina Chudobova,klidna protahovaci,Joga zeleny sal
09.05.2017 08:54,11.05.2017,Jemna joga,19:35,20:35,5,20,Karolina Chudobova,klidna protahovaci,Joga zeleny sal
09.05.2017 13:32,11.05.2017,Jemna joga,19:35,20:35,6,20,Karolina Chudobova,klidna protahovaci,Joga zeleny sal
09.05.2017 21:04,11.05.2017,Jemna joga,19:35,20:35,7,20,Karolina Chudobova,klidna protahovaci,Joga zeleny sal
09.05.2017 21:06,11.05.2017,Jemna joga,19:35,20:35,8,20,Karolina Chudobova,klidna protahovaci,Joga zeleny sal
10.05.2017 12:52,11.05.2017,Jemna joga,19:35,20:35,9,20,Karolina Chudobova,klidna protahovaci,Joga zeleny sal
10.05.2017 21:06,11.05.2017,Jemna joga,19:35,20:35,10,20,Karolina Chudobova,klidna protahovaci,Joga zeleny sal
10.05.2017 21:54,11.05.2017,Jemna joga,19:35,20:35,11,20,Karolina Chudobova,klidna protahovaci,Joga zeleny sal
11.05.2017 05:44,11.05.2017,Jemna joga,19:35,20:35,12,20,Karolina Chudobova,klidna protahovaci,Joga zeleny sal
11.05.2017 09:42,11.05.2017,Jemna joga,19:35,20:35,13,20,Karolina Chudobova,klidna protahovaci,Joga zeleny sal
11.05.2017 18:41,11.05.2017,Jemna joga,19:35,20:35,14,20,Karolina Chudobova,klidna protahovaci,Joga zeleny sal
11.05.2017 19:11,11.05.2017,Jemna joga,19:35,20:35,15,20,Karolina Chudobova,klidna protahovaci,Joga zeleny sal
11.05.2017 19:12,11.05.2017,Jemna joga,19:35,20:35,16,20,Karolina Chudobova,klidna protahovaci,Joga zeleny sal
07.05.2017 17:12,11.05.2017,Hot joga,19:45,21:15,0,30,Andrea Hraskova,klidna protahovaci,Hot-joga
09.05.2017 12:33,11.05.2017,Hot joga,19:45,21:15,1,30,Andrea Hraskova,klidna protahovaci,Hot-joga
09.05.2017 19:15,11.05.2017,Hot joga,19:45,21:15,2,30,Andrea Hraskova,klidna protahovaci,Hot-joga
11.05.2017 07:59,11.05.2017,Hot joga,19:45,21:15,3,30,Andrea Hraskova,klidna protahovaci,Hot-joga
11.05.2017 14:57,11.05.2017,Hot joga,19:45,21:15,4,30,Andrea Hraskova,klidna protahovaci,Hot-joga
11.05.2017 18:27,11.05.2017,Hot joga,19:45,21:15,5,30,Andrea Hraskova,klidna protahovaci,Hot-joga
11.05.2017 21:42,11.05.2017,Hot joga,19:45,21:15,6,30,Andrea Hraskova,klidna protahovaci,Hot-joga
07.05.2017 17:12,11.05.2017,Powerjoga,7:00,8:00,6,20,Alexandra Mandova,dynamicka posilovaci,Joga zeleny sal
08.05.2017 21:04,11.05.2017,Powerjoga,7:00,8:00,7,20,Alexandra Mandova,dynamicka posilovaci,Joga zeleny sal
08.05.2017 21:10,11.05.2017,Powerjoga,7:00,8:00,8,20,Alexandra Mandova,dynamicka posilovaci,Joga zeleny sal
10.05.2017 16:33,11.05.2017,Powerjoga,7:00,8:00,9,20,Alexandra Mandova,dynamicka posilovaci,Joga zeleny sal
10.05.2017 20:41,11.05.2017,Powerjoga,7:00,8:00,10,20,Alexandra Mandova,dynamicka posilovaci,Joga zeleny sal
10.05.2017 21:43,11.05.2017,Powerjoga,7:00,8:00,11,20,Alexandra Mandova,dynamicka posilovaci,Joga zeleny sal
10.05.2017 21:48,11.05.2017,Powerjoga,7:00,8:00,12,20,Alexandra Mandova,dynamicka posilovaci,Joga zeleny sal
10.05.2017 22:35,11.05.2017,Powerjoga,7:00,8:00,13,20,Alexandra Mandova,dynamicka posilovaci,Joga zeleny sal
11.05.2017 00:14,11.05.2017,Powerjoga,7:00,8:00,14,20,Alexandra Mandova,dynamicka posilovaci,Joga zeleny sal
07.05.2017 17:12,11.05.2017,Jemna joga,8:00,9:00,0,30,Blanka Lorencova,zacatecnici,Joga modry sal
10.05.2017 16:51,11.05.2017,Jemna joga,8:00,9:00,1,30,Blanka Lorencova,zacatecnici,Joga modry sal
10.05.2017 22:25,11.05.2017,Jemna joga,8:00,9:00,2,30,Blanka Lorencova,zacatecnici,Joga modry sal
11.05.2017 07:07,11.05.2017,Jemna joga,8:00,9:00,3,30,Blanka Lorencova,zacatecnici,Joga modry sal
07.05.2017 17:12,11.05.2017,Hatha joga - vhodna i pro zacatecniky,8:05,8:50,2,20,Alexandra Mandova,klidna protahovaci,Joga zeleny sal
08.05.2017 01:13,11.05.2017,Hatha joga - vhodna i pro zacatecniky,8:05,8:50,3,20,Alexandra Mandova,klidna protahovaci,Joga zeleny sal
08.05.2017 03:03,11.05.2017,Hatha joga - vhodna i pro zacatecniky,8:05,8:50,4,20,Alexandra Mandova,klidna protahovaci,Joga zeleny sal
08.05.2017 16:33,11.05.2017,Hatha joga - vhodna i pro zacatecniky,8:05,8:50,5,20,Alexandra Mandova,klidna protahovaci,Joga zeleny sal
11.05.2017 07:57,11.05.2017,Hatha joga - vhodna i pro zacatecniky,8:05,8:50,6,20,Alexandra Mandova,klidna protahovaci,Joga zeleny sal
07.05.2017 17:12,11.05.2017,Zdrava zada,9:05,10:05,1,30,Blanka Lorencova,zdravotni,Joga modry sal
10.05.2017 09:45,11.05.2017,Zdrava zada,9:05,10:05,2,30,Blanka Lorencova,zdravotni,Joga modry sal
10.05.2017 16:52,11.05.2017,Zdrava zada,9:05,10:05,3,30,Blanka Lorencova,zdravotni,Joga modry sal
10.05.2017 22:24,11.05.2017,Zdrava zada,9:05,10:05,4,30,Blanka Lorencova,zdravotni,Joga modry sal
10.05.2017 22:59,11.05.2017,Zdrava zada,9:05,10:05,5,30,Blanka Lorencova,zdravotni,Joga modry sal
10.05.2017 23:06,11.05.2017,Zdrava zada,9:05,10:05,6,30,Blanka Lorencova,zdravotni,Joga modry sal
11.05.2017 07:07,11.05.2017,Zdrava zada,9:05,10:05,7,30,Blanka Lorencova,zdravotni,Joga modry sal
11.05.2017 07:41,11.05.2017,Zdrava zada,9:05,10:05,8,30,Blanka Lorencova,zdravotni,Joga modry sal
11.05.2017 08:24,11.05.2017,Zdrava zada,9:05,10:05,9,30,Blanka Lorencova,zdravotni,Joga modry sal
11.05.2017 08:32,11.05.2017,Zdrava zada,9:05,10:05,10,30,Blanka Lorencova,zdravotni,Joga modry sal
11.05.2017 08:40,11.05.2017,Zdrava zada,9:05,10:05,11,30,Blanka Lorencova,zdravotni,Joga modry sal
11.05.2017 08:45,11.05.2017,Zdrava zada,9:05,10:05,12,30,Blanka Lorencova,zdravotni,Joga modry sal
11.05.2017 08:59,11.05.2017,Zdrava zada,9:05,10:05,13,30,Blanka Lorencova,zdravotni,Joga modry sal
11.05.2017 09:04,11.05.2017,Zdrava zada,9:05,10:05,14,30,Blanka Lorencova,zdravotni,Joga modry sal
07.05.2017 17:12,12.05.2017,Hot joga,10:00,11:00,0,30,Vera Vojtechova,zacatecnici,Hot-joga
08.05.2017 20:50,12.05.2017,Hot joga,10:00,11:00,1,30,Vera Vojtechova,zacatecnici,Hot-joga
11.05.2017 14:54,12.05.2017,Hot joga,10:00,11:00,2,30,Vera Vojtechova,zacatecnici,Hot-joga
11.05.2017 23:26,12.05.2017,Hot joga,10:00,11:00,3,30,Vera Vojtechova,zacatecnici,Hot-joga
07.05.2017 17:12,12.05.2017,Joga pro zdrava zada - vhodna pro zacatecniky,10:15,11:15,0,20,Silvie Cifrincova,zdravotni,Joga zeleny sal
11.05.2017 12:32,12.05.2017,Joga pro zdrava zada - vhodna pro zacatecniky,10:15,11:15,1,20,Silvie Cifrincova,zdravotni,Joga zeleny sal
07.05.2017 17:12,12.05.2017,Jogova terapie - sal je mirne vyhraty,11:15,12:15,6,20,Vera Vojtechova,zdravotni,Joga modry sal
09.05.2017 11:06,12.05.2017,Jogova terapie - sal je mirne vyhraty,11:15,12:15,7,20,Vera Vojtechova,zdravotni,Joga modry sal
09.05.2017 16:24,12.05.2017,Jogova terapie - sal je mirne vyhraty,11:15,12:15,8,20,Vera Vojtechova,zdravotni,Joga modry sal
10.05.2017 19:03,12.05.2017,Jogova terapie - sal je mirne vyhraty,11:15,12:15,9,20,Vera Vojtechova,zdravotni,Joga modry sal
10.05.2017 19:26,12.05.2017,Jogova terapie - sal je mirne vyhraty,11:15,12:15,10,20,Vera Vojtechova,zdravotni,Joga modry sal
10.05.2017 22:56,12.05.2017,Jogova terapie - sal je mirne vyhraty,11:15,12:15,11,20,Vera Vojtechova,zdravotni,Joga modry sal
12.05.2017 11:10,12.05.2017,Jogova terapie - sal je mirne vyhraty,11:15,12:15,12,20,Vera Vojtechova,zdravotni,Joga modry sal
12.05.2017 11:28,12.05.2017,Jogova terapie - sal je mirne vyhraty,11:15,12:15,13,20,Vera Vojtechova,zdravotni,Joga modry sal
07.05.2017 17:12,12.05.2017,Powerjoga,11:25,12:10,2,20,Tomas  Helbig,zacatecnici,Joga zeleny sal
11.05.2017 15:56,12.05.2017,Powerjoga,11:25,12:10,3,20,Tomas  Helbig,zacatecnici,Joga zeleny sal
12.05.2017 09:08,12.05.2017,Powerjoga,11:25,12:10,4,20,Tomas  Helbig,zacatecnici,Joga zeleny sal
12.05.2017 11:13,12.05.2017,Powerjoga,11:25,12:10,5,20,Tomas  Helbig,zacatecnici,Joga zeleny sal
12.05.2017 11:18,12.05.2017,Powerjoga,11:25,12:10,6,20,Tomas  Helbig,zacatecnici,Joga zeleny sal
12.05.2017 11:21,12.05.2017,Powerjoga,11:25,12:10,7,20,Tomas  Helbig,zacatecnici,Joga zeleny sal
07.05.2017 17:12,12.05.2017,Powerjoga,12:15,13:00,2,20,Tomas  Helbig,dynamicka posilovaci,Joga zeleny sal
09.05.2017 12:01,12.05.2017,Powerjoga,12:15,13:00,3,20,Tomas  Helbig,dynamicka posilovaci,Joga zeleny sal
12.05.2017 10:49,12.05.2017,Powerjoga,12:15,13:00,4,20,Tomas  Helbig,dynamicka posilovaci,Joga zeleny sal
12.05.2017 11:07,12.05.2017,Powerjoga,12:15,13:00,5,20,Tomas  Helbig,dynamicka posilovaci,Joga zeleny sal
12.05.2017 11:17,12.05.2017,Powerjoga,12:15,13:00,6,20,Tomas  Helbig,dynamicka posilovaci,Joga zeleny sal
12.05.2017 11:37,12.05.2017,Powerjoga,12:15,13:00,7,20,Tomas  Helbig,dynamicka posilovaci,Joga zeleny sal
12.05.2017 11:44,12.05.2017,Powerjoga,12:15,13:00,8,20,Tomas  Helbig,dynamicka posilovaci,Joga zeleny sal
07.05.2017 17:12,12.05.2017,Hatha joga,14:10,15:10,0,20,Sandra Justova,zacatecnici,Joga zeleny sal
12.05.2017 06:29,12.05.2017,Hatha joga,14:10,15:10,1,20,Sandra Justova,zacatecnici,Joga zeleny sal
12.05.2017 08:46,12.05.2017,Hatha joga,14:10,15:10,2,20,Sandra Justova,zacatecnici,Joga zeleny sal
12.05.2017 09:30,12.05.2017,Hatha joga,14:10,15:10,3,20,Sandra Justova,zacatecnici,Joga zeleny sal
12.05.2017 13:40,12.05.2017,Hatha joga,14:10,15:10,4,20,Sandra Justova,zacatecnici,Joga zeleny sal
07.05.2017 17:12,12.05.2017,Joga pro zdrava zada,15:15,16:15,2,20,Katerina  Kornova,zdravotni,Joga zeleny sal
08.05.2017 05:20,12.05.2017,Joga pro zdrava zada,15:15,16:15,3,20,Katerina  Kornova,zdravotni,Joga zeleny sal
09.05.2017 07:31,12.05.2017,Joga pro zdrava zada,15:15,16:15,4,20,Katerina  Kornova,zdravotni,Joga zeleny sal
12.05.2017 15:33,12.05.2017,Joga pro zdrava zada,15:15,16:15,5,20,Katerina  Kornova,zdravotni,Joga zeleny sal
07.05.2017 17:12,12.05.2017,Jemna joga,16:20,17:20,2,20,Katerina  Kornova,klidna protahovaci,Joga zeleny sal
09.05.2017 20:30,12.05.2017,Jemna joga,16:20,17:20,3,20,Katerina  Kornova,klidna protahovaci,Joga zeleny sal
07.05.2017 17:12,12.05.2017,Powerjoga,17:25,18:25,0,20,Hana Hruskova CJ / EN,dynamicka posilovaci,Joga zeleny sal
08.05.2017 19:08,12.05.2017,Powerjoga,17:25,18:25,1,20,Hana Hruskova CJ / EN,dynamicka posilovaci,Joga zeleny sal
11.05.2017 08:25,12.05.2017,Powerjoga,17:25,18:25,2,20,Hana Hruskova CJ / EN,dynamicka posilovaci,Joga zeleny sal
11.05.2017 23:37,12.05.2017,Powerjoga,17:25,18:25,3,20,Hana Hruskova CJ / EN,dynamicka posilovaci,Joga zeleny sal
07.05.2017 17:12,12.05.2017,Ashtanga joga - vhodna i pro zacatecniky,18:30,20:00,3,20,Hana Hruskova CJ / EN,zacatecnici,Joga zeleny sal
11.05.2017 11:51,12.05.2017,Ashtanga joga - vhodna i pro zacatecniky,18:30,20:00,4,20,Hana Hruskova CJ / EN,zacatecnici,Joga zeleny sal
11.05.2017 21:50,12.05.2017,Ashtanga joga - vhodna i pro zacatecniky,18:30,20:00,5,20,Hana Hruskova CJ / EN,zacatecnici,Joga zeleny sal
12.05.2017 08:27,12.05.2017,Ashtanga joga - vhodna i pro zacatecniky,18:30,20:00,6,20,Hana Hruskova CJ / EN,zacatecnici,Joga zeleny sal
12.05.2017 11:20,12.05.2017,Ashtanga joga - vhodna i pro zacatecniky,18:30,20:00,7,20,Hana Hruskova CJ / EN,zacatecnici,Joga zeleny sal
12.05.2017 13:26,12.05.2017,Ashtanga joga - vhodna i pro zacatecniky,18:30,20:00,8,20,Hana Hruskova CJ / EN,zacatecnici,Joga zeleny sal
12.05.2017 18:17,12.05.2017,Ashtanga joga - vhodna i pro zacatecniky,18:30,20:00,9,20,Hana Hruskova CJ / EN,zacatecnici,Joga zeleny sal
12.05.2017 18:31,12.05.2017,Ashtanga joga - vhodna i pro zacatecniky,18:30,20:00,10,20,Hana Hruskova CJ / EN,zacatecnici,Joga zeleny sal
07.05.2017 17:12,12.05.2017,Hatha joga,7:00,8:00,2,20,Alexandra Mandova,zacatecnici,Joga zeleny sal
08.05.2017 03:04,12.05.2017,Hatha joga,7:00,8:00,3,20,Alexandra Mandova,zacatecnici,Joga zeleny sal
09.05.2017 16:02,12.05.2017,Hatha joga,7:00,8:00,5,20,Alexandra Mandova,zacatecnici,Joga zeleny sal
09.05.2017 21:55,12.05.2017,Hatha joga,7:00,8:00,6,20,Alexandra Mandova,zacatecnici,Joga zeleny sal
09.05.2017 22:25,12.05.2017,Hatha joga,7:00,8:00,7,20,Alexandra Mandova,zacatecnici,Joga zeleny sal
10.05.2017 14:18,12.05.2017,Hatha joga,7:00,8:00,8,20,Alexandra Mandova,zacatecnici,Joga zeleny sal
10.05.2017 14:25,12.05.2017,Hatha joga,7:00,8:00,9,20,Alexandra Mandova,zacatecnici,Joga zeleny sal
10.05.2017 16:33,12.05.2017,Hatha joga,7:00,8:00,10,20,Alexandra Mandova,zacatecnici,Joga zeleny sal
10.05.2017 17:39,12.05.2017,Hatha joga,7:00,8:00,11,20,Alexandra Mandova,zacatecnici,Joga zeleny sal
11.05.2017 16:17,12.05.2017,Hatha joga,7:00,8:00,12,20,Alexandra Mandova,zacatecnici,Joga zeleny sal
11.05.2017 19:22,12.05.2017,Hatha joga,7:00,8:00,13,20,Alexandra Mandova,zacatecnici,Joga zeleny sal
11.05.2017 19:37,12.05.2017,Hatha joga,7:00,8:00,14,20,Alexandra Mandova,zacatecnici,Joga zeleny sal
07.05.2017 17:12,12.05.2017,Jemna joga,8:05,8:50,1,20,Alexandra Mandova,klidna protahovaci,Joga zeleny sal
11.05.2017 07:06,12.05.2017,Jemna joga,8:05,8:50,2,20,Alexandra Mandova,klidna protahovaci,Joga zeleny sal
07.05.2017 17:12,12.05.2017,Powerjoga,9:10,10:10,1,20,Silvie Cifrincova,dynamicka posilovaci,Joga zeleny sal
11.05.2017 09:18,12.05.2017,Powerjoga,9:10,10:10,2,20,Silvie Cifrincova,dynamicka posilovaci,Joga zeleny sal
11.05.2017 10:05,12.05.2017,Powerjoga,9:10,10:10,3,20,Silvie Cifrincova,dynamicka posilovaci,Joga zeleny sal
07.05.2017 17:12,13.05.2017,Powerjoga,10:20,11:20,1,20,Martina Dvorakova,dynamicka posilovaci,Joga zeleny sal
11.05.2017 23:37,13.05.2017,Powerjoga,10:20,11:20,0,20,Martina Dvorakova,dynamicka posilovaci,Joga zeleny sal
12.05.2017 23:21,13.05.2017,Powerjoga,10:20,11:20,2,20,Martina Dvorakova,dynamicka posilovaci,Joga zeleny sal
13.05.2017 09:39,13.05.2017,Powerjoga,10:20,11:20,3,20,Martina Dvorakova,dynamicka posilovaci,Joga zeleny sal
13.05.2017 10:18,13.05.2017,Powerjoga,10:20,11:20,5,20,Martina Dvorakova,dynamicka posilovaci,Joga zeleny sal
07.05.2017 17:12,13.05.2017,Hatha joga,11:30,13:00,0,20,Martina Koralova,zacatecnici,Joga zeleny sal
09.05.2017 15:50,13.05.2017,Hatha joga,11:30,13:00,1,20,Martina Koralova,zacatecnici,Joga zeleny sal
10.05.2017 13:29,13.05.2017,Hatha joga,11:30,13:00,2,20,Martina Koralova,zacatecnici,Joga zeleny sal
10.05.2017 21:50,13.05.2017,Hatha joga,11:30,13:00,3,20,Martina Koralova,zacatecnici,Joga zeleny sal
11.05.2017 14:17,13.05.2017,Hatha joga,11:30,13:00,4,20,Martina Koralova,zacatecnici,Joga zeleny sal
13.05.2017 08:25,13.05.2017,Hatha joga,11:30,13:00,5,20,Martina Koralova,zacatecnici,Joga zeleny sal
13.05.2017 08:49,13.05.2017,Hatha joga,11:30,13:00,6,20,Martina Koralova,zacatecnici,Joga zeleny sal
13.05.2017 09:48,13.05.2017,Hatha joga,11:30,13:00,7,20,Martina Koralova,zacatecnici,Joga zeleny sal
13.05.2017 10:44,13.05.2017,Hatha joga,11:30,13:00,8,20,Martina Koralova,zacatecnici,Joga zeleny sal
13.05.2017 11:12,13.05.2017,Hatha joga,11:30,13:00,9,20,Martina Koralova,zacatecnici,Joga zeleny sal
07.05.2017 17:12,13.05.2017,Zaciname s jogou - Kurz zakladu vinyasy,13:05,14:35,6,20,Martina Koralova,,Joga zeleny sal
13.05.2017 12:48,13.05.2017,Zaciname s jogou - Kurz zakladu vinyasy,13:05,14:35,0,20,Martina Koralova,,Joga zeleny sal
13.05.2017 14:01,13.05.2017,Zaciname s jogou - Kurz zakladu vinyasy,13:05,14:35,7,20,Martina Koralova,,Joga zeleny sal
07.05.2017 17:12,13.05.2017,Powerjoga,15:50,16:50,1,20,Veronika  Brozova CJ / EN,dynamicka posilovaci,Joga zeleny sal
11.05.2017 13:23,13.05.2017,Powerjoga,15:50,16:50,2,20,Veronika  Brozova CJ / EN,dynamicka posilovaci,Joga zeleny sal
13.05.2017 09:32,13.05.2017,Powerjoga,15:50,16:50,3,20,Veronika  Brozova CJ / EN,dynamicka posilovaci,Joga zeleny sal
13.05.2017 09:49,13.05.2017,Powerjoga,15:50,16:50,4,20,Veronika  Brozova CJ / EN,dynamicka posilovaci,Joga zeleny sal
13.05.2017 10:12,13.05.2017,Powerjoga,15:50,16:50,5,20,Veronika  Brozova CJ / EN,dynamicka posilovaci,Joga zeleny sal
13.05.2017 14:12,13.05.2017,Powerjoga,15:50,16:50,6,20,Veronika  Brozova CJ / EN,dynamicka posilovaci,Joga zeleny sal
07.05.2017 17:12,13.05.2017,Jemna joga,17:00,18:30,0,20,Veronika  Brozova CJ / EN,klidna protahovaci,Joga zeleny sal
12.05.2017 18:30,13.05.2017,Jemna joga,17:00,18:30,1,20,Veronika  Brozova CJ / EN,klidna protahovaci,Joga zeleny sal
13.05.2017 11:36,13.05.2017,Jemna joga,17:00,18:30,3,20,Veronika  Brozova CJ / EN,klidna protahovaci,Joga zeleny sal
13.05.2017 12:36,13.05.2017,Jemna joga,17:00,18:30,4,20,Veronika  Brozova CJ / EN,klidna protahovaci,Joga zeleny sal
13.05.2017 14:23,13.05.2017,Jemna joga,17:00,18:30,5,20,Veronika  Brozova CJ / EN,klidna protahovaci,Joga zeleny sal
13.05.2017 14:42,13.05.2017,Jemna joga,17:00,18:30,6,20,Veronika  Brozova CJ / EN,klidna protahovaci,Joga zeleny sal
13.05.2017 15:30,13.05.2017,Jemna joga,17:00,18:30,7,20,Veronika  Brozova CJ / EN,klidna protahovaci,Joga zeleny sal
13.05.2017 16:32,13.05.2017,Jemna joga,17:00,18:30,8,20,Veronika  Brozova CJ / EN,klidna protahovaci,Joga zeleny sal
07.05.2017 17:12,13.05.2017,Hatha joga,9:15,10:15,3,20,Martina Dvorakova,klidna protahovaci,Joga zeleny sal
12.05.2017 08:34,13.05.2017,Hatha joga,9:15,10:15,4,20,Martina Dvorakova,klidna protahovaci,Joga zeleny sal
12.05.2017 21:37,13.05.2017,Hatha joga,9:15,10:15,5,20,Martina Dvorakova,klidna protahovaci,Joga zeleny sal
13.05.2017 09:11,13.05.2017,Hatha joga,9:15,10:15,7,20,Martina Dvorakova,klidna protahovaci,Joga zeleny sal
13.05.2017 09:12,13.05.2017,Hatha joga,9:15,10:15,8,20,Martina Dvorakova,klidna protahovaci,Joga zeleny sal
07.05.2017 17:12,14.05.2017,Masterclass pro mirne a stredne pokrocile: Pozdrav slunci,13:00,15:45,7,20,Marketa Makovska CJ / EN,dynamicka posilovaci,Joga zeleny sal
08.05.2017 20:59,14.05.2017,Masterclass pro mirne a stredne pokrocile: Pozdrav slunci,13:00,15:45,8,20,Marketa Makovska CJ / EN,dynamicka posilovaci,Joga zeleny sal
09.05.2017 08:53,14.05.2017,Masterclass pro mirne a stredne pokrocile: Pozdrav slunci,13:00,15:45,9,20,Marketa Makovska CJ / EN,dynamicka posilovaci,Joga zeleny sal
13.05.2017 11:36,14.05.2017,Masterclass pro mirne a stredne pokrocile: Pozdrav slunci,13:00,15:45,6,20,Marketa Makovska CJ / EN,dynamicka posilovaci,Joga zeleny sal
07.05.2017 17:12,14.05.2017,Joga pro zdrava zada,16:05,17:05,1,20,Tomas  Helbig,zdravotni,Joga zeleny sal
11.05.2017 23:38,14.05.2017,Joga pro zdrava zada,16:05,17:05,2,20,Tomas  Helbig,zdravotni,Joga zeleny sal
07.05.2017 17:12,14.05.2017,Hatha joga,17:10,18:10,0,20,Tomas  Helbig,klidna protahovaci,Joga zeleny sal
12.05.2017 13:25,14.05.2017,Hatha joga,17:10,18:10,1,20,Tomas  Helbig,klidna protahovaci,Joga zeleny sal
13.05.2017 12:39,14.05.2017,Hatha joga,17:10,18:10,2,20,Tomas  Helbig,klidna protahovaci,Joga zeleny sal
13.05.2017 21:58,14.05.2017,Hatha joga,17:10,18:10,3,20,Tomas  Helbig,klidna protahovaci,Joga zeleny sal
14.05.2017 12:14,14.05.2017,Hatha joga,17:10,18:10,4,20,Tomas  Helbig,klidna protahovaci,Joga zeleny sal
14.05.2017 13:11,14.05.2017,Hatha joga,17:10,18:10,5,20,Tomas  Helbig,klidna protahovaci,Joga zeleny sal
14.05.2017 16:14,14.05.2017,Hatha joga,17:10,18:10,6,20,Tomas  Helbig,klidna protahovaci,Joga zeleny sal
14.05.2017 16:56,14.05.2017,Hatha joga,17:10,18:10,7,20,Tomas  Helbig,klidna protahovaci,Joga zeleny sal
14.05.2017 17:07,14.05.2017,Hatha joga,17:10,18:10,8,20,Tomas  Helbig,klidna protahovaci,Joga zeleny sal
07.05.2017 17:12,14.05.2017,Hot joga,18:00,19:30,5,30,Alexandra Mandova,zacatecnici,Hot-joga
08.05.2017 22:12,14.05.2017,Hot joga,18:00,19:30,4,30,Alexandra Mandova,zacatecnici,Hot-joga
09.05.2017 17:31,14.05.2017,Hot joga,18:00,19:30,6,30,Alexandra Mandova,zacatecnici,Hot-joga
09.05.2017 20:08,14.05.2017,Hot joga,18:00,19:30,7,30,Alexandra Mandova,zacatecnici,Hot-joga
10.05.2017 13:52,14.05.2017,Hot joga,18:00,19:30,8,30,Alexandra Mandova,zacatecnici,Hot-joga
10.05.2017 13:53,14.05.2017,Hot joga,18:00,19:30,9,30,Alexandra Mandova,zacatecnici,Hot-joga
11.05.2017 09:35,14.05.2017,Hot joga,18:00,19:30,10,30,Alexandra Mandova,zacatecnici,Hot-joga
12.05.2017 09:00,14.05.2017,Hot joga,18:00,19:30,11,30,Alexandra Mandova,zacatecnici,Hot-joga
12.05.2017 09:43,14.05.2017,Hot joga,18:00,19:30,12,30,Alexandra Mandova,zacatecnici,Hot-joga
12.05.2017 10:27,14.05.2017,Hot joga,18:00,19:30,13,30,Alexandra Mandova,zacatecnici,Hot-joga
12.05.2017 14:32,14.05.2017,Hot joga,18:00,19:30,14,30,Alexandra Mandova,zacatecnici,Hot-joga
12.05.2017 15:49,14.05.2017,Hot joga,18:00,19:30,15,30,Alexandra Mandova,zacatecnici,Hot-joga
12.05.2017 20:57,14.05.2017,Hot joga,18:00,19:30,16,30,Alexandra Mandova,zacatecnici,Hot-joga
12.05.2017 21:39,14.05.2017,Hot joga,18:00,19:30,17,30,Alexandra Mandova,zacatecnici,Hot-joga
13.05.2017 11:11,14.05.2017,Hot joga,18:00,19:30,18,30,Alexandra Mandova,zacatecnici,Hot-joga
13.05.2017 11:37,14.05.2017,Hot joga,18:00,19:30,19,30,Alexandra Mandova,zacatecnici,Hot-joga
13.05.2017 18:03,14.05.2017,Hot joga,18:00,19:30,20,30,Alexandra Mandova,zacatecnici,Hot-joga
13.05.2017 20:12,14.05.2017,Hot joga,18:00,19:30,21,30,Alexandra Mandova,zacatecnici,Hot-joga
07.05.2017 17:12,14.05.2017,Powerjoga - vhodna i pro zacatecniky,18:15,19:45,20,20,Petra Tomkova,dynamicka posilovaci,Joga zeleny sal
11.05.2017 21:50,14.05.2017,Powerjoga - vhodna i pro zacatecniky,18:15,19:45,19,20,Petra Tomkova,dynamicka posilovaci,Joga zeleny sal
07.05.2017 17:12,14.05.2017,Hot joga,19:45,20:45,0,30,Alexandra Mandova,dynamicka posilovaci,Hot-joga
09.05.2017 11:49,14.05.2017,Hot joga,19:45,20:45,1,30,Alexandra Mandova,dynamicka posilovaci,Hot-joga
13.05.2017 08:09,14.05.2017,Hot joga,19:45,20:45,2,30,Alexandra Mandova,dynamicka posilovaci,Hot-joga
13.05.2017 14:41,14.05.2017,Hot joga,19:45,20:45,3,30,Alexandra Mandova,dynamicka posilovaci,Hot-joga
14.05.2017 00:21,14.05.2017,Hot joga,19:45,20:45,4,30,Alexandra Mandova,dynamicka posilovaci,Hot-joga
14.05.2017 07:42,14.05.2017,Hot joga,19:45,20:45,5,30,Alexandra Mandova,dynamicka posilovaci,Hot-joga
14.05.2017 08:46,14.05.2017,Hot joga,19:45,20:45,6,30,Alexandra Mandova,dynamicka posilovaci,Hot-joga
14.05.2017 12:19,14.05.2017,Hot joga,19:45,20:45,7,30,Alexandra Mandova,dynamicka posilovaci,Hot-joga
14.05.2017 14:30,14.05.2017,Hot joga,19:45,20:45,8,30,Alexandra Mandova,dynamicka posilovaci,Hot-joga
07.05.2017 17:12,14.05.2017,Intenzivni kurz jogy - uzavreny kurz,20:05,21:35,0,0,Katka  Prymkova  CJ / EN,,Joga zeleny sal
14.05.2017 23:59,15.05.2017,Joga pro zdrava zada - vhodna pro zacatecniky,10:15,11:15,0,20,Silvie Cifrincova,zdravotni,Joga zeleny sal
14.05.2017 23:59,15.05.2017,Power joga,11:25,12:10,1,20,Tomas  Helbig,dynamicka posilovaci,Joga zeleny sal
15.05.2017 09:08,15.05.2017,Power joga,11:25,12:10,2,20,Tomas  Helbig,dynamicka posilovaci,Joga zeleny sal
15.05.2017 09:41,15.05.2017,Power joga,11:25,12:10,3,20,Tomas  Helbig,dynamicka posilovaci,Joga zeleny sal
15.05.2017 09:50,15.05.2017,Power joga,11:25,12:10,4,20,Tomas  Helbig,dynamicka posilovaci,Joga zeleny sal
15.05.2017 09:56,15.05.2017,Power joga,11:25,12:10,5,20,Tomas  Helbig,dynamicka posilovaci,Joga zeleny sal
15.05.2017 10:07,15.05.2017,Power joga,11:25,12:10,6,20,Tomas  Helbig,dynamicka posilovaci,Joga zeleny sal
15.05.2017 10:10,15.05.2017,Power joga,11:25,12:10,7,20,Tomas  Helbig,dynamicka posilovaci,Joga zeleny sal
15.05.2017 10:12,15.05.2017,Power joga,11:25,12:10,8,20,Tomas  Helbig,dynamicka posilovaci,Joga zeleny sal
15.05.2017 11:06,15.05.2017,Power joga,11:25,12:10,10,20,Tomas  Helbig,dynamicka posilovaci,Joga zeleny sal
15.05.2017 11:17,15.05.2017,Power joga,11:25,12:10,11,20,Tomas  Helbig,dynamicka posilovaci,Joga zeleny sal
15.05.2017 11:19,15.05.2017,Power joga,11:25,12:10,12,20,Tomas  Helbig,dynamicka posilovaci,Joga zeleny sal
14.05.2017 23:59,15.05.2017,Hatha joga - sal je mirne vyhraty,11:30,12:30,1,30,Alexandra Mandova,klidna protahovaci,Joga modry sal
15.05.2017 06:46,15.05.2017,Hatha joga - sal je mirne vyhraty,11:30,12:30,2,30,Alexandra Mandova,klidna protahovaci,Joga modry sal
15.05.2017 10:04,15.05.2017,Hatha joga - sal je mirne vyhraty,11:30,12:30,3,30,Alexandra Mandova,klidna protahovaci,Joga modry sal
14.05.2017 23:59,15.05.2017,Powerjoga,12:15,13:00,0,20,Tomas  Helbig,zacatecnici,Joga zeleny sal
15.05.2017 10:10,15.05.2017,Powerjoga,12:15,13:00,1,20,Tomas  Helbig,zacatecnici,Joga zeleny sal
15.05.2017 11:02,15.05.2017,Powerjoga,12:15,13:00,2,20,Tomas  Helbig,zacatecnici,Joga zeleny sal
15.05.2017 11:07,15.05.2017,Powerjoga,12:15,13:00,3,20,Tomas  Helbig,zacatecnici,Joga zeleny sal
15.05.2017 11:33,15.05.2017,Powerjoga,12:15,13:00,4,20,Tomas  Helbig,zacatecnici,Joga zeleny sal
15.05.2017 11:45,15.05.2017,Powerjoga,12:15,13:00,5,20,Tomas  Helbig,zacatecnici,Joga zeleny sal
15.05.2017 12:06,15.05.2017,Powerjoga,12:15,13:00,6,20,Tomas  Helbig,zacatecnici,Joga zeleny sal
15.05.2017 12:07,15.05.2017,Powerjoga,12:15,13:00,8,20,Tomas  Helbig,zacatecnici,Joga zeleny sal
15.05.2017 12:08,15.05.2017,Powerjoga,12:15,13:00,9,20,Tomas  Helbig,zacatecnici,Joga zeleny sal
15.05.2017 12:16,15.05.2017,Powerjoga,12:15,13:00,10,20,Tomas  Helbig,zacatecnici,Joga zeleny sal
14.05.2017 23:59,15.05.2017,Jemna joga,15:05,16:05,5,20,Vera Vojtechova,klidna protahovaci,Joga zeleny sal
15.05.2017 10:01,15.05.2017,Jemna joga,15:05,16:05,6,20,Vera Vojtechova,klidna protahovaci,Joga zeleny sal
15.05.2017 12:08,15.05.2017,Jemna joga,15:05,16:05,7,20,Vera Vojtechova,klidna protahovaci,Joga zeleny sal
15.05.2017 12:42,15.05.2017,Jemna joga,15:05,16:05,8,20,Vera Vojtechova,klidna protahovaci,Joga zeleny sal
14.05.2017 23:59,15.05.2017,Joga pro zdrava zada - vhodna pro zacatecniky,16:10,17:10,10,20,Vera Vojtechova,zdravotni,Joga zeleny sal
15.05.2017 05:31,15.05.2017,Joga pro zdrava zada - vhodna pro zacatecniky,16:10,17:10,9,20,Vera Vojtechova,zdravotni,Joga zeleny sal
15.05.2017 10:27,15.05.2017,Joga pro zdrava zada - vhodna pro zacatecniky,16:10,17:10,11,20,Vera Vojtechova,zdravotni,Joga zeleny sal
15.05.2017 10:43,15.05.2017,Joga pro zdrava zada - vhodna pro zacatecniky,16:10,17:10,12,20,Vera Vojtechova,zdravotni,Joga zeleny sal
15.05.2017 16:11,15.05.2017,Joga pro zdrava zada - vhodna pro zacatecniky,16:10,17:10,13,20,Vera Vojtechova,zdravotni,Joga zeleny sal
14.05.2017 23:59,15.05.2017,Hot joga,16:40,17:40,1,30,Veronika  Brozova CJ / EN,zacatecnici,Hot-joga
15.05.2017 09:42,15.05.2017,Hot joga,16:40,17:40,2,30,Veronika  Brozova CJ / EN,zacatecnici,Hot-joga
15.05.2017 09:46,15.05.2017,Hot joga,16:40,17:40,3,30,Veronika  Brozova CJ / EN,zacatecnici,Hot-joga
15.05.2017 16:03,15.05.2017,Hot joga,16:40,17:40,4,30,Veronika  Brozova CJ / EN,zacatecnici,Hot-joga
15.05.2017 16:11,15.05.2017,Hot joga,16:40,17:40,5,30,Veronika  Brozova CJ / EN,zacatecnici,Hot-joga
15.05.2017 16:18,15.05.2017,Hot joga,16:40,17:40,6,30,Veronika  Brozova CJ / EN,zacatecnici,Hot-joga
14.05.2017 23:59,15.05.2017,Ashtanga joga,17:20,18:50,7,20,Katka  Prymkova  CJ / EN,dynamicka posilovaci,Joga zeleny sal
15.05.2017 07:58,15.05.2017,Ashtanga joga,17:20,18:50,8,20,Katka  Prymkova  CJ / EN,dynamicka posilovaci,Joga zeleny sal
15.05.2017 13:46,15.05.2017,Ashtanga joga,17:20,18:50,9,20,Katka  Prymkova  CJ / EN,dynamicka posilovaci,Joga zeleny sal
15.05.2017 17:07,15.05.2017,Ashtanga joga,17:20,18:50,10,20,Katka  Prymkova  CJ / EN,dynamicka posilovaci,Joga zeleny sal
15.05.2017 17:15,15.05.2017,Ashtanga joga,17:20,18:50,11,20,Katka  Prymkova  CJ / EN,dynamicka posilovaci,Joga zeleny sal
15.05.2017 17:32,15.05.2017,Ashtanga joga,17:20,18:50,12,20,Katka  Prymkova  CJ / EN,dynamicka posilovaci,Joga zeleny sal
14.05.2017 23:59,15.05.2017,Hot joga,18:00,19:30,16,30,Monika Stuart,klidna protahovaci,Hot-joga
15.05.2017 02:02,15.05.2017,Hot joga,18:00,19:30,15,30,Monika Stuart,klidna protahovaci,Hot-joga
15.05.2017 17:59,15.05.2017,Hot joga,18:00,19:30,17,30,Monika Stuart,klidna protahovaci,Hot-joga
14.05.2017 23:59,15.05.2017,Hatha joga,18:55,19:55,13,20,Katka  Prymkova  CJ / EN,klidna protahovaci,Joga zeleny sal
15.05.2017 12:03,15.05.2017,Hatha joga,18:55,19:55,12,20,Katka  Prymkova  CJ / EN,klidna protahovaci,Joga zeleny sal
15.05.2017 17:38,15.05.2017,Hatha joga,18:55,19:55,14,20,Katka  Prymkova  CJ / EN,klidna protahovaci,Joga zeleny sal
15.05.2017 18:33,15.05.2017,Hatha joga,18:55,19:55,15,20,Katka  Prymkova  CJ / EN,klidna protahovaci,Joga zeleny sal
15.05.2017 18:34,15.05.2017,Hatha joga,18:55,19:55,16,20,Katka  Prymkova  CJ / EN,klidna protahovaci,Joga zeleny sal
15.05.2017 18:48,15.05.2017,Hatha joga,18:55,19:55,17,20,Katka  Prymkova  CJ / EN,klidna protahovaci,Joga zeleny sal
15.05.2017 18:53,15.05.2017,Hatha joga,18:55,19:55,18,20,Katka  Prymkova  CJ / EN,klidna protahovaci,Joga zeleny sal
14.05.2017 23:59,15.05.2017,Hot joga,19:45,21:15,4,30,Marketa  Samesova,dynamicka posilovaci,Hot-joga
15.05.2017 08:44,15.05.2017,Hot joga,19:45,21:15,5,30,Marketa  Samesova,dynamicka posilovaci,Hot-joga
15.05.2017 09:15,15.05.2017,Hot joga,19:45,21:15,6,30,Marketa  Samesova,dynamicka posilovaci,Hot-joga
15.05.2017 14:10,15.05.2017,Hot joga,19:45,21:15,3,30,Marketa  Samesova,dynamicka posilovaci,Hot-joga
14.05.2017 23:59,15.05.2017,Powerjoga,7:00,8:00,7,20,Andrea Hraskova,zacatecnici,Joga zeleny sal
15.05.2017 00:14,15.05.2017,Powerjoga,7:00,8:00,8,20,Andrea Hraskova,zacatecnici,Joga zeleny sal
15.05.2017 06:08,15.05.2017,Powerjoga,7:00,8:00,9,20,Andrea Hraskova,zacatecnici,Joga zeleny sal
15.05.2017 07:37,15.05.2017,Powerjoga,7:00,8:00,10,20,Andrea Hraskova,zacatecnici,Joga zeleny sal
14.05.2017 23:59,15.05.2017,Hatha joga - vhodna i pro zacatecniky,8:05,8:50,2,20,Andrea Hraskova,klidna protahovaci,Joga zeleny sal
15.05.2017 07:50,15.05.2017,Hatha joga - vhodna i pro zacatecniky,8:05,8:50,3,20,Andrea Hraskova,klidna protahovaci,Joga zeleny sal
14.05.2017 23:59,15.05.2017,Powerjoga,9:10,10:10,0,20,Silvie Cifrincova,dynamicka posilovaci,Joga zeleny sal
14.05.2017 23:59,16.05.2017,Jemna joga,10:20,11:20,3,20,Katerina  Kornova,klidna protahovaci,Joga zeleny sal
15.05.2017 11:48,16.05.2017,Jemna joga,10:20,11:20,4,20,Katerina  Kornova,klidna protahovaci,Joga zeleny sal
15.05.2017 17:00,16.05.2017,Jemna joga,10:20,11:20,5,20,Katerina  Kornova,klidna protahovaci,Joga zeleny sal
16.05.2017 09:22,16.05.2017,Jemna joga,10:20,11:20,2,20,Katerina  Kornova,klidna protahovaci,Joga zeleny sal
14.05.2017 23:59,16.05.2017,Joga pro seniory,10:35,11:35,0,30,Blanka Lorencova,klidna protahovaci,Joga modry sal
15.05.2017 12:47,16.05.2017,Joga pro seniory,10:35,11:35,1,30,Blanka Lorencova,klidna protahovaci,Joga modry sal
16.05.2017 09:11,16.05.2017,Joga pro seniory,10:35,11:35,2,30,Blanka Lorencova,klidna protahovaci,Joga modry sal
16.05.2017 10:22,16.05.2017,Joga pro seniory,10:35,11:35,3,30,Blanka Lorencova,klidna protahovaci,Joga modry sal
14.05.2017 23:59,16.05.2017,Joga pro zdrava zada,11:25,12:10,0,20,Katerina  Kornova,zdravotni,Joga zeleny sal
15.05.2017 19:28,16.05.2017,Joga pro zdrava zada,11:25,12:10,2,20,Katerina  Kornova,zdravotni,Joga zeleny sal
16.05.2017 08:29,16.05.2017,Joga pro zdrava zada,11:25,12:10,1,20,Katerina  Kornova,zdravotni,Joga zeleny sal
16.05.2017 10:58,16.05.2017,Joga pro zdrava zada,11:25,12:10,3,20,Katerina  Kornova,zdravotni,Joga zeleny sal
16.05.2017 11:14,16.05.2017,Joga pro zdrava zada,11:25,12:10,4,20,Katerina  Kornova,zdravotni,Joga zeleny sal
16.05.2017 11:16,16.05.2017,Joga pro zdrava zada,11:25,12:10,5,20,Katerina  Kornova,zdravotni,Joga zeleny sal
14.05.2017 23:59,16.05.2017,Powerjoga,11:40,12:25,0,30,Karolina Chudobova,zacatecnici,Joga modry sal
15.05.2017 10:13,16.05.2017,Powerjoga,11:40,12:25,1,30,Karolina Chudobova,zacatecnici,Joga modry sal
15.05.2017 11:27,16.05.2017,Powerjoga,11:40,12:25,2,30,Karolina Chudobova,zacatecnici,Joga modry sal
15.05.2017 12:57,16.05.2017,Powerjoga,11:40,12:25,3,30,Karolina Chudobova,zacatecnici,Joga modry sal
15.05.2017 14:36,16.05.2017,Powerjoga,11:40,12:25,4,30,Karolina Chudobova,zacatecnici,Joga modry sal
16.05.2017 08:23,16.05.2017,Powerjoga,11:40,12:25,6,30,Karolina Chudobova,zacatecnici,Joga modry sal
16.05.2017 09:27,16.05.2017,Powerjoga,11:40,12:25,7,30,Karolina Chudobova,zacatecnici,Joga modry sal
16.05.2017 09:57,16.05.2017,Powerjoga,11:40,12:25,8,30,Karolina Chudobova,zacatecnici,Joga modry sal
16.05.2017 11:14,16.05.2017,Powerjoga,11:40,12:25,9,30,Karolina Chudobova,zacatecnici,Joga modry sal
16.05.2017 11:15,16.05.2017,Powerjoga,11:40,12:25,10,30,Karolina Chudobova,zacatecnici,Joga modry sal
16.05.2017 11:17,16.05.2017,Powerjoga,11:40,12:25,11,30,Karolina Chudobova,zacatecnici,Joga modry sal
16.05.2017 11:28,16.05.2017,Powerjoga,11:40,12:25,12,30,Karolina Chudobova,zacatecnici,Joga modry sal
14.05.2017 23:59,16.05.2017,Joga pro zdrava zada,12:15,13:00,2,20,Katerina  Kornova,zdravotni,Joga zeleny sal
16.05.2017 01:00,16.05.2017,Joga pro zdrava zada,12:15,13:00,3,20,Katerina  Kornova,zdravotni,Joga zeleny sal
14.05.2017 23:59,16.05.2017,Powerjoga,12:30,13:15,2,30,Karolina Chudobova,dynamicka posilovaci,Joga modry sal
15.05.2017 09:50,16.05.2017,Powerjoga,12:30,13:15,3,30,Karolina Chudobova,dynamicka posilovaci,Joga modry sal
16.05.2017 08:36,16.05.2017,Powerjoga,12:30,13:15,4,30,Karolina Chudobova,dynamicka posilovaci,Joga modry sal
16.05.2017 09:25,16.05.2017,Powerjoga,12:30,13:15,5,30,Karolina Chudobova,dynamicka posilovaci,Joga modry sal
16.05.2017 09:28,16.05.2017,Powerjoga,12:30,13:15,6,30,Karolina Chudobova,dynamicka posilovaci,Joga modry sal
16.05.2017 09:30,16.05.2017,Powerjoga,12:30,13:15,7,30,Karolina Chudobova,dynamicka posilovaci,Joga modry sal
16.05.2017 11:15,16.05.2017,Powerjoga,12:30,13:15,8,30,Karolina Chudobova,dynamicka posilovaci,Joga modry sal
16.05.2017 12:11,16.05.2017,Powerjoga,12:30,13:15,10,30,Karolina Chudobova,dynamicka posilovaci,Joga modry sal
16.05.2017 12:22,16.05.2017,Powerjoga,12:30,13:15,11,30,Karolina Chudobova,dynamicka posilovaci,Joga modry sal
16.05.2017 12:30,16.05.2017,Powerjoga,12:30,13:15,12,30,Karolina Chudobova,dynamicka posilovaci,Joga modry sal
14.05.2017 23:59,16.05.2017,Powerjoga,15:15,16:15,2,20,Alexandra Mandova,dynamicka posilovaci,Joga zeleny sal
15.05.2017 18:08,16.05.2017,Powerjoga,15:15,16:15,3,20,Alexandra Mandova,dynamicka posilovaci,Joga zeleny sal
14.05.2017 23:59,16.05.2017,Hatha joga,16:20,17:20,18,20,Lubica Vodvarkova,klidna protahovaci,Joga zeleny sal
15.05.2017 07:51,16.05.2017,Hatha joga,16:20,17:20,19,20,Lubica Vodvarkova,klidna protahovaci,Joga zeleny sal
15.05.2017 07:53,16.05.2017,Hatha joga,16:20,17:20,20,20,Lubica Vodvarkova,klidna protahovaci,Joga zeleny sal
16.05.2017 12:30,16.05.2017,Hatha joga,16:20,17:20,17,20,Lubica Vodvarkova,klidna protahovaci,Joga zeleny sal
16.05.2017 12:45,16.05.2017,Hatha joga,16:20,17:20,16,20,Lubica Vodvarkova,klidna protahovaci,Joga zeleny sal
14.05.2017 23:59,16.05.2017,Hot joga,16:40,17:40,4,30,Alexandra Mandova,zacatecnici,Hot-joga
15.05.2017 11:42,16.05.2017,Hot joga,16:40,17:40,3,30,Alexandra Mandova,zacatecnici,Hot-joga
16.05.2017 16:16,16.05.2017,Hot joga,16:40,17:40,5,30,Alexandra Mandova,zacatecnici,Hot-joga
16.05.2017 16:28,16.05.2017,Hot joga,16:40,17:40,6,30,Alexandra Mandova,zacatecnici,Hot-joga
14.05.2017 23:59,16.05.2017,Jemna joga,17:25,18:25,20,20,Lubica Vodvarkova,zacatecnici,Joga zeleny sal
15.05.2017 08:00,16.05.2017,Jemna joga,17:25,18:25,19,20,Lubica Vodvarkova,zacatecnici,Joga zeleny sal
14.05.2017 23:59,16.05.2017,Hot joga - vhodna i pro zacatecniky,18:00,19:30,22,30,Petr  Cmund,dynamicka posilovaci,Hot-joga
15.05.2017 07:22,16.05.2017,Hot joga - vhodna i pro zacatecniky,18:00,19:30,23,30,Petr  Cmund,dynamicka posilovaci,Hot-joga
15.05.2017 10:56,16.05.2017,Hot joga - vhodna i pro zacatecniky,18:00,19:30,24,30,Petr  Cmund,dynamicka posilovaci,Hot-joga
15.05.2017 11:19,16.05.2017,Hot joga - vhodna i pro zacatecniky,18:00,19:30,25,30,Petr  Cmund,dynamicka posilovaci,Hot-joga
15.05.2017 20:50,16.05.2017,Hot joga - vhodna i pro zacatecniky,18:00,19:30,26,30,Petr  Cmund,dynamicka posilovaci,Hot-joga
15.05.2017 21:57,16.05.2017,Hot joga - vhodna i pro zacatecniky,18:00,19:30,27,30,Petr  Cmund,dynamicka posilovaci,Hot-joga
16.05.2017 12:34,16.05.2017,Hot joga - vhodna i pro zacatecniky,18:00,19:30,28,30,Petr  Cmund,dynamicka posilovaci,Hot-joga
16.05.2017 12:42,16.05.2017,Hot joga - vhodna i pro zacatecniky,18:00,19:30,29,30,Petr  Cmund,dynamicka posilovaci,Hot-joga
14.05.2017 23:59,16.05.2017,Gravid joga,18:30,19:30,2,20,Hana Stepanova,zdravotni,Joga zeleny sal
15.05.2017 09:39,16.05.2017,Gravid joga,18:30,19:30,3,20,Hana Stepanova,zdravotni,Joga zeleny sal
15.05.2017 16:37,16.05.2017,Gravid joga,18:30,19:30,4,20,Hana Stepanova,zdravotni,Joga zeleny sal
15.05.2017 17:44,16.05.2017,Gravid joga,18:30,19:30,5,20,Hana Stepanova,zdravotni,Joga zeleny sal
16.05.2017 09:47,16.05.2017,Gravid joga,18:30,19:30,6,20,Hana Stepanova,zdravotni,Joga zeleny sal
16.05.2017 17:06,16.05.2017,Gravid joga,18:30,19:30,7,20,Hana Stepanova,zdravotni,Joga zeleny sal
16.05.2017 17:34,16.05.2017,Gravid joga,18:30,19:30,8,20,Hana Stepanova,zdravotni,Joga zeleny sal
16.05.2017 18:19,16.05.2017,Gravid joga,18:30,19:30,9,20,Hana Stepanova,zdravotni,Joga zeleny sal
14.05.2017 23:59,16.05.2017,Kurz powerjogy pro zacatecniky - uzavreny kurz,19:40,21:10,0,0,Marketa Makovska CJ / EN,,Joga zeleny sal
14.05.2017 23:59,16.05.2017,Kurz jogy pro zacatecniky - uzavreny kurz,19:45,21:15,0,0,Richard Holicky,,Joga modry sal
14.05.2017 23:59,16.05.2017,Powerjoga,7:00,8:00,3,20,Hana Hruskova CJ / EN,dynamicka posilovaci,Joga zeleny sal
15.05.2017 08:33,16.05.2017,Powerjoga,7:00,8:00,4,20,Hana Hruskova CJ / EN,dynamicka posilovaci,Joga zeleny sal
15.05.2017 13:03,16.05.2017,Powerjoga,7:00,8:00,5,20,Hana Hruskova CJ / EN,dynamicka posilovaci,Joga zeleny sal
15.05.2017 15:45,16.05.2017,Powerjoga,7:00,8:00,6,20,Hana Hruskova CJ / EN,dynamicka posilovaci,Joga zeleny sal
15.05.2017 15:56,16.05.2017,Powerjoga,7:00,8:00,7,20,Hana Hruskova CJ / EN,dynamicka posilovaci,Joga zeleny sal
15.05.2017 17:25,16.05.2017,Powerjoga,7:00,8:00,8,20,Hana Hruskova CJ / EN,dynamicka posilovaci,Joga zeleny sal
15.05.2017 18:27,16.05.2017,Powerjoga,7:00,8:00,10,20,Hana Hruskova CJ / EN,dynamicka posilovaci,Joga zeleny sal
15.05.2017 19:40,16.05.2017,Powerjoga,7:00,8:00,11,20,Hana Hruskova CJ / EN,dynamicka posilovaci,Joga zeleny sal
15.05.2017 20:29,16.05.2017,Powerjoga,7:00,8:00,12,20,Hana Hruskova CJ / EN,dynamicka posilovaci,Joga zeleny sal
14.05.2017 23:59,16.05.2017,Powerjoga,8:05,9:05,2,20,Hana Hruskova CJ / EN,zacatecnici,Joga zeleny sal
16.05.2017 06:10,16.05.2017,Powerjoga,8:05,9:05,3,20,Hana Hruskova CJ / EN,zacatecnici,Joga zeleny sal
16.05.2017 07:07,16.05.2017,Powerjoga,8:05,9:05,4,20,Hana Hruskova CJ / EN,zacatecnici,Joga zeleny sal
14.05.2017 23:59,17.05.2017,Kurz jogy pro zacatecniky - uzavreny kurz,10:00,11:30,0,0,Richard Holicky,,Joga zeleny sal
14.05.2017 23:59,17.05.2017,Jemna joga - vhodna i pro seniory,10:15,11:15,0,30,Daniela  Fremuntova,klidna protahovaci,Joga modry sal
16.05.2017 23:09,17.05.2017,Jemna joga - vhodna i pro seniory,10:15,11:15,1,30,Daniela  Fremuntova,klidna protahovaci,Joga modry sal
14.05.2017 23:59,17.05.2017,Powerjoga,11:25,12:10,0,30,Daniela  Fremuntova,dynamicka posilovaci,Joga modry sal
15.05.2017 12:09,17.05.2017,Powerjoga,11:25,12:10,1,30,Daniela  Fremuntova,dynamicka posilovaci,Joga modry sal
16.05.2017 20:09,17.05.2017,Powerjoga,11:25,12:10,2,30,Daniela  Fremuntova,dynamicka posilovaci,Joga modry sal
17.05.2017 10:40,17.05.2017,Powerjoga,11:25,12:10,3,30,Daniela  Fremuntova,dynamicka posilovaci,Joga modry sal
17.05.2017 11:17,17.05.2017,Powerjoga,11:25,12:10,4,30,Daniela  Fremuntova,dynamicka posilovaci,Joga modry sal
17.05.2017 11:18,17.05.2017,Powerjoga,11:25,12:10,5,30,Daniela  Fremuntova,dynamicka posilovaci,Joga modry sal
17.05.2017 11:19,17.05.2017,Powerjoga,11:25,12:10,6,30,Daniela  Fremuntova,dynamicka posilovaci,Joga modry sal
14.05.2017 23:59,17.05.2017,Joga pro zdrava zada,11:40,12:25,1,20,Katerina  Kornova,zdravotni,Joga zeleny sal
15.05.2017 10:12,17.05.2017,Joga pro zdrava zada,11:40,12:25,2,20,Katerina  Kornova,zdravotni,Joga zeleny sal
15.05.2017 10:40,17.05.2017,Joga pro zdrava zada ZASKOK,11:40,12:25,2,20,Tomas  Helbig,zdravotni,Joga zeleny sal
16.05.2017 10:25,17.05.2017,Joga pro zdrava zada ZASKOK,11:40,12:25,3,20,Tomas  Helbig,zdravotni,Joga zeleny sal
16.05.2017 12:38,17.05.2017,Joga pro zdrava zada ZASKOK,11:40,12:25,3,20,Karolina Chudobova,zdravotni,Joga zeleny sal
16.05.2017 20:41,17.05.2017,Joga pro zdrava zada ZASKOK,11:40,12:25,4,20,Karolina Chudobova,zdravotni,Joga zeleny sal
16.05.2017 20:46,17.05.2017,Joga pro zdrava zada ZASKOK,11:40,12:25,5,20,Karolina Chudobova,zdravotni,Joga zeleny sal
17.05.2017 10:17,17.05.2017,Joga pro zdrava zada ZASKOK,11:40,12:25,6,20,Karolina Chudobova,zdravotni,Joga zeleny sal
17.05.2017 11:34,17.05.2017,Joga pro zdrava zada ZASKOK,11:40,12:25,7,20,Karolina Chudobova,zdravotni,Joga zeleny sal
17.05.2017 11:37,17.05.2017,Joga pro zdrava zada ZASKOK,11:40,12:25,8,20,Karolina Chudobova,zdravotni,Joga zeleny sal
14.05.2017 23:59,17.05.2017,Powerjoga,12:15,13:00,0,30,Daniela  Fremuntova,zacatecnici,Joga modry sal
15.05.2017 10:15,17.05.2017,Powerjoga,12:15,13:00,1,30,Daniela  Fremuntova,zacatecnici,Joga modry sal
16.05.2017 09:58,17.05.2017,Powerjoga,12:15,13:00,2,30,Daniela  Fremuntova,zacatecnici,Joga modry sal
16.05.2017 13:06,17.05.2017,Powerjoga,12:15,13:00,3,30,Daniela  Fremuntova,zacatecnici,Joga modry sal
17.05.2017 11:11,17.05.2017,Powerjoga,12:15,13:00,4,30,Daniela  Fremuntova,zacatecnici,Joga modry sal
17.05.2017 11:13,17.05.2017,Powerjoga,12:15,13:00,5,30,Daniela  Fremuntova,zacatecnici,Joga modry sal
17.05.2017 11:54,17.05.2017,Powerjoga,12:15,13:00,7,30,Daniela  Fremuntova,zacatecnici,Joga modry sal
17.05.2017 12:11,17.05.2017,Powerjoga,12:15,13:00,8,30,Daniela  Fremuntova,zacatecnici,Joga modry sal
14.05.2017 23:59,17.05.2017,Joga pro zdrava zada,12:30,13:15,0,20,Katerina  Kornova,zdravotni,Joga zeleny sal
15.05.2017 10:40,17.05.2017,Joga pro zdrava zada ZASKOK,12:30,13:15,0,20,Tomas  Helbig,zdravotni,Joga zeleny sal
14.05.2017 23:59,17.05.2017,Joga zamerena na zdrava zada,16:20,17:20,3,20,Alexandra Mandova,zdravotni,Joga zeleny sal
15.05.2017 11:47,17.05.2017,Joga zamerena na zdrava zada,16:20,17:20,4,20,Alexandra Mandova,zdravotni,Joga zeleny sal
16.05.2017 10:51,17.05.2017,Joga zamerena na zdrava zada,16:20,17:20,5,20,Alexandra Mandova,zdravotni,Joga zeleny sal
16.05.2017 10:57,17.05.2017,Joga zamerena na zdrava zada,16:20,17:20,6,20,Alexandra Mandova,zdravotni,Joga zeleny sal
16.05.2017 14:39,17.05.2017,Joga zamerena na zdrava zada,16:20,17:20,7,20,Alexandra Mandova,zdravotni,Joga zeleny sal
17.05.2017 05:40,17.05.2017,Joga zamerena na zdrava zada,16:20,17:20,8,20,Alexandra Mandova,zdravotni,Joga zeleny sal
14.05.2017 23:59,17.05.2017,Hot joga,16:30,17:30,0,30,Lenka Uhlikova,klidna protahovaci,Hot-joga
14.05.2017 23:59,17.05.2017,Powerjoga,17:25,18:25,7,20,Alexandra Mandova,dynamicka posilovaci,Joga zeleny sal
15.05.2017 09:22,17.05.2017,Powerjoga,17:25,18:25,8,20,Alexandra Mandova,dynamicka posilovaci,Joga zeleny sal
15.05.2017 15:43,17.05.2017,Powerjoga,17:25,18:25,9,20,Alexandra Mandova,dynamicka posilovaci,Joga zeleny sal
16.05.2017 08:03,17.05.2017,Powerjoga,17:25,18:25,10,20,Alexandra Mandova,dynamicka posilovaci,Joga zeleny sal
16.05.2017 14:56,17.05.2017,Powerjoga,17:25,18:25,11,20,Alexandra Mandova,dynamicka posilovaci,Joga zeleny sal
16.05.2017 20:53,17.05.2017,Powerjoga,17:25,18:25,12,20,Alexandra Mandova,dynamicka posilovaci,Joga zeleny sal
14.05.2017 23:59,17.05.2017,Hot joga,18:00,19:30,4,30,Marketa  Samesova,dynamicka posilovaci,Hot-joga
15.05.2017 14:29,17.05.2017,Hot joga,18:00,19:30,5,30,Marketa  Samesova,dynamicka posilovaci,Hot-joga
16.05.2017 15:21,17.05.2017,Hot joga,18:00,19:30,6,30,Marketa  Samesova,dynamicka posilovaci,Hot-joga
16.05.2017 15:40,17.05.2017,Hot joga ZASKOK,18:00,19:30,6,30,Hana Hruskova CJ / EN,dynamicka posilovaci,Hot-joga
16.05.2017 17:33,17.05.2017,Hot joga ZASKOK,18:00,19:30,7,30,Hana Hruskova CJ / EN,dynamicka posilovaci,Hot-joga
17.05.2017 17:18,17.05.2017,Hot joga ZASKOK,18:00,19:30,8,30,Hana Hruskova CJ / EN,dynamicka posilovaci,Hot-joga
14.05.2017 23:59,17.05.2017,Hatha joga - vedoma- harmonicka joga,18:30,20:00,2,20,Marie Kmochova,klidna protahovaci,Joga zeleny sal
16.05.2017 17:58,17.05.2017,Hatha joga - vedoma- harmonicka joga,18:30,20:00,3,20,Marie Kmochova,klidna protahovaci,Joga zeleny sal
17.05.2017 18:24,17.05.2017,Hatha joga - vedoma- harmonicka joga,18:30,20:00,4,20,Marie Kmochova,klidna protahovaci,Joga zeleny sal
17.05.2017 18:25,17.05.2017,Hatha joga - vedoma- harmonicka joga,18:30,20:00,5,20,Marie Kmochova,klidna protahovaci,Joga zeleny sal
14.05.2017 23:59,17.05.2017,Hot joga,19:45,21:15,1,30,Jarmila Kucmasova,zacatecnici,Hot-joga
15.05.2017 10:34,17.05.2017,Hot joga ZASKOK,19:45,21:15,1,30,Sandra Justova,zacatecnici,Hot-joga
15.05.2017 17:36,17.05.2017,Hot joga ZASKOK,19:45,21:15,2,30,Sandra Justova,zacatecnici,Hot-joga
16.05.2017 08:41,17.05.2017,Hot joga ZASKOK,19:45,21:15,3,30,Sandra Justova,zacatecnici,Hot-joga
16.05.2017 23:50,17.05.2017,Hot joga ZASKOK,19:45,21:15,4,30,Sandra Justova,zacatecnici,Hot-joga
17.05.2017 09:20,17.05.2017,Hot joga ZASKOK,19:45,21:15,5,30,Sandra Justova,zacatecnici,Hot-joga
17.05.2017 11:05,17.05.2017,Hot joga ZASKOK,19:45,21:15,6,30,Sandra Justova,zacatecnici,Hot-joga
17.05.2017 15:32,17.05.2017,Hot joga ZASKOK,19:45,21:15,7,30,Sandra Justova,zacatecnici,Hot-joga
17.05.2017 17:53,17.05.2017,Hot joga ZASKOK,19:45,21:15,8,30,Sandra Justova,zacatecnici,Hot-joga
17.05.2017 18:00,17.05.2017,Hot joga ZASKOK,19:45,21:15,9,30,Sandra Justova,zacatecnici,Hot-joga
17.05.2017 18:49,17.05.2017,Hot joga ZASKOK,19:45,21:15,10,30,Sandra Justova,zacatecnici,Hot-joga
17.05.2017 19:35,17.05.2017,Hot joga ZASKOK,19:45,21:15,11,30,Sandra Justova,zacatecnici,Hot-joga
17.05.2017 19:38,17.05.2017,Hot joga ZASKOK,19:45,21:15,12,30,Sandra Justova,zacatecnici,Hot-joga
17.05.2017 19:41,17.05.2017,Hot joga ZASKOK,19:45,21:15,15,30,Sandra Justova,zacatecnici,Hot-joga
17.05.2017 19:56,17.05.2017,Hot joga ZASKOK,19:45,21:15,13,30,Sandra Justova,zacatecnici,Hot-joga
14.05.2017 23:59,17.05.2017,Intenzivni kurz jogy - uzavreny kurz,20:05,21:35,0,0,Katka  Prymkova  CJ / EN,,Joga zeleny sal
14.05.2017 23:59,17.05.2017,Joga - probuzeni patere,7:00,8:00,1,30,Micha  Prach Kotrckova,klidna protahovaci,Joga modry sal
16.05.2017 22:58,17.05.2017,Joga - probuzeni patere,7:00,8:00,2,30,Micha  Prach Kotrckova,klidna protahovaci,Joga modry sal
16.05.2017 22:59,17.05.2017,Joga - probuzeni patere,7:00,8:00,3,30,Micha  Prach Kotrckova,klidna protahovaci,Joga modry sal
14.05.2017 23:59,17.05.2017,Powerjoga,7:00,8:00,2,20,Veronika  Brozova CJ / EN,zacatecnici,Joga zeleny sal
16.05.2017 08:26,17.05.2017,Powerjoga,7:00,8:00,3,20,Veronika  Brozova CJ / EN,zacatecnici,Joga zeleny sal
16.05.2017 14:36,17.05.2017,Powerjoga,7:00,8:00,5,20,Veronika  Brozova CJ / EN,zacatecnici,Joga zeleny sal
16.05.2017 17:03,17.05.2017,Powerjoga,7:00,8:00,6,20,Veronika  Brozova CJ / EN,zacatecnici,Joga zeleny sal
16.05.2017 21:08,17.05.2017,Powerjoga,7:00,8:00,7,20,Veronika  Brozova CJ / EN,zacatecnici,Joga zeleny sal
16.05.2017 22:05,17.05.2017,Powerjoga,7:00,8:00,8,20,Veronika  Brozova CJ / EN,zacatecnici,Joga zeleny sal
16.05.2017 22:57,17.05.2017,Powerjoga,7:00,8:00,9,20,Veronika  Brozova CJ / EN,zacatecnici,Joga zeleny sal
17.05.2017 07:09,17.05.2017,Powerjoga,7:00,8:00,10,20,Veronika  Brozova CJ / EN,zacatecnici,Joga zeleny sal
14.05.2017 23:59,17.05.2017,Kundalini joga,8:05,9:35,0,20,Micha  Prach Kotrckova,zacatecnici,Joga zeleny sal
16.05.2017 16:30,17.05.2017,Kundalini joga,8:05,9:35,1,20,Micha  Prach Kotrckova,zacatecnici,Joga zeleny sal
14.05.2017 23:59,18.05.2017,Powerjoga,11:40,12:25,0,20,Marketa Makovska CJ / EN,dynamicka posilovaci,Joga zeleny sal
15.05.2017 09:51,18.05.2017,Powerjoga,11:40,12:25,1,20,Marketa Makovska CJ / EN,dynamicka posilovaci,Joga zeleny sal
15.05.2017 10:02,18.05.2017,Powerjoga,11:40,12:25,2,20,Marketa Makovska CJ / EN,dynamicka posilovaci,Joga zeleny sal
15.05.2017 12:10,18.05.2017,Powerjoga,11:40,12:25,3,20,Marketa Makovska CJ / EN,dynamicka posilovaci,Joga zeleny sal
18.05.2017 10:12,18.05.2017,Powerjoga,11:40,12:25,4,20,Marketa Makovska CJ / EN,dynamicka posilovaci,Joga zeleny sal
18.05.2017 10:22,18.05.2017,Powerjoga,11:40,12:25,5,20,Marketa Makovska CJ / EN,dynamicka posilovaci,Joga zeleny sal
18.05.2017 10:47,18.05.2017,Powerjoga,11:40,12:25,6,20,Marketa Makovska CJ / EN,dynamicka posilovaci,Joga zeleny sal
18.05.2017 10:56,18.05.2017,Powerjoga,11:40,12:25,7,20,Marketa Makovska CJ / EN,dynamicka posilovaci,Joga zeleny sal
18.05.2017 11:28,18.05.2017,Powerjoga,11:40,12:25,8,20,Marketa Makovska CJ / EN,dynamicka posilovaci,Joga zeleny sal
14.05.2017 23:59,18.05.2017,Powerjoga,12:30,13:15,0,20,Marketa Makovska CJ / EN,zacatecnici,Joga zeleny sal
15.05.2017 21:27,18.05.2017,Powerjoga,12:30,13:15,1,20,Marketa Makovska CJ / EN,zacatecnici,Joga zeleny sal
16.05.2017 09:58,18.05.2017,Powerjoga,12:30,13:15,2,20,Marketa Makovska CJ / EN,zacatecnici,Joga zeleny sal
18.05.2017 09:57,18.05.2017,Powerjoga,12:30,13:15,3,20,Marketa Makovska CJ / EN,zacatecnici,Joga zeleny sal
18.05.2017 11:24,18.05.2017,Powerjoga,12:30,13:15,4,20,Marketa Makovska CJ / EN,zacatecnici,Joga zeleny sal
18.05.2017 11:28,18.05.2017,Powerjoga,12:30,13:15,5,20,Marketa Makovska CJ / EN,zacatecnici,Joga zeleny sal
18.05.2017 11:29,18.05.2017,Powerjoga,12:30,13:15,6,20,Marketa Makovska CJ / EN,zacatecnici,Joga zeleny sal
14.05.2017 23:59,18.05.2017,Jemna joga,15:15,16:15,5,20,Lubica Vodvarkova,klidna protahovaci,Joga zeleny sal
15.05.2017 08:18,18.05.2017,Jemna joga,15:15,16:15,6,20,Lubica Vodvarkova,klidna protahovaci,Joga zeleny sal
15.05.2017 14:05,18.05.2017,Jemna joga,15:15,16:15,7,20,Lubica Vodvarkova,klidna protahovaci,Joga zeleny sal
15.05.2017 18:18,18.05.2017,Jemna joga,15:15,16:15,8,20,Lubica Vodvarkova,klidna protahovaci,Joga zeleny sal
17.05.2017 11:29,18.05.2017,Jemna joga,15:15,16:15,9,20,Lubica Vodvarkova,klidna protahovaci,Joga zeleny sal
17.05.2017 16:22,18.05.2017,Jemna joga,15:15,16:15,10,20,Lubica Vodvarkova,klidna protahovaci,Joga zeleny sal
14.05.2017 23:59,18.05.2017,Hatha joga,16:20,17:20,20,20,Lubica Vodvarkova,zacatecnici,Joga zeleny sal
15.05.2017 09:27,18.05.2017,Hatha joga,16:20,17:20,19,20,Lubica Vodvarkova,zacatecnici,Joga zeleny sal
15.05.2017 11:09,18.05.2017,Hatha joga,16:20,17:20,18,20,Lubica Vodvarkova,zacatecnici,Joga zeleny sal
15.05.2017 11:29,18.05.2017,Hatha joga,16:20,17:20,16,20,Lubica Vodvarkova,zacatecnici,Joga zeleny sal
15.05.2017 20:24,18.05.2017,Hatha joga,16:20,17:20,17,20,Lubica Vodvarkova,zacatecnici,Joga zeleny sal
18.05.2017 00:04,18.05.2017,Hatha joga,16:20,17:20,15,20,Lubica Vodvarkova,zacatecnici,Joga zeleny sal
18.05.2017 10:36,18.05.2017,Hatha joga,16:20,17:20,14,20,Lubica Vodvarkova,zacatecnici,Joga zeleny sal
18.05.2017 13:15,18.05.2017,Hatha joga,16:20,17:20,13,20,Lubica Vodvarkova,zacatecnici,Joga zeleny sal
18.05.2017 13:16,18.05.2017,Hatha joga,16:20,17:20,12,20,Lubica Vodvarkova,zacatecnici,Joga zeleny sal
14.05.2017 23:59,18.05.2017,Hot joga,16:40,17:40,2,30,Alexandra Mandova,dynamicka posilovaci,Hot-joga
15.05.2017 14:24,18.05.2017,Hot joga,16:40,17:40,3,30,Alexandra Mandova,dynamicka posilovaci,Hot-joga
16.05.2017 13:01,18.05.2017,Hot joga,16:40,17:40,4,30,Alexandra Mandova,dynamicka posilovaci,Hot-joga
18.05.2017 10:14,18.05.2017,Hot joga,16:40,17:40,6,30,Alexandra Mandova,dynamicka posilovaci,Hot-joga
18.05.2017 15:09,18.05.2017,Hot joga,16:40,17:40,7,30,Alexandra Mandova,dynamicka posilovaci,Hot-joga
18.05.2017 16:33,18.05.2017,Hot joga,16:40,17:40,8,30,Alexandra Mandova,dynamicka posilovaci,Hot-joga
14.05.2017 23:59,18.05.2017,Powerjoga,17:25,18:25,4,20,Karolina Chudobova,dynamicka posilovaci,Joga zeleny sal
15.05.2017 18:09,18.05.2017,Powerjoga,17:25,18:25,5,20,Karolina Chudobova,dynamicka posilovaci,Joga zeleny sal
16.05.2017 12:13,18.05.2017,Powerjoga,17:25,18:25,6,20,Karolina Chudobova,dynamicka posilovaci,Joga zeleny sal
16.05.2017 22:56,18.05.2017,Powerjoga,17:25,18:25,7,20,Karolina Chudobova,dynamicka posilovaci,Joga zeleny sal
17.05.2017 08:21,18.05.2017,Powerjoga,17:25,18:25,8,20,Karolina Chudobova,dynamicka posilovaci,Joga zeleny sal
17.05.2017 11:34,18.05.2017,Powerjoga,17:25,18:25,9,20,Karolina Chudobova,dynamicka posilovaci,Joga zeleny sal
17.05.2017 17:15,18.05.2017,Powerjoga,17:25,18:25,10,20,Karolina Chudobova,dynamicka posilovaci,Joga zeleny sal
17.05.2017 17:16,18.05.2017,Powerjoga,17:25,18:25,12,20,Karolina Chudobova,dynamicka posilovaci,Joga zeleny sal
17.05.2017 20:41,18.05.2017,Powerjoga,17:25,18:25,13,20,Karolina Chudobova,dynamicka posilovaci,Joga zeleny sal
17.05.2017 21:36,18.05.2017,Powerjoga,17:25,18:25,15,20,Karolina Chudobova,dynamicka posilovaci,Joga zeleny sal
18.05.2017 10:00,18.05.2017,Powerjoga,17:25,18:25,16,20,Karolina Chudobova,dynamicka posilovaci,Joga zeleny sal
18.05.2017 15:01,18.05.2017,Powerjoga,17:25,18:25,17,20,Karolina Chudobova,dynamicka posilovaci,Joga zeleny sal
18.05.2017 16:13,18.05.2017,Powerjoga,17:25,18:25,18,20,Karolina Chudobova,dynamicka posilovaci,Joga zeleny sal
14.05.2017 23:59,18.05.2017,Hot joga,18:00,19:30,2,30,Pavla  Krecanova,zacatecnici,Hot-joga
15.05.2017 07:56,18.05.2017,Hot joga,18:00,19:30,3,30,Pavla  Krecanova,zacatecnici,Hot-joga
15.05.2017 08:19,18.05.2017,Hot joga,18:00,19:30,4,30,Pavla  Krecanova,zacatecnici,Hot-joga
15.05.2017 09:05,18.05.2017,Hot joga,18:00,19:30,5,30,Pavla  Krecanova,zacatecnici,Hot-joga
15.05.2017 14:09,18.05.2017,Hot joga,18:00,19:30,6,30,Pavla  Krecanova,zacatecnici,Hot-joga
16.05.2017 14:51,18.05.2017,Hot joga,18:00,19:30,7,30,Pavla  Krecanova,zacatecnici,Hot-joga
17.05.2017 17:34,18.05.2017,Hot joga,18:00,19:30,8,30,Pavla  Krecanova,zacatecnici,Hot-joga
18.05.2017 12:33,18.05.2017,Hot joga,18:00,19:30,5,30,Andrea Hraskova,zacatecnici,Hot-joga
18.05.2017 14:15,18.05.2017,Hot joga,18:00,19:30,6,30,Andrea Hraskova,zacatecnici,Hot-joga
18.05.2017 16:19,18.05.2017,Hot joga,18:00,19:30,4,30,Andrea Hraskova,zacatecnici,Hot-joga
14.05.2017 23:59,18.05.2017,Gravid joga,18:30,19:30,0,20,Karolina Chudobova,zdravotni,Joga zeleny sal
15.05.2017 09:39,18.05.2017,Gravid joga,18:30,19:30,1,20,Karolina Chudobova,zdravotni,Joga zeleny sal
15.05.2017 23:02,18.05.2017,Gravid joga,18:30,19:30,2,20,Karolina Chudobova,zdravotni,Joga zeleny sal
16.05.2017 09:47,18.05.2017,Gravid joga,18:30,19:30,3,20,Karolina Chudobova,zdravotni,Joga zeleny sal
16.05.2017 11:43,18.05.2017,Gravid joga,18:30,19:30,4,20,Karolina Chudobova,zdravotni,Joga zeleny sal
17.05.2017 14:14,18.05.2017,Gravid joga,18:30,19:30,5,20,Karolina Chudobova,zdravotni,Joga zeleny sal
17.05.2017 20:43,18.05.2017,Gravid joga,18:30,19:30,6,20,Karolina Chudobova,zdravotni,Joga zeleny sal
18.05.2017 17:25,18.05.2017,Gravid joga,18:30,19:30,7,20,Karolina Chudobova,zdravotni,Joga zeleny sal
14.05.2017 23:59,18.05.2017,Jemna joga,19:35,20:35,4,20,Karolina Chudobova,klidna protahovaci,Joga zeleny sal
16.05.2017 08:55,18.05.2017,Jemna joga,19:35,20:35,5,20,Karolina Chudobova,klidna protahovaci,Joga zeleny sal
16.05.2017 10:55,18.05.2017,Jemna joga,19:35,20:35,6,20,Karolina Chudobova,klidna protahovaci,Joga zeleny sal
16.05.2017 10:56,18.05.2017,Jemna joga,19:35,20:35,7,20,Karolina Chudobova,klidna protahovaci,Joga zeleny sal
16.05.2017 19:28,18.05.2017,Jemna joga,19:35,20:35,8,20,Karolina Chudobova,klidna protahovaci,Joga zeleny sal
17.05.2017 11:05,18.05.2017,Jemna joga,19:35,20:35,9,20,Karolina Chudobova,klidna protahovaci,Joga zeleny sal
17.05.2017 13:39,18.05.2017,Jemna joga,19:35,20:35,10,20,Karolina Chudobova,klidna protahovaci,Joga zeleny sal
17.05.2017 13:43,18.05.2017,Jemna joga,19:35,20:35,11,20,Karolina Chudobova,klidna protahovaci,Joga zeleny sal
17.05.2017 16:02,18.05.2017,Jemna joga,19:35,20:35,12,20,Karolina Chudobova,klidna protahovaci,Joga zeleny sal
17.05.2017 18:38,18.05.2017,Jemna joga,19:35,20:35,13,20,Karolina Chudobova,klidna protahovaci,Joga zeleny sal
18.05.2017 15:46,18.05.2017,Jemna joga,19:35,20:35,14,20,Karolina Chudobova,klidna protahovaci,Joga zeleny sal
18.05.2017 16:00,18.05.2017,Jemna joga,19:35,20:35,15,20,Karolina Chudobova,klidna protahovaci,Joga zeleny sal
18.05.2017 19:24,18.05.2017,Jemna joga,19:35,20:35,16,20,Karolina Chudobova,klidna protahovaci,Joga zeleny sal
14.05.2017 23:59,18.05.2017,Hot joga,19:45,21:15,0,30,Andrea Hraskova,klidna protahovaci,Hot-joga
16.05.2017 13:15,18.05.2017,Hot joga,19:45,21:15,1,30,Andrea Hraskova,klidna protahovaci,Hot-joga
17.05.2017 16:15,18.05.2017,Hot joga,19:45,21:15,2,30,Andrea Hraskova,klidna protahovaci,Hot-joga
18.05.2017 09:43,18.05.2017,Hot joga,19:45,21:15,3,30,Andrea Hraskova,klidna protahovaci,Hot-joga
14.05.2017 23:59,18.05.2017,Powerjoga,7:00,8:00,3,20,Alexandra Mandova,dynamicka posilovaci,Joga zeleny sal
16.05.2017 10:05,18.05.2017,Powerjoga,7:00,8:00,4,20,Alexandra Mandova,dynamicka posilovaci,Joga zeleny sal
17.05.2017 17:06,18.05.2017,Powerjoga,7:00,8:00,5,20,Alexandra Mandova,dynamicka posilovaci,Joga zeleny sal
17.05.2017 18:12,18.05.2017,Powerjoga,7:00,8:00,6,20,Alexandra Mandova,dynamicka posilovaci,Joga zeleny sal
14.05.2017 23:59,18.05.2017,Jemna joga,8:00,9:00,0,30,Blanka Lorencova,zacatecnici,Joga modry sal
17.05.2017 18:00,18.05.2017,Jemna joga,8:00,9:00,1,30,Blanka Lorencova,zacatecnici,Joga modry sal
17.05.2017 19:46,18.05.2017,Jemna joga,8:00,9:00,2,30,Blanka Lorencova,zacatecnici,Joga modry sal
17.05.2017 20:02,18.05.2017,Jemna joga,8:00,9:00,3,30,Blanka Lorencova,zacatecnici,Joga modry sal
17.05.2017 20:49,18.05.2017,Jemna joga,8:00,9:00,4,30,Blanka Lorencova,zacatecnici,Joga modry sal
18.05.2017 07:48,18.05.2017,Jemna joga,8:00,9:00,5,30,Blanka Lorencova,zacatecnici,Joga modry sal
18.05.2017 07:54,18.05.2017,Jemna joga,8:00,9:00,6,30,Blanka Lorencova,zacatecnici,Joga modry sal
18.05.2017 07:55,18.05.2017,Jemna joga,8:00,9:00,7,30,Blanka Lorencova,zacatecnici,Joga modry sal
14.05.2017 23:59,18.05.2017,Hatha joga - vhodna i pro zacatecniky,8:05,8:50,2,20,Alexandra Mandova,klidna protahovaci,Joga zeleny sal
17.05.2017 08:57,18.05.2017,Hatha joga - vhodna i pro zacatecniky,8:05,8:50,1,20,Alexandra Mandova,klidna protahovaci,Joga zeleny sal
18.05.2017 07:51,18.05.2017,Hatha joga - vhodna i pro zacatecniky,8:05,8:50,3,20,Alexandra Mandova,klidna protahovaci,Joga zeleny sal
14.05.2017 23:59,18.05.2017,Zdrava zada,9:05,10:05,1,30,Blanka Lorencova,zdravotni,Joga modry sal
17.05.2017 10:03,18.05.2017,Zdrava zada,9:05,10:05,2,30,Blanka Lorencova,zdravotni,Joga modry sal
17.05.2017 18:00,18.05.2017,Zdrava zada,9:05,10:05,3,30,Blanka Lorencova,zdravotni,Joga modry sal
17.05.2017 19:46,18.05.2017,Zdrava zada,9:05,10:05,4,30,Blanka Lorencova,zdravotni,Joga modry sal
17.05.2017 20:50,18.05.2017,Zdrava zada,9:05,10:05,5,30,Blanka Lorencova,zdravotni,Joga modry sal
17.05.2017 23:48,18.05.2017,Zdrava zada,9:05,10:05,6,30,Blanka Lorencova,zdravotni,Joga modry sal
18.05.2017 00:06,18.05.2017,Zdrava zada,9:05,10:05,7,30,Blanka Lorencova,zdravotni,Joga modry sal
18.05.2017 05:55,18.05.2017,Zdrava zada,9:05,10:05,8,30,Blanka Lorencova,zdravotni,Joga modry sal
18.05.2017 07:20,18.05.2017,Zdrava zada,9:05,10:05,9,30,Blanka Lorencova,zdravotni,Joga modry sal
18.05.2017 07:48,18.05.2017,Zdrava zada,9:05,10:05,10,30,Blanka Lorencova,zdravotni,Joga modry sal
18.05.2017 07:56,18.05.2017,Zdrava zada,9:05,10:05,11,30,Blanka Lorencova,zdravotni,Joga modry sal
18.05.2017 08:35,18.05.2017,Zdrava zada,9:05,10:05,12,30,Blanka Lorencova,zdravotni,Joga modry sal
18.05.2017 08:40,18.05.2017,Zdrava zada,9:05,10:05,13,30,Blanka Lorencova,zdravotni,Joga modry sal
18.05.2017 08:45,18.05.2017,Zdrava zada,9:05,10:05,14,30,Blanka Lorencova,zdravotni,Joga modry sal
14.05.2017 23:59,19.05.2017,Hot joga,10:00,11:00,0,30,Vera Vojtechova,zacatecnici,Hot-joga
15.05.2017 21:38,19.05.2017,Hot joga,10:00,11:00,1,30,Vera Vojtechova,zacatecnici,Hot-joga
16.05.2017 23:50,19.05.2017,Hot joga,10:00,11:00,2,30,Vera Vojtechova,zacatecnici,Hot-joga
18.05.2017 20:11,19.05.2017,Hot joga,10:00,11:00,3,30,Vera Vojtechova,zacatecnici,Hot-joga
14.05.2017 23:59,19.05.2017,Joga pro zdrava zada - vhodna pro zacatecniky,10:15,11:15,1,20,Silvie Cifrincova,zdravotni,Joga zeleny sal
15.05.2017 15:23,19.05.2017,Joga pro zdrava zada - vhodna pro zacatecniky,10:15,11:15,0,20,Silvie Cifrincova,zdravotni,Joga zeleny sal
18.05.2017 10:08,19.05.2017,Joga pro zdrava zada - vhodna pro zacatecniky,10:15,11:15,2,20,Silvie Cifrincova,zdravotni,Joga zeleny sal
14.05.2017 23:59,19.05.2017,Jogova terapie - sal je mirne vyhraty,11:15,12:15,6,20,Vera Vojtechova,zdravotni,Joga modry sal
15.05.2017 10:18,19.05.2017,Jogova terapie - sal je mirne vyhraty,11:15,12:15,7,20,Vera Vojtechova,zdravotni,Joga modry sal
15.05.2017 11:59,19.05.2017,Jogova terapie - sal je mirne vyhraty,11:15,12:15,8,20,Vera Vojtechova,zdravotni,Joga modry sal
18.05.2017 10:12,19.05.2017,Jogova terapie - sal je mirne vyhraty,11:15,12:15,9,20,Vera Vojtechova,zdravotni,Joga modry sal
18.05.2017 22:20,19.05.2017,Jogova terapie - sal je mirne vyhraty,11:15,12:15,10,20,Vera Vojtechova,zdravotni,Joga modry sal
18.05.2017 23:11,19.05.2017,Jogova terapie - sal je mirne vyhraty,11:15,12:15,11,20,Vera Vojtechova,zdravotni,Joga modry sal
14.05.2017 23:59,19.05.2017,Powerjoga,11:25,12:10,0,20,Tomas  Helbig,zacatecnici,Joga zeleny sal
15.05.2017 18:11,19.05.2017,Powerjoga,11:25,12:10,1,20,Tomas  Helbig,zacatecnici,Joga zeleny sal
19.05.2017 06:17,19.05.2017,Powerjoga,11:25,12:10,2,20,Tomas  Helbig,zacatecnici,Joga zeleny sal
19.05.2017 10:30,19.05.2017,Powerjoga,11:25,12:10,3,20,Tomas  Helbig,zacatecnici,Joga zeleny sal
19.05.2017 11:18,19.05.2017,Powerjoga,11:25,12:10,4,20,Tomas  Helbig,zacatecnici,Joga zeleny sal
14.05.2017 23:59,19.05.2017,Powerjoga,12:15,13:00,2,20,Tomas  Helbig,dynamicka posilovaci,Joga zeleny sal
15.05.2017 09:52,19.05.2017,Powerjoga,12:15,13:00,3,20,Tomas  Helbig,dynamicka posilovaci,Joga zeleny sal
18.05.2017 17:59,19.05.2017,Powerjoga,12:15,13:00,4,20,Tomas  Helbig,dynamicka posilovaci,Joga zeleny sal
19.05.2017 09:34,19.05.2017,Powerjoga,12:15,13:00,5,20,Tomas  Helbig,dynamicka posilovaci,Joga zeleny sal
19.05.2017 11:26,19.05.2017,Powerjoga,12:15,13:00,6,20,Tomas  Helbig,dynamicka posilovaci,Joga zeleny sal
19.05.2017 12:01,19.05.2017,Powerjoga,12:15,13:00,7,20,Tomas  Helbig,dynamicka posilovaci,Joga zeleny sal
19.05.2017 12:02,19.05.2017,Powerjoga,12:15,13:00,8,20,Tomas  Helbig,dynamicka posilovaci,Joga zeleny sal
19.05.2017 12:05,19.05.2017,Powerjoga,12:15,13:00,9,20,Tomas  Helbig,dynamicka posilovaci,Joga zeleny sal
19.05.2017 12:06,19.05.2017,Powerjoga,12:15,13:00,10,20,Tomas  Helbig,dynamicka posilovaci,Joga zeleny sal
19.05.2017 12:14,19.05.2017,Powerjoga,12:15,13:00,11,20,Tomas  Helbig,dynamicka posilovaci,Joga zeleny sal
14.05.2017 23:59,19.05.2017,Hatha joga,14:10,15:10,2,20,Sandra Justova,zacatecnici,Joga zeleny sal
16.05.2017 11:10,19.05.2017,Hatha joga,14:10,15:10,1,20,Sandra Justova,zacatecnici,Joga zeleny sal
14.05.2017 23:59,19.05.2017,Joga pro zdrava zada,15:15,16:15,0,20,Tomas  Helbig,zdravotni,Joga zeleny sal
14.05.2017 23:59,19.05.2017,Jemna joga,16:20,17:20,1,20,Tomas  Helbig,klidna protahovaci,Joga zeleny sal
19.05.2017 06:19,19.05.2017,Jemna joga,16:20,17:20,2,20,Tomas  Helbig,klidna protahovaci,Joga zeleny sal
14.05.2017 23:59,19.05.2017,Powerjoga,17:25,18:25,1,20,Hana Hruskova CJ / EN,dynamicka posilovaci,Joga zeleny sal
18.05.2017 19:53,19.05.2017,Powerjoga,17:25,18:25,2,20,Hana Hruskova CJ / EN,dynamicka posilovaci,Joga zeleny sal
19.05.2017 11:00,19.05.2017,Powerjoga,17:25,18:25,3,20,Hana Hruskova CJ / EN,dynamicka posilovaci,Joga zeleny sal
19.05.2017 16:29,19.05.2017,Powerjoga,17:25,18:25,5,20,Hana Hruskova CJ / EN,dynamicka posilovaci,Joga zeleny sal
19.05.2017 16:53,19.05.2017,Powerjoga,17:25,18:25,6,20,Hana Hruskova CJ / EN,dynamicka posilovaci,Joga zeleny sal
19.05.2017 17:12,19.05.2017,Powerjoga,17:25,18:25,7,20,Hana Hruskova CJ / EN,dynamicka posilovaci,Joga zeleny sal
19.05.2017 17:20,19.05.2017,Powerjoga,17:25,18:25,8,20,Hana Hruskova CJ / EN,dynamicka posilovaci,Joga zeleny sal
14.05.2017 23:59,19.05.2017,Ashtanga joga - vhodna i pro zacatecniky,18:30,20:00,1,20,Hana Hruskova CJ / EN,zacatecnici,Joga zeleny sal
15.05.2017 19:59,19.05.2017,Ashtanga joga - vhodna i pro zacatecniky,18:30,20:00,2,20,Hana Hruskova CJ / EN,zacatecnici,Joga zeleny sal
18.05.2017 20:35,19.05.2017,Ashtanga joga - vhodna i pro zacatecniky,18:30,20:00,3,20,Hana Hruskova CJ / EN,zacatecnici,Joga zeleny sal
19.05.2017 08:05,19.05.2017,Ashtanga joga - vhodna i pro zacatecniky,18:30,20:00,4,20,Hana Hruskova CJ / EN,zacatecnici,Joga zeleny sal
14.05.2017 23:59,19.05.2017,Hatha joga,7:00,8:00,3,20,Alexandra Mandova,zacatecnici,Joga zeleny sal
17.05.2017 11:13,19.05.2017,Hatha joga,7:00,8:00,5,20,Alexandra Mandova,zacatecnici,Joga zeleny sal
17.05.2017 13:34,19.05.2017,Hatha joga,7:00,8:00,6,20,Alexandra Mandova,zacatecnici,Joga zeleny sal
18.05.2017 14:09,19.05.2017,Hatha joga,7:00,8:00,7,20,Alexandra Mandova,zacatecnici,Joga zeleny sal
18.05.2017 14:46,19.05.2017,Hatha joga,7:00,8:00,8,20,Alexandra Mandova,zacatecnici,Joga zeleny sal
18.05.2017 15:58,19.05.2017,Hatha joga,7:00,8:00,9,20,Alexandra Mandova,zacatecnici,Joga zeleny sal
14.05.2017 23:59,19.05.2017,Jemna joga,8:05,8:50,1,20,Alexandra Mandova,klidna protahovaci,Joga zeleny sal
17.05.2017 20:38,19.05.2017,Jemna joga,8:05,8:50,0,20,Alexandra Mandova,klidna protahovaci,Joga zeleny sal
14.05.2017 23:59,19.05.2017,Powerjoga,9:10,10:10,0,20,Silvie Cifrincova,dynamicka posilovaci,Joga zeleny sal
16.05.2017 20:04,19.05.2017,Powerjoga,9:10,10:10,1,20,Silvie Cifrincova,dynamicka posilovaci,Joga zeleny sal
14.05.2017 23:59,20.05.2017,Powerjoga,10:20,11:20,0,20,Martina Dvorakova,dynamicka posilovaci,Joga zeleny sal
16.05.2017 20:05,20.05.2017,Powerjoga,10:20,11:20,1,20,Martina Dvorakova,dynamicka posilovaci,Joga zeleny sal
19.05.2017 13:00,20.05.2017,Powerjoga,10:20,11:20,2,20,Martina Dvorakova,dynamicka posilovaci,Joga zeleny sal
20.05.2017 08:56,20.05.2017,Powerjoga,10:20,11:20,3,20,Martina Dvorakova,dynamicka posilovaci,Joga zeleny sal
20.05.2017 08:59,20.05.2017,Powerjoga,10:20,11:20,4,20,Martina Dvorakova,dynamicka posilovaci,Joga zeleny sal
20.05.2017 09:00,20.05.2017,Powerjoga,10:20,11:20,5,20,Martina Dvorakova,dynamicka posilovaci,Joga zeleny sal
20.05.2017 10:09,20.05.2017,Powerjoga,10:20,11:20,6,20,Martina Dvorakova,dynamicka posilovaci,Joga zeleny sal
20.05.2017 10:13,20.05.2017,Powerjoga,10:20,11:20,7,20,Martina Dvorakova,dynamicka posilovaci,Joga zeleny sal
20.05.2017 10:16,20.05.2017,Powerjoga,10:20,11:20,8,20,Martina Dvorakova,dynamicka posilovaci,Joga zeleny sal
14.05.2017 23:59,20.05.2017,Hatha joga,11:30,13:00,0,20,Martina Koralova,zacatecnici,Joga zeleny sal
16.05.2017 10:55,20.05.2017,Hatha joga,11:30,13:00,1,20,Martina Koralova,zacatecnici,Joga zeleny sal
17.05.2017 20:56,20.05.2017,Hatha joga,11:30,13:00,2,20,Martina Koralova,zacatecnici,Joga zeleny sal
18.05.2017 21:46,20.05.2017,Hatha joga,11:30,13:00,3,20,Martina Koralova,zacatecnici,Joga zeleny sal
18.05.2017 23:26,20.05.2017,Hatha joga,11:30,13:00,4,20,Martina Koralova,zacatecnici,Joga zeleny sal
19.05.2017 17:27,20.05.2017,Hatha joga,11:30,13:00,5,20,Martina Koralova,zacatecnici,Joga zeleny sal
19.05.2017 21:06,20.05.2017,Hatha joga,11:30,13:00,6,20,Martina Koralova,zacatecnici,Joga zeleny sal
20.05.2017 11:28,20.05.2017,Hatha joga,11:30,13:00,7,20,Martina Koralova,zacatecnici,Joga zeleny sal
14.05.2017 23:59,20.05.2017,Zaciname s jogou - Kurz zakladu vinyasy,13:05,14:35,7,20,Martina Koralova,,Joga zeleny sal
14.05.2017 23:59,20.05.2017,Powerjoga,15:50,16:50,1,20,Veronika  Brozova CJ / EN,dynamicka posilovaci,Joga zeleny sal
17.05.2017 20:40,20.05.2017,Powerjoga,15:50,16:50,2,20,Veronika  Brozova CJ / EN,dynamicka posilovaci,Joga zeleny sal
20.05.2017 11:20,20.05.2017,Powerjoga,15:50,16:50,3,20,Veronika  Brozova CJ / EN,dynamicka posilovaci,Joga zeleny sal
20.05.2017 11:29,20.05.2017,Powerjoga,15:50,16:50,4,20,Veronika  Brozova CJ / EN,dynamicka posilovaci,Joga zeleny sal
14.05.2017 23:59,20.05.2017,Jemna joga,17:00,18:30,0,20,Veronika  Brozova CJ / EN,klidna protahovaci,Joga zeleny sal
17.05.2017 13:20,20.05.2017,Jemna joga,17:00,18:30,1,20,Veronika  Brozova CJ / EN,klidna protahovaci,Joga zeleny sal
19.05.2017 08:04,20.05.2017,Jemna joga,17:00,18:30,2,20,Veronika  Brozova CJ / EN,klidna protahovaci,Joga zeleny sal
19.05.2017 15:36,20.05.2017,Jemna joga,17:00,18:30,4,20,Veronika  Brozova CJ / EN,klidna protahovaci,Joga zeleny sal
20.05.2017 08:16,20.05.2017,Jemna joga,17:00,18:30,5,20,Veronika  Brozova CJ / EN,klidna protahovaci,Joga zeleny sal
20.05.2017 12:31,20.05.2017,Jemna joga,17:00,18:30,6,20,Veronika  Brozova CJ / EN,klidna protahovaci,Joga zeleny sal
20.05.2017 15:25,20.05.2017,Jemna joga,17:00,18:30,8,20,Veronika  Brozova CJ / EN,klidna protahovaci,Joga zeleny sal
20.05.2017 15:48,20.05.2017,Jemna joga,17:00,18:30,9,20,Veronika  Brozova CJ / EN,klidna protahovaci,Joga zeleny sal
20.05.2017 16:13,20.05.2017,Jemna joga,17:00,18:30,10,20,Veronika  Brozova CJ / EN,klidna protahovaci,Joga zeleny sal
14.05.2017 23:59,20.05.2017,Hatha joga,9:15,10:15,4,20,Martina Dvorakova,klidna protahovaci,Joga zeleny sal
18.05.2017 09:42,20.05.2017,Hatha joga,9:15,10:15,3,20,Martina Dvorakova,klidna protahovaci,Joga zeleny sal
19.05.2017 13:31,20.05.2017,Hatha joga,9:15,10:15,5,20,Martina Dvorakova,klidna protahovaci,Joga zeleny sal
19.05.2017 15:46,20.05.2017,Hatha joga,9:15,10:15,6,20,Martina Dvorakova,klidna protahovaci,Joga zeleny sal
19.05.2017 20:30,20.05.2017,Hatha joga,9:15,10:15,7,20,Martina Dvorakova,klidna protahovaci,Joga zeleny sal
20.05.2017 09:44,20.05.2017,Hatha joga,9:15,10:15,10,20,Martina Dvorakova,klidna protahovaci,Joga zeleny sal
14.05.2017 23:59,21.05.2017,Joga pro zdrava zada,16:05,17:05,0,20,Tomas  Helbig,zdravotni,Joga zeleny sal
14.05.2017 23:59,21.05.2017,Hatha joga,17:10,18:10,0,20,Tomas  Helbig,klidna protahovaci,Joga zeleny sal
18.05.2017 11:05,21.05.2017,Hatha joga,17:10,18:10,1,20,Tomas  Helbig,klidna protahovaci,Joga zeleny sal
19.05.2017 21:15,21.05.2017,Hatha joga,17:10,18:10,3,20,Tomas  Helbig,klidna protahovaci,Joga zeleny sal
20.05.2017 21:05,21.05.2017,Hatha joga,17:10,18:10,4,20,Tomas  Helbig,klidna protahovaci,Joga zeleny sal
20.05.2017 21:07,21.05.2017,Hatha joga,17:10,18:10,5,20,Tomas  Helbig,klidna protahovaci,Joga zeleny sal
20.05.2017 21:36,21.05.2017,Hatha joga,17:10,18:10,6,20,Tomas  Helbig,klidna protahovaci,Joga zeleny sal
21.05.2017 15:48,21.05.2017,Hatha joga,17:10,18:10,7,20,Tomas  Helbig,klidna protahovaci,Joga zeleny sal
21.05.2017 15:52,21.05.2017,Hatha joga,17:10,18:10,8,20,Tomas  Helbig,klidna protahovaci,Joga zeleny sal
21.05.2017 16:01,21.05.2017,Hatha joga,17:10,18:10,9,20,Tomas  Helbig,klidna protahovaci,Joga zeleny sal
21.05.2017 16:28,21.05.2017,Hatha joga,17:10,18:10,10,20,Tomas  Helbig,klidna protahovaci,Joga zeleny sal
21.05.2017 16:37,21.05.2017,Hatha joga,17:10,18:10,11,20,Tomas  Helbig,klidna protahovaci,Joga zeleny sal
21.05.2017 17:03,21.05.2017,Hatha joga,17:10,18:10,12,20,Tomas  Helbig,klidna protahovaci,Joga zeleny sal
21.05.2017 17:04,21.05.2017,Hatha joga,17:10,18:10,13,20,Tomas  Helbig,klidna protahovaci,Joga zeleny sal
21.05.2017 17:05,21.05.2017,Hatha joga,17:10,18:10,14,20,Tomas  Helbig,klidna protahovaci,Joga zeleny sal
14.05.2017 23:59,21.05.2017,Hot joga,18:00,19:30,5,30,Alexandra Mandova,zacatecnici,Hot-joga
15.05.2017 11:42,21.05.2017,Hot joga,18:00,19:30,4,30,Alexandra Mandova,zacatecnici,Hot-joga
21.05.2017 11:05,21.05.2017,Hot joga,18:00,19:30,14,30,Alexandra Mandova,zacatecnici,Hot-joga
21.05.2017 11:06,21.05.2017,Hot joga,18:00,19:30,15,30,Alexandra Mandova,zacatecnici,Hot-joga
21.05.2017 14:13,21.05.2017,Hot joga,18:00,19:30,13,30,Alexandra Mandova,zacatecnici,Hot-joga
21.05.2017 14:28,21.05.2017,Hot joga,18:00,19:30,12,30,Alexandra Mandova,zacatecnici,Hot-joga
15.05.2017 13:35,21.05.2017,Hot joga ZASKOK,18:00,19:30,4,30,Marketa  Samesova,zacatecnici,Hot-joga
16.05.2017 10:46,21.05.2017,Hot joga ZASKOK,18:00,19:30,3,30,Marketa  Samesova,zacatecnici,Hot-joga
17.05.2017 19:12,21.05.2017,Hot joga ZASKOK,18:00,19:30,5,30,Marketa  Samesova,zacatecnici,Hot-joga
18.05.2017 08:11,21.05.2017,Hot joga ZASKOK,18:00,19:30,6,30,Marketa  Samesova,zacatecnici,Hot-joga
19.05.2017 09:28,21.05.2017,Hot joga ZASKOK,18:00,19:30,7,30,Marketa  Samesova,zacatecnici,Hot-joga
19.05.2017 11:38,21.05.2017,Hot joga ZASKOK,18:00,19:30,8,30,Marketa  Samesova,zacatecnici,Hot-joga
19.05.2017 12:01,21.05.2017,Hot joga ZASKOK,18:00,19:30,9,30,Marketa  Samesova,zacatecnici,Hot-joga
19.05.2017 14:34,21.05.2017,Hot joga ZASKOK,18:00,19:30,10,30,Marketa  Samesova,zacatecnici,Hot-joga
19.05.2017 16:45,21.05.2017,Hot joga ZASKOK,18:00,19:30,11,30,Marketa  Samesova,zacatecnici,Hot-joga
20.05.2017 10:23,21.05.2017,Hot joga ZASKOK,18:00,19:30,12,30,Marketa  Samesova,zacatecnici,Hot-joga
20.05.2017 16:22,21.05.2017,Hot joga ZASKOK,18:00,19:30,13,30,Marketa  Samesova,zacatecnici,Hot-joga
20.05.2017 20:24,21.05.2017,Hot joga ZASKOK,18:00,19:30,14,30,Marketa  Samesova,zacatecnici,Hot-joga
14.05.2017 23:59,21.05.2017,Powerjoga - vhodna i pro zacatecniky,18:15,19:45,20,20,Petra Tomkova,dynamicka posilovaci,Joga zeleny sal
20.05.2017 10:37,21.05.2017,Powerjoga - vhodna i pro zacatecniky,18:15,19:45,19,20,Petra Tomkova,dynamicka posilovaci,Joga zeleny sal
21.05.2017 13:24,21.05.2017,Powerjoga - vhodna i pro zacatecniky,18:15,19:45,18,20,Petra Tomkova,dynamicka posilovaci,Joga zeleny sal
21.05.2017 15:02,21.05.2017,Powerjoga - vhodna i pro zacatecniky,18:15,19:45,17,20,Petra Tomkova,dynamicka posilovaci,Joga zeleny sal
21.05.2017 15:08,21.05.2017,Powerjoga - vhodna i pro zacatecniky,18:15,19:45,16,20,Petra Tomkova,dynamicka posilovaci,Joga zeleny sal
14.05.2017 23:59,21.05.2017,Hot joga,19:45,20:45,0,30,Alexandra Mandova,dynamicka posilovaci,Hot-joga
21.05.2017 11:06,21.05.2017,Hot joga,19:45,20:45,2,30,Alexandra Mandova,dynamicka posilovaci,Hot-joga
21.05.2017 13:18,21.05.2017,Hot joga,19:45,20:45,3,30,Alexandra Mandova,dynamicka posilovaci,Hot-joga
21.05.2017 14:31,21.05.2017,Hot joga,19:45,20:45,4,30,Alexandra Mandova,dynamicka posilovaci,Hot-joga
21.05.2017 17:00,21.05.2017,Hot joga,19:45,20:45,5,30,Alexandra Mandova,dynamicka posilovaci,Hot-joga
21.05.2017 19:55,21.05.2017,Hot joga,19:45,20:45,7,30,Alexandra Mandova,dynamicka posilovaci,Hot-joga
21.05.2017 19:56,21.05.2017,Hot joga,19:45,20:45,8,30,Alexandra Mandova,dynamicka posilovaci,Hot-joga
15.05.2017 13:35,21.05.2017,Hot joga ZASKOK,19:45,20:45,0,30,Marketa  Samesova,dynamicka posilovaci,Hot-joga
19.05.2017 15:22,21.05.2017,Hot joga ZASKOK,19:45,20:45,1,30,Marketa  Samesova,dynamicka posilovaci,Hot-joga
20.05.2017 18:17,21.05.2017,Hot joga ZASKOK,19:45,20:45,2,30,Marketa  Samesova,dynamicka posilovaci,Hot-joga
14.05.2017 23:59,21.05.2017,Intenzivni kurz jogy - uzavreny kurz,20:05,21:35,0,0,Katka  Prymkova  CJ / EN,,Joga zeleny sal
21.05.2017 23:57,22.05.2017,Joga pro zdrava zada - vhodna pro zacatecniky,10:15,11:15,0,20,Silvie Cifrincova,zdravotni,Joga zeleny sal
21.05.2017 23:57,22.05.2017,Power joga,11:25,12:10,2,20,Tomas  Helbig,dynamicka posilovaci,Joga zeleny sal
22.05.2017 09:22,22.05.2017,Power joga,11:25,12:10,3,20,Tomas  Helbig,dynamicka posilovaci,Joga zeleny sal
22.05.2017 10:22,22.05.2017,Power joga,11:25,12:10,4,20,Tomas  Helbig,dynamicka posilovaci,Joga zeleny sal
22.05.2017 10:53,22.05.2017,Power joga,11:25,12:10,5,20,Tomas  Helbig,dynamicka posilovaci,Joga zeleny sal
22.05.2017 11:08,22.05.2017,Power joga,11:25,12:10,6,20,Tomas  Helbig,dynamicka posilovaci,Joga zeleny sal
22.05.2017 11:10,22.05.2017,Power joga,11:25,12:10,7,20,Tomas  Helbig,dynamicka posilovaci,Joga zeleny sal
22.05.2017 11:19,22.05.2017,Power joga,11:25,12:10,8,20,Tomas  Helbig,dynamicka posilovaci,Joga zeleny sal
21.05.2017 23:57,22.05.2017,Hatha joga - sal je mirne vyhraty,11:30,12:30,0,30,Alexandra Mandova,klidna protahovaci,Joga modry sal
22.05.2017 10:01,22.05.2017,Hatha joga - sal je mirne vyhraty,11:30,12:30,1,30,Alexandra Mandova,klidna protahovaci,Joga modry sal
21.05.2017 23:57,22.05.2017,Powerjoga,12:15,13:00,1,20,Tomas  Helbig,zacatecnici,Joga zeleny sal
22.05.2017 00:48,22.05.2017,Powerjoga,12:15,13:00,0,20,Tomas  Helbig,zacatecnici,Joga zeleny sal
22.05.2017 09:51,22.05.2017,Powerjoga,12:15,13:00,2,20,Tomas  Helbig,zacatecnici,Joga zeleny sal
22.05.2017 10:23,22.05.2017,Powerjoga,12:15,13:00,3,20,Tomas  Helbig,zacatecnici,Joga zeleny sal
22.05.2017 10:38,22.05.2017,Powerjoga,12:15,13:00,4,20,Tomas  Helbig,zacatecnici,Joga zeleny sal
22.05.2017 11:21,22.05.2017,Powerjoga,12:15,13:00,5,20,Tomas  Helbig,zacatecnici,Joga zeleny sal
22.05.2017 11:32,22.05.2017,Powerjoga,12:15,13:00,6,20,Tomas  Helbig,zacatecnici,Joga zeleny sal
22.05.2017 12:08,22.05.2017,Powerjoga,12:15,13:00,7,20,Tomas  Helbig,zacatecnici,Joga zeleny sal
21.05.2017 23:57,22.05.2017,Jemna joga,15:05,16:05,3,20,Vera Vojtechova,klidna protahovaci,Joga zeleny sal
22.05.2017 08:51,22.05.2017,Jemna joga,15:05,16:05,4,20,Vera Vojtechova,klidna protahovaci,Joga zeleny sal
22.05.2017 08:52,22.05.2017,Jemna joga,15:05,16:05,5,20,Vera Vojtechova,klidna protahovaci,Joga zeleny sal
22.05.2017 11:49,22.05.2017,Jemna joga,15:05,16:05,6,20,Vera Vojtechova,klidna protahovaci,Joga zeleny sal
22.05.2017 14:13,22.05.2017,Jemna joga,15:05,16:05,7,20,Vera Vojtechova,klidna protahovaci,Joga zeleny sal
22.05.2017 14:43,22.05.2017,Jemna joga,15:05,16:05,8,20,Vera Vojtechova,klidna protahovaci,Joga zeleny sal
21.05.2017 23:57,22.05.2017,Joga pro zdrava zada - vhodna pro zacatecniky,16:10,17:10,7,20,Vera Vojtechova,zdravotni,Joga zeleny sal
22.05.2017 08:03,22.05.2017,Joga pro zdrava zada - vhodna pro zacatecniky,16:10,17:10,6,20,Vera Vojtechova,zdravotni,Joga zeleny sal
22.05.2017 12:51,22.05.2017,Joga pro zdrava zada - vhodna pro zacatecniky,16:10,17:10,8,20,Vera Vojtechova,zdravotni,Joga zeleny sal
22.05.2017 13:33,22.05.2017,Joga pro zdrava zada - vhodna pro zacatecniky,16:10,17:10,9,20,Vera Vojtechova,zdravotni,Joga zeleny sal
22.05.2017 13:46,22.05.2017,Joga pro zdrava zada - vhodna pro zacatecniky,16:10,17:10,10,20,Vera Vojtechova,zdravotni,Joga zeleny sal
21.05.2017 23:57,22.05.2017,Hot joga,16:40,17:40,5,30,Veronika  Brozova CJ / EN,zacatecnici,Hot-joga
22.05.2017 08:06,22.05.2017,Hot joga,16:40,17:40,4,30,Veronika  Brozova CJ / EN,zacatecnici,Hot-joga
22.05.2017 14:51,22.05.2017,Hot joga,16:40,17:40,6,30,Veronika  Brozova CJ / EN,zacatecnici,Hot-joga
22.05.2017 15:36,22.05.2017,Hot joga,16:40,17:40,8,30,Veronika  Brozova CJ / EN,zacatecnici,Hot-joga
22.05.2017 15:41,22.05.2017,Hot joga,16:40,17:40,9,30,Veronika  Brozova CJ / EN,zacatecnici,Hot-joga
22.05.2017 15:42,22.05.2017,Hot joga,16:40,17:40,10,30,Veronika  Brozova CJ / EN,zacatecnici,Hot-joga
22.05.2017 16:18,22.05.2017,Hot joga,16:40,17:40,11,30,Veronika  Brozova CJ / EN,zacatecnici,Hot-joga
21.05.2017 23:57,22.05.2017,Ashtanga joga,17:20,18:50,6,20,Katka  Prymkova  CJ / EN,dynamicka posilovaci,Joga zeleny sal
22.05.2017 07:41,22.05.2017,Ashtanga joga,17:20,18:50,7,20,Katka  Prymkova  CJ / EN,dynamicka posilovaci,Joga zeleny sal
22.05.2017 11:34,22.05.2017,Ashtanga joga,17:20,18:50,6,20,Tomas  Helbig,dynamicka posilovaci,Joga zeleny sal
22.05.2017 11:40,22.05.2017,Ashtanga joga,17:20,18:50,5,20,Tomas  Helbig,dynamicka posilovaci,Joga zeleny sal
22.05.2017 11:49,22.05.2017,Ashtanga joga,17:20,18:50,4,20,Tomas  Helbig,dynamicka posilovaci,Joga zeleny sal
21.05.2017 23:57,22.05.2017,Hot joga,18:00,19:30,3,30,Monika Stuart,klidna protahovaci,Hot-joga
22.05.2017 07:11,22.05.2017,Hot joga,18:00,19:30,2,30,Monika Stuart,klidna protahovaci,Hot-joga
22.05.2017 09:12,22.05.2017,Hot joga,18:00,19:30,4,30,Monika Stuart,klidna protahovaci,Hot-joga
22.05.2017 11:19,22.05.2017,Hot joga,18:00,19:30,5,30,Monika Stuart,klidna protahovaci,Hot-joga
22.05.2017 12:28,22.05.2017,Hot joga,18:00,19:30,6,30,Monika Stuart,klidna protahovaci,Hot-joga
22.05.2017 12:31,22.05.2017,Hot joga,18:00,19:30,7,30,Monika Stuart,klidna protahovaci,Hot-joga
22.05.2017 13:12,22.05.2017,Hot joga,18:00,19:30,8,30,Monika Stuart,klidna protahovaci,Hot-joga
22.05.2017 13:31,22.05.2017,Hot joga,18:00,19:30,10,30,Monika Stuart,klidna protahovaci,Hot-joga
22.05.2017 15:37,22.05.2017,Hot joga,18:00,19:30,11,30,Monika Stuart,klidna protahovaci,Hot-joga
22.05.2017 17:06,22.05.2017,Hot joga,18:00,19:30,12,30,Monika Stuart,klidna protahovaci,Hot-joga
22.05.2017 17:22,22.05.2017,Hot joga,18:00,19:30,13,30,Monika Stuart,klidna protahovaci,Hot-joga
22.05.2017 18:00,22.05.2017,Hot joga,18:00,19:30,14,30,Monika Stuart,klidna protahovaci,Hot-joga
21.05.2017 23:57,22.05.2017,Hatha joga,18:55,19:55,9,20,Katka  Prymkova  CJ / EN,klidna protahovaci,Joga zeleny sal
22.05.2017 08:19,22.05.2017,Hatha joga,18:55,19:55,10,20,Katka  Prymkova  CJ / EN,klidna protahovaci,Joga zeleny sal
22.05.2017 09:01,22.05.2017,Hatha joga,18:55,19:55,11,20,Katka  Prymkova  CJ / EN,klidna protahovaci,Joga zeleny sal
22.05.2017 11:35,22.05.2017,Hatha joga,18:55,19:55,11,20,Tomas  Helbig,klidna protahovaci,Joga zeleny sal
22.05.2017 11:47,22.05.2017,Hatha joga,18:55,19:55,10,20,Tomas  Helbig,klidna protahovaci,Joga zeleny sal
22.05.2017 17:52,22.05.2017,Hatha joga,18:55,19:55,12,20,Tomas  Helbig,klidna protahovaci,Joga zeleny sal
22.05.2017 18:44,22.05.2017,Hatha joga,18:55,19:55,13,20,Tomas  Helbig,klidna protahovaci,Joga zeleny sal
22.05.2017 18:53,22.05.2017,Hatha joga,18:55,19:55,14,20,Tomas  Helbig,klidna protahovaci,Joga zeleny sal
21.05.2017 23:57,22.05.2017,Hot joga,19:45,21:15,2,30,Marketa  Samesova,dynamicka posilovaci,Hot-joga
22.05.2017 08:20,22.05.2017,Hot joga,19:45,21:15,3,30,Marketa  Samesova,dynamicka posilovaci,Hot-joga
22.05.2017 11:15,22.05.2017,Hot joga,19:45,21:15,4,30,Marketa  Samesova,dynamicka posilovaci,Hot-joga
21.05.2017 23:57,22.05.2017,Powerjoga,7:00,8:00,4,20,Andrea Hraskova,zacatecnici,Joga zeleny sal
22.05.2017 06:09,22.05.2017,Powerjoga,7:00,8:00,3,20,Andrea Hraskova,zacatecnici,Joga zeleny sal
21.05.2017 23:57,22.05.2017,Hatha joga - vhodna i pro zacatecniky,8:05,8:50,2,20,Andrea Hraskova,klidna protahovaci,Joga zeleny sal
22.05.2017 06:44,22.05.2017,Hatha joga - vhodna i pro zacatecniky,8:05,8:50,3,20,Andrea Hraskova,klidna protahovaci,Joga zeleny sal
22.05.2017 07:50,22.05.2017,Hatha joga - vhodna i pro zacatecniky,8:05,8:50,4,20,Andrea Hraskova,klidna protahovaci,Joga zeleny sal
22.05.2017 07:59,22.05.2017,Hatha joga - vhodna i pro zacatecniky,8:05,8:50,5,20,Andrea Hraskova,klidna protahovaci,Joga zeleny sal
21.05.2017 23:57,22.05.2017,Powerjoga,9:10,10:10,0,20,Silvie Cifrincova,dynamicka posilovaci,Joga zeleny sal
21.05.2017 23:57,23.05.2017,Jemna joga,10:20,11:20,1,20,Katerina  Kornova,klidna protahovaci,Joga zeleny sal
23.05.2017 07:37,23.05.2017,Jemna joga,10:20,11:20,0,20,Katerina  Kornova,klidna protahovaci,Joga zeleny sal
21.05.2017 23:57,23.05.2017,Joga pro seniory,10:35,11:35,1,30,Blanka Lorencova,klidna protahovaci,Joga modry sal
22.05.2017 12:11,23.05.2017,Joga pro seniory,10:35,11:35,2,30,Blanka Lorencova,klidna protahovaci,Joga modry sal
23.05.2017 07:26,23.05.2017,Joga pro seniory,10:35,11:35,3,30,Blanka Lorencova,klidna protahovaci,Joga modry sal
21.05.2017 23:57,23.05.2017,Joga pro zdrava zada,11:25,12:10,0,20,Katerina  Kornova,zdravotni,Joga zeleny sal
21.05.2017 23:57,23.05.2017,Powerjoga,11:40,12:25,1,30,Karolina Chudobova,zacatecnici,Joga modry sal
23.05.2017 08:39,23.05.2017,Powerjoga,11:40,12:25,2,30,Karolina Chudobova,zacatecnici,Joga modry sal
23.05.2017 09:01,23.05.2017,Powerjoga,11:40,12:25,3,30,Karolina Chudobova,zacatecnici,Joga modry sal
23.05.2017 09:18,23.05.2017,Powerjoga,11:40,12:25,4,30,Karolina Chudobova,zacatecnici,Joga modry sal
23.05.2017 09:27,23.05.2017,Powerjoga,11:40,12:25,5,30,Karolina Chudobova,zacatecnici,Joga modry sal
23.05.2017 09:43,23.05.2017,Powerjoga,11:40,12:25,6,30,Karolina Chudobova,zacatecnici,Joga modry sal
23.05.2017 09:53,23.05.2017,Powerjoga,11:40,12:25,7,30,Karolina Chudobova,zacatecnici,Joga modry sal
23.05.2017 10:53,23.05.2017,Powerjoga,11:40,12:25,8,30,Karolina Chudobova,zacatecnici,Joga modry sal
23.05.2017 11:22,23.05.2017,Powerjoga,11:40,12:25,9,30,Karolina Chudobova,zacatecnici,Joga modry sal
23.05.2017 11:27,23.05.2017,Powerjoga,11:40,12:25,10,30,Karolina Chudobova,zacatecnici,Joga modry sal
23.05.2017 11:31,23.05.2017,Powerjoga,11:40,12:25,11,30,Karolina Chudobova,zacatecnici,Joga modry sal
21.05.2017 23:57,23.05.2017,Joga pro zdrava zada,12:15,13:00,0,20,Katerina  Kornova,zdravotni,Joga zeleny sal
22.05.2017 10:24,23.05.2017,Joga pro zdrava zada,12:15,13:00,1,20,Katerina  Kornova,zdravotni,Joga zeleny sal
22.05.2017 12:04,23.05.2017,Joga pro zdrava zada,12:15,13:00,2,20,Katerina  Kornova,zdravotni,Joga zeleny sal
22.05.2017 14:08,23.05.2017,Joga pro zdrava zada,12:15,13:00,3,20,Katerina  Kornova,zdravotni,Joga zeleny sal
21.05.2017 23:57,23.05.2017,Powerjoga,12:30,13:15,3,30,Karolina Chudobova,dynamicka posilovaci,Joga modry sal
22.05.2017 11:12,23.05.2017,Powerjoga,12:30,13:15,4,30,Karolina Chudobova,dynamicka posilovaci,Joga modry sal
22.05.2017 11:48,23.05.2017,Powerjoga,12:30,13:15,5,30,Karolina Chudobova,dynamicka posilovaci,Joga modry sal
22.05.2017 16:00,23.05.2017,Powerjoga,12:30,13:15,6,30,Karolina Chudobova,dynamicka posilovaci,Joga modry sal
23.05.2017 08:54,23.05.2017,Powerjoga,12:30,13:15,7,30,Karolina Chudobova,dynamicka posilovaci,Joga modry sal
23.05.2017 10:14,23.05.2017,Powerjoga,12:30,13:15,8,30,Karolina Chudobova,dynamicka posilovaci,Joga modry sal
23.05.2017 10:38,23.05.2017,Powerjoga,12:30,13:15,9,30,Karolina Chudobova,dynamicka posilovaci,Joga modry sal
23.05.2017 11:16,23.05.2017,Powerjoga,12:30,13:15,10,30,Karolina Chudobova,dynamicka posilovaci,Joga modry sal
23.05.2017 12:19,23.05.2017,Powerjoga,12:30,13:15,11,30,Karolina Chudobova,dynamicka posilovaci,Joga modry sal
23.05.2017 12:26,23.05.2017,Powerjoga,12:30,13:15,12,30,Karolina Chudobova,dynamicka posilovaci,Joga modry sal
23.05.2017 12:27,23.05.2017,Powerjoga,12:30,13:15,13,30,Karolina Chudobova,dynamicka posilovaci,Joga modry sal
21.05.2017 23:57,23.05.2017,Powerjoga,15:15,16:15,0,20,Alexandra Mandova,dynamicka posilovaci,Joga zeleny sal
23.05.2017 11:40,23.05.2017,Powerjoga,15:15,16:15,1,20,Alexandra Mandova,dynamicka posilovaci,Joga zeleny sal
23.05.2017 14:31,23.05.2017,Powerjoga,15:15,16:15,2,20,Alexandra Mandova,dynamicka posilovaci,Joga zeleny sal
21.05.2017 23:57,23.05.2017,Hatha joga,16:20,17:20,20,20,Lubica Vodvarkova,klidna protahovaci,Joga zeleny sal
22.05.2017 11:41,23.05.2017,Hatha joga,16:20,17:20,19,20,Lubica Vodvarkova,klidna protahovaci,Joga zeleny sal
21.05.2017 23:57,23.05.2017,Hot joga,16:40,17:40,2,30,Alexandra Mandova,zacatecnici,Hot-joga
23.05.2017 00:21,23.05.2017,Hot joga,16:40,17:40,1,30,Alexandra Mandova,zacatecnici,Hot-joga
23.05.2017 09:17,23.05.2017,Hot joga,16:40,17:40,3,30,Alexandra Mandova,zacatecnici,Hot-joga
23.05.2017 09:21,23.05.2017,Hot joga,16:40,17:40,4,30,Alexandra Mandova,zacatecnici,Hot-joga
23.05.2017 13:50,23.05.2017,Hot joga,16:40,17:40,5,30,Alexandra Mandova,zacatecnici,Hot-joga
23.05.2017 14:33,23.05.2017,Hot joga,16:40,17:40,6,30,Alexandra Mandova,zacatecnici,Hot-joga
23.05.2017 16:13,23.05.2017,Hot joga,16:40,17:40,7,30,Alexandra Mandova,zacatecnici,Hot-joga
23.05.2017 16:23,23.05.2017,Hot joga,16:40,17:40,9,30,Alexandra Mandova,zacatecnici,Hot-joga
21.05.2017 23:57,23.05.2017,Jemna joga,17:25,18:25,20,20,Lubica Vodvarkova,zacatecnici,Joga zeleny sal
22.05.2017 20:16,23.05.2017,Jemna joga,17:25,18:25,19,20,Lubica Vodvarkova,zacatecnici,Joga zeleny sal
21.05.2017 23:57,23.05.2017,Hot joga - vhodna i pro zacatecniky,18:00,19:30,13,30,Petr  Cmund,dynamicka posilovaci,Hot-joga
22.05.2017 08:59,23.05.2017,Hot joga - vhodna i pro zacatecniky,18:00,19:30,14,30,Petr  Cmund,dynamicka posilovaci,Hot-joga
22.05.2017 09:13,23.05.2017,Hot joga - vhodna i pro zacatecniky,18:00,19:30,15,30,Petr  Cmund,dynamicka posilovaci,Hot-joga
22.05.2017 09:48,23.05.2017,Hot joga - vhodna i pro zacatecniky,18:00,19:30,16,30,Petr  Cmund,dynamicka posilovaci,Hot-joga
22.05.2017 10:03,23.05.2017,Hot joga - vhodna i pro zacatecniky,18:00,19:30,17,30,Petr  Cmund,dynamicka posilovaci,Hot-joga
22.05.2017 15:44,23.05.2017,Hot joga - vhodna i pro zacatecniky,18:00,19:30,18,30,Petr  Cmund,dynamicka posilovaci,Hot-joga
22.05.2017 18:01,23.05.2017,Hot joga - vhodna i pro zacatecniky,18:00,19:30,19,30,Petr  Cmund,dynamicka posilovaci,Hot-joga
22.05.2017 20:02,23.05.2017,Hot joga - vhodna i pro zacatecniky,18:00,19:30,20,30,Petr  Cmund,dynamicka posilovaci,Hot-joga
23.05.2017 08:43,23.05.2017,Hot joga - vhodna i pro zacatecniky,18:00,19:30,22,30,Petr  Cmund,dynamicka posilovaci,Hot-joga
23.05.2017 09:23,23.05.2017,Hot joga - vhodna i pro zacatecniky,18:00,19:30,23,30,Petr  Cmund,dynamicka posilovaci,Hot-joga
23.05.2017 09:48,23.05.2017,Hot joga - vhodna i pro zacatecniky,18:00,19:30,24,30,Petr  Cmund,dynamicka posilovaci,Hot-joga
23.05.2017 11:47,23.05.2017,Hot joga - vhodna i pro zacatecniky,18:00,19:30,25,30,Petr  Cmund,dynamicka posilovaci,Hot-joga
23.05.2017 12:10,23.05.2017,Hot joga - vhodna i pro zacatecniky,18:00,19:30,26,30,Petr  Cmund,dynamicka posilovaci,Hot-joga
23.05.2017 17:47,23.05.2017,Hot joga - vhodna i pro zacatecniky,18:00,19:30,27,30,Petr  Cmund,dynamicka posilovaci,Hot-joga
23.05.2017 17:52,23.05.2017,Hot joga - vhodna i pro zacatecniky,18:00,19:30,28,30,Petr  Cmund,dynamicka posilovaci,Hot-joga
23.05.2017 18:17,23.05.2017,Hot joga - vhodna i pro zacatecniky,18:00,19:30,29,30,Petr  Cmund,dynamicka posilovaci,Hot-joga
23.05.2017 18:18,23.05.2017,Hot joga - vhodna i pro zacatecniky,18:00,19:30,30,30,Petr  Cmund,dynamicka posilovaci,Hot-joga
21.05.2017 23:57,23.05.2017,Gravid joga ZASKOK,18:30,19:30,2,20,Karolina Chudobova,zdravotni,Joga zeleny sal
22.05.2017 14:04,23.05.2017,Gravid joga ZASKOK,18:30,19:30,3,20,Karolina Chudobova,zdravotni,Joga zeleny sal
23.05.2017 17:57,23.05.2017,Gravid joga ZASKOK,18:30,19:30,4,20,Karolina Chudobova,zdravotni,Joga zeleny sal
23.05.2017 18:02,23.05.2017,Gravid joga ZASKOK,18:30,19:30,5,20,Karolina Chudobova,zdravotni,Joga zeleny sal
23.05.2017 18:11,23.05.2017,Gravid joga ZASKOK,18:30,19:30,7,20,Karolina Chudobova,zdravotni,Joga zeleny sal
23.05.2017 18:22,23.05.2017,Gravid joga ZASKOK,18:30,19:30,8,20,Karolina Chudobova,zdravotni,Joga zeleny sal
23.05.2017 18:27,23.05.2017,Gravid joga ZASKOK,18:30,19:30,9,20,Karolina Chudobova,zdravotni,Joga zeleny sal
21.05.2017 23:57,23.05.2017,Kurz powerjogy pro zacatecniky - uzavreny kurz,19:40,21:10,0,0,Marketa Makovska CJ / EN,,Joga zeleny sal
21.05.2017 23:57,23.05.2017,Kurz jogy pro zacatecniky - uzavreny kurz,19:45,21:15,0,0,Richard Holicky,,Joga modry sal
21.05.2017 23:57,23.05.2017,Powerjoga,7:00,8:00,4,20,Hana Hruskova CJ / EN,dynamicka posilovaci,Joga zeleny sal
22.05.2017 10:34,23.05.2017,Powerjoga,7:00,8:00,5,20,Hana Hruskova CJ / EN,dynamicka posilovaci,Joga zeleny sal
22.05.2017 11:27,23.05.2017,Powerjoga,7:00,8:00,6,20,Hana Hruskova CJ / EN,dynamicka posilovaci,Joga zeleny sal
22.05.2017 12:29,23.05.2017,Powerjoga,7:00,8:00,7,20,Hana Hruskova CJ / EN,dynamicka posilovaci,Joga zeleny sal
22.05.2017 13:58,23.05.2017,Powerjoga,7:00,8:00,8,20,Hana Hruskova CJ / EN,dynamicka posilovaci,Joga zeleny sal
22.05.2017 15:42,23.05.2017,Powerjoga,7:00,8:00,9,20,Hana Hruskova CJ / EN,dynamicka posilovaci,Joga zeleny sal
21.05.2017 23:57,23.05.2017,Powerjoga,8:05,9:05,2,20,Hana Hruskova CJ / EN,zacatecnici,Joga zeleny sal
22.05.2017 09:22,23.05.2017,Powerjoga,8:05,9:05,3,20,Hana Hruskova CJ / EN,zacatecnici,Joga zeleny sal
22.05.2017 20:20,23.05.2017,Powerjoga,8:05,9:05,4,20,Hana Hruskova CJ / EN,zacatecnici,Joga zeleny sal
23.05.2017 07:51,23.05.2017,Powerjoga,8:05,9:05,5,20,Hana Hruskova CJ / EN,zacatecnici,Joga zeleny sal
21.05.2017 23:57,24.05.2017,Kurz jogy pro zacatecniky - uzavreny kurz,10:00,11:30,0,0,Richard Holicky,,Joga zeleny sal
21.05.2017 23:57,24.05.2017,Jemna joga - vhodna i pro seniory,10:15,11:15,0,30,Daniela  Fremuntova,klidna protahovaci,Joga modry sal
21.05.2017 23:57,24.05.2017,Powerjoga,11:25,12:10,1,30,Daniela  Fremuntova,dynamicka posilovaci,Joga modry sal
22.05.2017 10:22,24.05.2017,Powerjoga,11:25,12:10,2,30,Daniela  Fremuntova,dynamicka posilovaci,Joga modry sal
22.05.2017 11:48,24.05.2017,Powerjoga,11:25,12:10,3,30,Daniela  Fremuntova,dynamicka posilovaci,Joga modry sal
24.05.2017 11:02,24.05.2017,Powerjoga,11:25,12:10,4,30,Daniela  Fremuntova,dynamicka posilovaci,Joga modry sal
24.05.2017 11:07,24.05.2017,Powerjoga,11:25,12:10,6,30,Daniela  Fremuntova,dynamicka posilovaci,Joga modry sal
24.05.2017 11:08,24.05.2017,Powerjoga,11:25,12:10,7,30,Daniela  Fremuntova,dynamicka posilovaci,Joga modry sal
24.05.2017 11:13,24.05.2017,Powerjoga,11:25,12:10,8,30,Daniela  Fremuntova,dynamicka posilovaci,Joga modry sal
24.05.2017 11:19,24.05.2017,Powerjoga,11:25,12:10,9,30,Daniela  Fremuntova,dynamicka posilovaci,Joga modry sal
21.05.2017 23:57,24.05.2017,Joga pro zdrava zada,11:40,12:25,1,20,Katerina  Kornova,zdravotni,Joga zeleny sal
23.05.2017 09:44,24.05.2017,Joga pro zdrava zada,11:40,12:25,2,20,Katerina  Kornova,zdravotni,Joga zeleny sal
23.05.2017 10:51,24.05.2017,Joga pro zdrava zada,11:40,12:25,3,20,Katerina  Kornova,zdravotni,Joga zeleny sal
23.05.2017 12:43,24.05.2017,Joga pro zdrava zada,11:40,12:25,4,20,Katerina  Kornova,zdravotni,Joga zeleny sal
23.05.2017 20:54,24.05.2017,Joga pro zdrava zada,11:40,12:25,5,20,Katerina  Kornova,zdravotni,Joga zeleny sal
24.05.2017 07:46,24.05.2017,Joga pro zdrava zada,11:40,12:25,6,20,Katerina  Kornova,zdravotni,Joga zeleny sal
24.05.2017 08:55,24.05.2017,Joga pro zdrava zada,11:40,12:25,7,20,Katerina  Kornova,zdravotni,Joga zeleny sal
24.05.2017 09:07,24.05.2017,Joga pro zdrava zada,11:40,12:25,8,20,Katerina  Kornova,zdravotni,Joga zeleny sal
24.05.2017 10:07,24.05.2017,Joga pro zdrava zada,11:40,12:25,9,20,Katerina  Kornova,zdravotni,Joga zeleny sal
24.05.2017 10:31,24.05.2017,Joga pro zdrava zada,11:40,12:25,10,20,Katerina  Kornova,zdravotni,Joga zeleny sal
24.05.2017 10:56,24.05.2017,Joga pro zdrava zada,11:40,12:25,11,20,Katerina  Kornova,zdravotni,Joga zeleny sal
24.05.2017 11:33,24.05.2017,Joga pro zdrava zada,11:40,12:25,12,20,Katerina  Kornova,zdravotni,Joga zeleny sal
21.05.2017 23:57,24.05.2017,Powerjoga,12:15,13:00,0,30,Daniela  Fremuntova,zacatecnici,Joga modry sal
24.05.2017 10:45,24.05.2017,Powerjoga,12:15,13:00,1,30,Daniela  Fremuntova,zacatecnici,Joga modry sal
24.05.2017 10:58,24.05.2017,Powerjoga,12:15,13:00,2,30,Daniela  Fremuntova,zacatecnici,Joga modry sal
24.05.2017 11:05,24.05.2017,Powerjoga,12:15,13:00,3,30,Daniela  Fremuntova,zacatecnici,Joga modry sal
24.05.2017 11:42,24.05.2017,Powerjoga,12:15,13:00,4,30,Daniela  Fremuntova,zacatecnici,Joga modry sal
24.05.2017 12:05,24.05.2017,Powerjoga,12:15,13:00,5,30,Daniela  Fremuntova,zacatecnici,Joga modry sal
21.05.2017 23:57,24.05.2017,Joga pro zdrava zada,12:30,13:15,0,20,Katerina  Kornova,zdravotni,Joga zeleny sal
24.05.2017 10:25,24.05.2017,Joga pro zdrava zada,12:30,13:15,1,20,Katerina  Kornova,zdravotni,Joga zeleny sal
24.05.2017 10:59,24.05.2017,Joga pro zdrava zada,12:30,13:15,2,20,Katerina  Kornova,zdravotni,Joga zeleny sal
24.05.2017 11:08,24.05.2017,Joga pro zdrava zada,12:30,13:15,3,20,Katerina  Kornova,zdravotni,Joga zeleny sal
24.05.2017 11:09,24.05.2017,Joga pro zdrava zada,12:30,13:15,4,20,Katerina  Kornova,zdravotni,Joga zeleny sal
24.05.2017 11:31,24.05.2017,Joga pro zdrava zada,12:30,13:15,5,20,Katerina  Kornova,zdravotni,Joga zeleny sal
21.05.2017 23:57,24.05.2017,Joga zamerena na zdrava zada,16:20,17:20,4,20,Alexandra Mandova,zdravotni,Joga zeleny sal
23.05.2017 09:03,24.05.2017,Joga zamerena na zdrava zada,16:20,17:20,5,20,Alexandra Mandova,zdravotni,Joga zeleny sal
23.05.2017 14:22,24.05.2017,Joga zamerena na zdrava zada,16:20,17:20,6,20,Alexandra Mandova,zdravotni,Joga zeleny sal
23.05.2017 19:24,24.05.2017,Joga zamerena na zdrava zada,16:20,17:20,7,20,Alexandra Mandova,zdravotni,Joga zeleny sal
23.05.2017 19:29,24.05.2017,Joga zamerena na zdrava zada,16:20,17:20,8,20,Alexandra Mandova,zdravotni,Joga zeleny sal
24.05.2017 15:53,24.05.2017,Joga zamerena na zdrava zada,16:20,17:20,9,20,Alexandra Mandova,zdravotni,Joga zeleny sal
24.05.2017 16:06,24.05.2017,Joga zamerena na zdrava zada,16:20,17:20,10,20,Alexandra Mandova,zdravotni,Joga zeleny sal
24.05.2017 16:08,24.05.2017,Joga zamerena na zdrava zada,16:20,17:20,11,20,Alexandra Mandova,zdravotni,Joga zeleny sal
24.05.2017 16:09,24.05.2017,Joga zamerena na zdrava zada,16:20,17:20,12,20,Alexandra Mandova,zdravotni,Joga zeleny sal
21.05.2017 23:57,24.05.2017,Hot joga,16:30,17:30,0,30,Lenka Uhlikova,klidna protahovaci,Hot-joga
22.05.2017 10:41,24.05.2017,Hot joga,16:30,17:30,1,30,Lenka Uhlikova,klidna protahovaci,Hot-joga
23.05.2017 13:07,24.05.2017,Hot joga,16:30,17:30,2,30,Lenka Uhlikova,klidna protahovaci,Hot-joga
21.05.2017 23:57,24.05.2017,Powerjoga,17:25,18:25,3,20,Alexandra Mandova,dynamicka posilovaci,Joga zeleny sal
22.05.2017 12:11,24.05.2017,Powerjoga,17:25,18:25,4,20,Alexandra Mandova,dynamicka posilovaci,Joga zeleny sal
23.05.2017 12:17,24.05.2017,Powerjoga,17:25,18:25,5,20,Alexandra Mandova,dynamicka posilovaci,Joga zeleny sal
23.05.2017 14:44,24.05.2017,Powerjoga,17:25,18:25,6,20,Alexandra Mandova,dynamicka posilovaci,Joga zeleny sal
24.05.2017 07:43,24.05.2017,Powerjoga,17:25,18:25,7,20,Alexandra Mandova,dynamicka posilovaci,Joga zeleny sal
24.05.2017 09:50,24.05.2017,Powerjoga,17:25,18:25,8,20,Alexandra Mandova,dynamicka posilovaci,Joga zeleny sal
24.05.2017 16:39,24.05.2017,Powerjoga,17:25,18:25,9,20,Alexandra Mandova,dynamicka posilovaci,Joga zeleny sal
24.05.2017 17:16,24.05.2017,Powerjoga,17:25,18:25,11,20,Alexandra Mandova,dynamicka posilovaci,Joga zeleny sal
21.05.2017 23:57,24.05.2017,Hot joga,18:00,19:30,1,30,Marketa  Samesova,dynamicka posilovaci,Hot-joga
22.05.2017 09:40,24.05.2017,Hot joga,18:00,19:30,0,30,Marketa  Samesova,dynamicka posilovaci,Hot-joga
23.05.2017 15:40,24.05.2017,Hot joga,18:00,19:30,2,30,Marketa  Samesova,dynamicka posilovaci,Hot-joga
24.05.2017 07:45,24.05.2017,Hot joga,18:00,19:30,3,30,Marketa  Samesova,dynamicka posilovaci,Hot-joga
24.05.2017 08:41,24.05.2017,Hot joga,18:00,19:30,4,30,Marketa  Samesova,dynamicka posilovaci,Hot-joga
24.05.2017 10:25,24.05.2017,Hot joga,18:00,19:30,5,30,Marketa  Samesova,dynamicka posilovaci,Hot-joga
24.05.2017 10:56,24.05.2017,Hot joga,18:00,19:30,6,30,Marketa  Samesova,dynamicka posilovaci,Hot-joga
24.05.2017 11:23,24.05.2017,Hot joga ZASKOK,18:00,19:30,6,30,Monika Vlachova,dynamicka posilovaci,Hot-joga
24.05.2017 16:04,24.05.2017,Hot joga ZASKOK,18:00,19:30,7,30,Monika Vlachova,dynamicka posilovaci,Hot-joga
24.05.2017 16:10,24.05.2017,Hot joga ZASKOK,18:00,19:30,8,30,Monika Vlachova,dynamicka posilovaci,Hot-joga
21.05.2017 23:57,24.05.2017,Hatha joga - vedoma- harmonicka joga,18:30,20:00,1,20,Marie Kmochova,klidna protahovaci,Joga zeleny sal
22.05.2017 09:00,24.05.2017,Hatha joga - vedoma- harmonicka joga,18:30,20:00,2,20,Marie Kmochova,klidna protahovaci,Joga zeleny sal
23.05.2017 19:25,24.05.2017,Hatha joga - vedoma- harmonicka joga,18:30,20:00,3,20,Marie Kmochova,klidna protahovaci,Joga zeleny sal
23.05.2017 20:40,24.05.2017,Hatha joga - vedoma- harmonicka joga,18:30,20:00,4,20,Marie Kmochova,klidna protahovaci,Joga zeleny sal
24.05.2017 12:37,24.05.2017,Hatha joga - vedoma- harmonicka joga,18:30,20:00,5,20,Marie Kmochova,klidna protahovaci,Joga zeleny sal
24.05.2017 13:29,24.05.2017,Hatha joga - vedoma- harmonicka joga,18:30,20:00,6,20,Marie Kmochova,klidna protahovaci,Joga zeleny sal
24.05.2017 16:42,24.05.2017,Hatha joga - vedoma- harmonicka joga,18:30,20:00,7,20,Marie Kmochova,klidna protahovaci,Joga zeleny sal
24.05.2017 17:52,24.05.2017,Hatha joga - vedoma- harmonicka joga,18:30,20:00,8,20,Marie Kmochova,klidna protahovaci,Joga zeleny sal
24.05.2017 18:19,24.05.2017,Hatha joga - vedoma- harmonicka joga,18:30,20:00,9,20,Marie Kmochova,klidna protahovaci,Joga zeleny sal
24.05.2017 18:20,24.05.2017,Hatha joga - vedoma- harmonicka joga,18:30,20:00,10,20,Marie Kmochova,klidna protahovaci,Joga zeleny sal
24.05.2017 18:21,24.05.2017,Hatha joga - vedoma- harmonicka joga,18:30,20:00,11,20,Marie Kmochova,klidna protahovaci,Joga zeleny sal
24.05.2017 18:23,24.05.2017,Hatha joga - vedoma- harmonicka joga,18:30,20:00,12,20,Marie Kmochova,klidna protahovaci,Joga zeleny sal
21.05.2017 23:57,24.05.2017,Hot joga,19:45,21:15,1,30,Jarmila Kucmasova,zacatecnici,Hot-joga
22.05.2017 09:41,24.05.2017,Hot joga,19:45,21:15,2,30,Jarmila Kucmasova,zacatecnici,Hot-joga
22.05.2017 21:27,24.05.2017,Hot joga,19:45,21:15,3,30,Jarmila Kucmasova,zacatecnici,Hot-joga
23.05.2017 14:08,24.05.2017,Hot joga,19:45,21:15,4,30,Jarmila Kucmasova,zacatecnici,Hot-joga
24.05.2017 09:41,24.05.2017,Hot joga,19:45,21:15,5,30,Jarmila Kucmasova,zacatecnici,Hot-joga
24.05.2017 10:45,24.05.2017,Hot joga,19:45,21:15,6,30,Jarmila Kucmasova,zacatecnici,Hot-joga
24.05.2017 13:22,24.05.2017,Hot joga,19:45,21:15,7,30,Jarmila Kucmasova,zacatecnici,Hot-joga
24.05.2017 13:43,24.05.2017,Hot joga,19:45,21:15,8,30,Jarmila Kucmasova,zacatecnici,Hot-joga
24.05.2017 14:39,24.05.2017,Hot joga,19:45,21:15,9,30,Jarmila Kucmasova,zacatecnici,Hot-joga
24.05.2017 14:54,24.05.2017,Hot joga,19:45,21:15,10,30,Jarmila Kucmasova,zacatecnici,Hot-joga
24.05.2017 16:56,24.05.2017,Hot joga,19:45,21:15,11,30,Jarmila Kucmasova,zacatecnici,Hot-joga
24.05.2017 17:44,24.05.2017,Hot joga,19:45,21:15,12,30,Jarmila Kucmasova,zacatecnici,Hot-joga
24.05.2017 18:37,24.05.2017,Hot joga,19:45,21:15,13,30,Jarmila Kucmasova,zacatecnici,Hot-joga
24.05.2017 18:51,24.05.2017,Hot joga,19:45,21:15,14,30,Jarmila Kucmasova,zacatecnici,Hot-joga
24.05.2017 19:28,24.05.2017,Hot joga,19:45,21:15,15,30,Jarmila Kucmasova,zacatecnici,Hot-joga
24.05.2017 19:56,24.05.2017,Hot joga,19:45,21:15,16,30,Jarmila Kucmasova,zacatecnici,Hot-joga
21.05.2017 23:57,24.05.2017,Intenzivni kurz jogy - uzavreny kurz,20:05,21:35,0,0,Katka  Prymkova  CJ / EN,,Joga zeleny sal
21.05.2017 23:57,24.05.2017,Joga - probuzeni patere,7:00,8:00,0,30,Micha  Prach Kotrckova,klidna protahovaci,Joga modry sal
21.05.2017 23:57,24.05.2017,Powerjoga,7:00,8:00,0,20,Veronika  Brozova CJ / EN,zacatecnici,Joga zeleny sal
22.05.2017 12:30,24.05.2017,Powerjoga,7:00,8:00,1,20,Veronika  Brozova CJ / EN,zacatecnici,Joga zeleny sal
23.05.2017 08:55,24.05.2017,Powerjoga,7:00,8:00,2,20,Veronika  Brozova CJ / EN,zacatecnici,Joga zeleny sal
23.05.2017 22:06,24.05.2017,Powerjoga,7:00,8:00,3,20,Veronika  Brozova CJ / EN,zacatecnici,Joga zeleny sal
24.05.2017 05:05,24.05.2017,Powerjoga,7:00,8:00,5,20,Veronika  Brozova CJ / EN,zacatecnici,Joga zeleny sal
24.05.2017 06:45,24.05.2017,Powerjoga,7:00,8:00,6,20,Veronika  Brozova CJ / EN,zacatecnici,Joga zeleny sal
24.05.2017 06:46,24.05.2017,Powerjoga,7:00,8:00,7,20,Veronika  Brozova CJ / EN,zacatecnici,Joga zeleny sal
24.05.2017 06:52,24.05.2017,Powerjoga,7:00,8:00,9,20,Veronika  Brozova CJ / EN,zacatecnici,Joga zeleny sal
24.05.2017 06:53,24.05.2017,Powerjoga,7:00,8:00,10,20,Veronika  Brozova CJ / EN,zacatecnici,Joga zeleny sal
21.05.2017 23:57,24.05.2017,Kundalini joga,8:05,9:35,1,20,Micha  Prach Kotrckova,zacatecnici,Joga zeleny sal
24.05.2017 07:36,24.05.2017,Kundalini joga,8:05,9:35,2,20,Micha  Prach Kotrckova,zacatecnici,Joga zeleny sal
21.05.2017 23:57,25.05.2017,Powerjoga,11:40,12:25,2,20,Marketa Makovska CJ / EN,dynamicka posilovaci,Joga zeleny sal
22.05.2017 10:23,25.05.2017,Powerjoga,11:40,12:25,3,20,Marketa Makovska CJ / EN,dynamicka posilovaci,Joga zeleny sal
22.05.2017 11:49,25.05.2017,Powerjoga,11:40,12:25,4,20,Marketa Makovska CJ / EN,dynamicka posilovaci,Joga zeleny sal
23.05.2017 12:16,25.05.2017,Powerjoga,11:40,12:25,5,20,Marketa Makovska CJ / EN,dynamicka posilovaci,Joga zeleny sal
25.05.2017 09:08,25.05.2017,Powerjoga,11:40,12:25,6,20,Marketa Makovska CJ / EN,dynamicka posilovaci,Joga zeleny sal
25.05.2017 09:38,25.05.2017,Powerjoga,11:40,12:25,7,20,Marketa Makovska CJ / EN,dynamicka posilovaci,Joga zeleny sal
25.05.2017 10:24,25.05.2017,Powerjoga,11:40,12:25,8,20,Marketa Makovska CJ / EN,dynamicka posilovaci,Joga zeleny sal
25.05.2017 10:59,25.05.2017,Powerjoga,11:40,12:25,9,20,Marketa Makovska CJ / EN,dynamicka posilovaci,Joga zeleny sal
25.05.2017 11:26,25.05.2017,Powerjoga,11:40,12:25,10,20,Marketa Makovska CJ / EN,dynamicka posilovaci,Joga zeleny sal
21.05.2017 23:57,25.05.2017,Powerjoga,12:30,13:15,0,20,Marketa Makovska CJ / EN,zacatecnici,Joga zeleny sal
25.05.2017 10:21,25.05.2017,Powerjoga,12:30,13:15,1,20,Marketa Makovska CJ / EN,zacatecnici,Joga zeleny sal
25.05.2017 11:33,25.05.2017,Powerjoga,12:30,13:15,2,20,Marketa Makovska CJ / EN,zacatecnici,Joga zeleny sal
25.05.2017 11:54,25.05.2017,Powerjoga,12:30,13:15,3,20,Marketa Makovska CJ / EN,zacatecnici,Joga zeleny sal
25.05.2017 12:07,25.05.2017,Powerjoga,12:30,13:15,4,20,Marketa Makovska CJ / EN,zacatecnici,Joga zeleny sal
21.05.2017 23:57,25.05.2017,Jemna joga,15:15,16:15,3,20,Lubica Vodvarkova,klidna protahovaci,Joga zeleny sal
22.05.2017 09:41,25.05.2017,Jemna joga,15:15,16:15,4,20,Lubica Vodvarkova,klidna protahovaci,Joga zeleny sal
22.05.2017 12:59,25.05.2017,Jemna joga,15:15,16:15,5,20,Lubica Vodvarkova,klidna protahovaci,Joga zeleny sal
23.05.2017 11:38,25.05.2017,Jemna joga,15:15,16:15,6,20,Lubica Vodvarkova,klidna protahovaci,Joga zeleny sal
25.05.2017 13:11,25.05.2017,Jemna joga,15:15,16:15,7,20,Lubica Vodvarkova,klidna protahovaci,Joga zeleny sal
21.05.2017 23:57,25.05.2017,Hatha joga,16:20,17:20,20,20,Lubica Vodvarkova,zacatecnici,Joga zeleny sal
23.05.2017 09:56,25.05.2017,Hatha joga,16:20,17:20,19,20,Lubica Vodvarkova,zacatecnici,Joga zeleny sal
23.05.2017 15:04,25.05.2017,Hatha joga,16:20,17:20,18,20,Lubica Vodvarkova,zacatecnici,Joga zeleny sal
25.05.2017 08:43,25.05.2017,Hatha joga,16:20,17:20,17,20,Lubica Vodvarkova,zacatecnici,Joga zeleny sal
25.05.2017 10:45,25.05.2017,Hatha joga,16:20,17:20,16,20,Lubica Vodvarkova,zacatecnici,Joga zeleny sal
25.05.2017 10:47,25.05.2017,Hatha joga,16:20,17:20,15,20,Lubica Vodvarkova,zacatecnici,Joga zeleny sal
21.05.2017 23:57,25.05.2017,Hot joga,16:40,17:40,2,30,Alexandra Mandova,dynamicka posilovaci,Hot-joga
24.05.2017 19:39,25.05.2017,Hot joga,16:40,17:40,3,30,Alexandra Mandova,dynamicka posilovaci,Hot-joga
25.05.2017 11:23,25.05.2017,Hot joga,16:40,17:40,4,30,Alexandra Mandova,dynamicka posilovaci,Hot-joga
25.05.2017 11:25,25.05.2017,Hot joga,16:40,17:40,5,30,Alexandra Mandova,dynamicka posilovaci,Hot-joga
25.05.2017 14:22,25.05.2017,Hot joga,16:40,17:40,7,30,Alexandra Mandova,dynamicka posilovaci,Hot-joga
25.05.2017 14:54,25.05.2017,Hot joga,16:40,17:40,8,30,Alexandra Mandova,dynamicka posilovaci,Hot-joga
25.05.2017 15:55,25.05.2017,Hot joga,16:40,17:40,9,30,Alexandra Mandova,dynamicka posilovaci,Hot-joga
25.05.2017 16:22,25.05.2017,Hot joga,16:40,17:40,10,30,Alexandra Mandova,dynamicka posilovaci,Hot-joga
21.05.2017 23:57,25.05.2017,Powerjoga,17:25,18:25,4,20,Karolina Chudobova,dynamicka posilovaci,Joga zeleny sal
22.05.2017 09:00,25.05.2017,Powerjoga,17:25,18:25,5,20,Karolina Chudobova,dynamicka posilovaci,Joga zeleny sal
22.05.2017 10:37,25.05.2017,Powerjoga,17:25,18:25,6,20,Karolina Chudobova,dynamicka posilovaci,Joga zeleny sal
22.05.2017 19:41,25.05.2017,Powerjoga,17:25,18:25,7,20,Karolina Chudobova,dynamicka posilovaci,Joga zeleny sal
23.05.2017 09:13,25.05.2017,Powerjoga,17:25,18:25,8,20,Karolina Chudobova,dynamicka posilovaci,Joga zeleny sal
23.05.2017 09:56,25.05.2017,Powerjoga,17:25,18:25,9,20,Karolina Chudobova,dynamicka posilovaci,Joga zeleny sal
24.05.2017 15:37,25.05.2017,Powerjoga,17:25,18:25,10,20,Karolina Chudobova,dynamicka posilovaci,Joga zeleny sal
24.05.2017 22:37,25.05.2017,Powerjoga,17:25,18:25,11,20,Karolina Chudobova,dynamicka posilovaci,Joga zeleny sal
25.05.2017 08:01,25.05.2017,Powerjoga,17:25,18:25,12,20,Karolina Chudobova,dynamicka posilovaci,Joga zeleny sal
25.05.2017 10:28,25.05.2017,Powerjoga,17:25,18:25,13,20,Karolina Chudobova,dynamicka posilovaci,Joga zeleny sal
25.05.2017 17:05,25.05.2017,Powerjoga,17:25,18:25,14,20,Karolina Chudobova,dynamicka posilovaci,Joga zeleny sal
21.05.2017 23:57,25.05.2017,Hot joga,18:00,19:30,5,30,Pavla  Krecanova,zacatecnici,Hot-joga
22.05.2017 10:27,25.05.2017,Hot joga,18:00,19:30,6,30,Pavla  Krecanova,zacatecnici,Hot-joga
22.05.2017 10:45,25.05.2017,Hot joga,18:00,19:30,7,30,Pavla  Krecanova,zacatecnici,Hot-joga
22.05.2017 15:44,25.05.2017,Hot joga,18:00,19:30,8,30,Pavla  Krecanova,zacatecnici,Hot-joga
22.05.2017 20:03,25.05.2017,Hot joga,18:00,19:30,9,30,Pavla  Krecanova,zacatecnici,Hot-joga
22.05.2017 20:25,25.05.2017,Hot joga,18:00,19:30,10,30,Pavla  Krecanova,zacatecnici,Hot-joga
23.05.2017 09:43,25.05.2017,Hot joga,18:00,19:30,12,30,Pavla  Krecanova,zacatecnici,Hot-joga
23.05.2017 10:56,25.05.2017,Hot joga,18:00,19:30,13,30,Pavla  Krecanova,zacatecnici,Hot-joga
23.05.2017 12:00,25.05.2017,Hot joga,18:00,19:30,14,30,Pavla  Krecanova,zacatecnici,Hot-joga
23.05.2017 19:52,25.05.2017,Hot joga,18:00,19:30,15,30,Pavla  Krecanova,zacatecnici,Hot-joga
23.05.2017 21:59,25.05.2017,Hot joga,18:00,19:30,16,30,Pavla  Krecanova,zacatecnici,Hot-joga
24.05.2017 13:32,25.05.2017,Hot joga,18:00,19:30,17,30,Pavla  Krecanova,zacatecnici,Hot-joga
25.05.2017 09:20,25.05.2017,Hot joga,18:00,19:30,18,30,Pavla  Krecanova,zacatecnici,Hot-joga
25.05.2017 09:38,25.05.2017,Hot joga,18:00,19:30,19,30,Pavla  Krecanova,zacatecnici,Hot-joga
25.05.2017 13:03,25.05.2017,Hot joga,18:00,19:30,20,30,Pavla  Krecanova,zacatecnici,Hot-joga
25.05.2017 13:13,25.05.2017,Hot joga,18:00,19:30,21,30,Pavla  Krecanova,zacatecnici,Hot-joga
25.05.2017 17:32,25.05.2017,Hot joga,18:00,19:30,22,30,Pavla  Krecanova,zacatecnici,Hot-joga
25.05.2017 17:38,25.05.2017,Hot joga,18:00,19:30,23,30,Pavla  Krecanova,zacatecnici,Hot-joga
21.05.2017 23:57,25.05.2017,Gravid joga,18:30,19:30,0,20,Karolina Chudobova,zdravotni,Joga zeleny sal
24.05.2017 08:40,25.05.2017,Gravid joga,18:30,19:30,1,20,Karolina Chudobova,zdravotni,Joga zeleny sal
24.05.2017 09:39,25.05.2017,Gravid joga,18:30,19:30,2,20,Karolina Chudobova,zdravotni,Joga zeleny sal
24.05.2017 18:33,25.05.2017,Gravid joga,18:30,19:30,3,20,Karolina Chudobova,zdravotni,Joga zeleny sal
25.05.2017 08:18,25.05.2017,Gravid joga,18:30,19:30,4,20,Karolina Chudobova,zdravotni,Joga zeleny sal
25.05.2017 10:53,25.05.2017,Gravid joga,18:30,19:30,5,20,Karolina Chudobova,zdravotni,Joga zeleny sal
25.05.2017 14:31,25.05.2017,Gravid joga,18:30,19:30,6,20,Karolina Chudobova,zdravotni,Joga zeleny sal
25.05.2017 18:23,25.05.2017,Gravid joga,18:30,19:30,7,20,Karolina Chudobova,zdravotni,Joga zeleny sal
21.05.2017 23:57,25.05.2017,Jemna joga,19:35,20:35,3,20,Karolina Chudobova,klidna protahovaci,Joga zeleny sal
24.05.2017 08:22,25.05.2017,Jemna joga,19:35,20:35,4,20,Karolina Chudobova,klidna protahovaci,Joga zeleny sal
24.05.2017 11:45,25.05.2017,Jemna joga,19:35,20:35,5,20,Karolina Chudobova,klidna protahovaci,Joga zeleny sal
24.05.2017 20:32,25.05.2017,Jemna joga,19:35,20:35,6,20,Karolina Chudobova,klidna protahovaci,Joga zeleny sal
25.05.2017 06:20,25.05.2017,Jemna joga,19:35,20:35,7,20,Karolina Chudobova,klidna protahovaci,Joga zeleny sal
25.05.2017 07:02,25.05.2017,Jemna joga,19:35,20:35,8,20,Karolina Chudobova,klidna protahovaci,Joga zeleny sal
25.05.2017 09:11,25.05.2017,Jemna joga,19:35,20:35,9,20,Karolina Chudobova,klidna protahovaci,Joga zeleny sal
25.05.2017 09:18,25.05.2017,Jemna joga,19:35,20:35,10,20,Karolina Chudobova,klidna protahovaci,Joga zeleny sal
25.05.2017 11:21,25.05.2017,Jemna joga,19:35,20:35,11,20,Karolina Chudobova,klidna protahovaci,Joga zeleny sal
25.05.2017 18:34,25.05.2017,Jemna joga,19:35,20:35,12,20,Karolina Chudobova,klidna protahovaci,Joga zeleny sal
21.05.2017 23:57,25.05.2017,Hot joga,19:45,21:15,0,30,Andrea Hraskova,klidna protahovaci,Hot-joga
21.05.2017 23:57,25.05.2017,Powerjoga,7:00,8:00,1,20,Alexandra Mandova,dynamicka posilovaci,Joga zeleny sal
22.05.2017 12:30,25.05.2017,Powerjoga,7:00,8:00,2,20,Alexandra Mandova,dynamicka posilovaci,Joga zeleny sal
24.05.2017 22:21,25.05.2017,Powerjoga,7:00,8:00,3,20,Alexandra Mandova,dynamicka posilovaci,Joga zeleny sal
25.05.2017 06:46,25.05.2017,Powerjoga,7:00,8:00,5,20,Alexandra Mandova,dynamicka posilovaci,Joga zeleny sal
21.05.2017 23:57,25.05.2017,Jemna joga,8:00,9:00,0,30,Blanka Lorencova,zacatecnici,Joga modry sal
24.05.2017 08:38,25.05.2017,Jemna joga,8:00,9:00,1,30,Blanka Lorencova,zacatecnici,Joga modry sal
24.05.2017 08:53,25.05.2017,Jemna joga,8:00,9:00,2,30,Blanka Lorencova,zacatecnici,Joga modry sal
24.05.2017 20:01,25.05.2017,Jemna joga,8:00,9:00,3,30,Blanka Lorencova,zacatecnici,Joga modry sal
24.05.2017 20:54,25.05.2017,Jemna joga,8:00,9:00,4,30,Blanka Lorencova,zacatecnici,Joga modry sal
24.05.2017 23:44,25.05.2017,Jemna joga,8:00,9:00,5,30,Blanka Lorencova,zacatecnici,Joga modry sal
25.05.2017 07:01,25.05.2017,Jemna joga,8:00,9:00,6,30,Blanka Lorencova,zacatecnici,Joga modry sal
25.05.2017 07:46,25.05.2017,Jemna joga,8:00,9:00,7,30,Blanka Lorencova,zacatecnici,Joga modry sal
21.05.2017 23:57,25.05.2017,Hatha joga - vhodna i pro zacatecniky,8:05,8:50,2,20,Alexandra Mandova,klidna protahovaci,Joga zeleny sal
24.05.2017 22:23,25.05.2017,Hatha joga - vhodna i pro zacatecniky,8:05,8:50,3,20,Alexandra Mandova,klidna protahovaci,Joga zeleny sal
25.05.2017 05:49,25.05.2017,Hatha joga - vhodna i pro zacatecniky,8:05,8:50,1,20,Alexandra Mandova,klidna protahovaci,Joga zeleny sal
21.05.2017 23:57,25.05.2017,Zdrava zada,9:05,10:05,1,30,Blanka Lorencova,zdravotni,Joga modry sal
23.05.2017 11:42,25.05.2017,Zdrava zada,9:05,10:05,2,30,Blanka Lorencova,zdravotni,Joga modry sal
24.05.2017 10:24,25.05.2017,Zdrava zada,9:05,10:05,3,30,Blanka Lorencova,zdravotni,Joga modry sal
24.05.2017 22:33,25.05.2017,Zdrava zada,9:05,10:05,4,30,Blanka Lorencova,zdravotni,Joga modry sal
24.05.2017 23:22,25.05.2017,Zdrava zada,9:05,10:05,5,30,Blanka Lorencova,zdravotni,Joga modry sal
24.05.2017 23:44,25.05.2017,Zdrava zada,9:05,10:05,6,30,Blanka Lorencova,zdravotni,Joga modry sal
25.05.2017 07:01,25.05.2017,Zdrava zada,9:05,10:05,7,30,Blanka Lorencova,zdravotni,Joga modry sal
25.05.2017 08:43,25.05.2017,Zdrava zada,9:05,10:05,8,30,Blanka Lorencova,zdravotni,Joga modry sal
25.05.2017 08:50,25.05.2017,Zdrava zada,9:05,10:05,10,30,Blanka Lorencova,zdravotni,Joga modry sal
25.05.2017 08:51,25.05.2017,Zdrava zada,9:05,10:05,11,30,Blanka Lorencova,zdravotni,Joga modry sal
21.05.2017 23:57,26.05.2017,Hot joga,10:00,11:00,1,30,Vera Vojtechova,zacatecnici,Hot-joga
25.05.2017 17:35,26.05.2017,Hot joga,10:00,11:00,0,30,Vera Vojtechova,zacatecnici,Hot-joga
21.05.2017 23:57,26.05.2017,Joga pro zdrava zada - vhodna pro zacatecniky,10:15,11:15,0,20,Silvie Cifrincova,zdravotni,Joga zeleny sal
25.05.2017 11:33,26.05.2017,Joga pro zdrava zada - vhodna pro zacatecniky,10:15,11:15,1,20,Silvie Cifrincova,zdravotni,Joga zeleny sal
21.05.2017 23:57,26.05.2017,Jogova terapie - sal je mirne vyhraty,11:15,12:15,5,20,Vera Vojtechova,zdravotni,Joga modry sal
24.05.2017 19:04,26.05.2017,Jogova terapie - sal je mirne vyhraty,11:15,12:15,6,20,Vera Vojtechova,zdravotni,Joga modry sal
25.05.2017 12:03,26.05.2017,Jogova terapie - sal je mirne vyhraty,11:15,12:15,7,20,Vera Vojtechova,zdravotni,Joga modry sal
25.05.2017 14:15,26.05.2017,Jogova terapie - sal je mirne vyhraty,11:15,12:15,8,20,Vera Vojtechova,zdravotni,Joga modry sal
25.05.2017 14:49,26.05.2017,Jogova terapie - sal je mirne vyhraty,11:15,12:15,9,20,Vera Vojtechova,zdravotni,Joga modry sal
25.05.2017 19:42,26.05.2017,Jogova terapie - sal je mirne vyhraty,11:15,12:15,10,20,Vera Vojtechova,zdravotni,Joga modry sal
26.05.2017 07:46,26.05.2017,Jogova terapie - sal je mirne vyhraty,11:15,12:15,11,20,Vera Vojtechova,zdravotni,Joga modry sal
26.05.2017 08:25,26.05.2017,Jogova terapie - sal je mirne vyhraty,11:15,12:15,12,20,Vera Vojtechova,zdravotni,Joga modry sal
26.05.2017 11:10,26.05.2017,Jogova terapie - sal je mirne vyhraty,11:15,12:15,13,20,Vera Vojtechova,zdravotni,Joga modry sal
21.05.2017 23:57,26.05.2017,Powerjoga,11:25,12:10,0,20,Tomas  Helbig,zacatecnici,Joga zeleny sal
26.05.2017 08:11,26.05.2017,Powerjoga,11:25,12:10,1,20,Tomas  Helbig,zacatecnici,Joga zeleny sal
26.05.2017 10:28,26.05.2017,Powerjoga,11:25,12:10,2,20,Tomas  Helbig,zacatecnici,Joga zeleny sal
26.05.2017 11:26,26.05.2017,Powerjoga,11:25,12:10,3,20,Tomas  Helbig,zacatecnici,Joga zeleny sal
21.05.2017 23:57,26.05.2017,Powerjoga,12:15,13:00,2,20,Tomas  Helbig,dynamicka posilovaci,Joga zeleny sal
22.05.2017 11:49,26.05.2017,Powerjoga,12:15,13:00,3,20,Tomas  Helbig,dynamicka posilovaci,Joga zeleny sal
26.05.2017 09:48,26.05.2017,Powerjoga,12:15,13:00,4,20,Tomas  Helbig,dynamicka posilovaci,Joga zeleny sal
26.05.2017 10:38,26.05.2017,Powerjoga,12:15,13:00,5,20,Tomas  Helbig,dynamicka posilovaci,Joga zeleny sal
26.05.2017 11:25,26.05.2017,Powerjoga,12:15,13:00,6,20,Tomas  Helbig,dynamicka posilovaci,Joga zeleny sal
26.05.2017 12:07,26.05.2017,Powerjoga,12:15,13:00,7,20,Tomas  Helbig,dynamicka posilovaci,Joga zeleny sal
26.05.2017 12:11,26.05.2017,Powerjoga,12:15,13:00,8,20,Tomas  Helbig,dynamicka posilovaci,Joga zeleny sal
21.05.2017 23:57,26.05.2017,Hatha joga,14:10,15:10,0,20,Sandra Justova,zacatecnici,Joga zeleny sal
25.05.2017 22:38,26.05.2017,Hatha joga,14:10,15:10,1,20,Sandra Justova,zacatecnici,Joga zeleny sal
26.05.2017 09:09,26.05.2017,Hatha joga,14:10,15:10,2,20,Sandra Justova,zacatecnici,Joga zeleny sal
21.05.2017 23:57,26.05.2017,Joga pro zdrava zada,15:15,16:15,1,20,Katerina  Kornova,zdravotni,Joga zeleny sal
22.05.2017 17:00,26.05.2017,Joga pro zdrava zada,15:15,16:15,2,20,Katerina  Kornova,zdravotni,Joga zeleny sal
25.05.2017 21:19,26.05.2017,Joga pro zdrava zada,15:15,16:15,3,20,Katerina  Kornova,zdravotni,Joga zeleny sal
25.05.2017 21:47,26.05.2017,Joga pro zdrava zada,15:15,16:15,4,20,Katerina  Kornova,zdravotni,Joga zeleny sal
26.05.2017 10:47,26.05.2017,Joga pro zdrava zada,15:15,16:15,5,20,Katerina  Kornova,zdravotni,Joga zeleny sal
26.05.2017 12:01,26.05.2017,Joga pro zdrava zada,15:15,16:15,6,20,Katerina  Kornova,zdravotni,Joga zeleny sal
21.05.2017 23:57,26.05.2017,Jemna joga,16:20,17:20,0,20,Katerina  Kornova,klidna protahovaci,Joga zeleny sal
23.05.2017 05:37,26.05.2017,Jemna joga,16:20,17:20,1,20,Katerina  Kornova,klidna protahovaci,Joga zeleny sal
23.05.2017 06:13,26.05.2017,Jemna joga,16:20,17:20,2,20,Katerina  Kornova,klidna protahovaci,Joga zeleny sal
25.05.2017 05:50,26.05.2017,Jemna joga,16:20,17:20,3,20,Katerina  Kornova,klidna protahovaci,Joga zeleny sal
25.05.2017 08:35,26.05.2017,Jemna joga,16:20,17:20,4,20,Katerina  Kornova,klidna protahovaci,Joga zeleny sal
26.05.2017 05:29,26.05.2017,Jemna joga,16:20,17:20,5,20,Katerina  Kornova,klidna protahovaci,Joga zeleny sal
26.05.2017 07:35,26.05.2017,Jemna joga,16:20,17:20,6,20,Katerina  Kornova,klidna protahovaci,Joga zeleny sal
26.05.2017 11:52,26.05.2017,Jemna joga,16:20,17:20,7,20,Katerina  Kornova,klidna protahovaci,Joga zeleny sal
26.05.2017 15:55,26.05.2017,Jemna joga,16:20,17:20,8,20,Katerina  Kornova,klidna protahovaci,Joga zeleny sal
26.05.2017 16:00,26.05.2017,Jemna joga,16:20,17:20,9,20,Katerina  Kornova,klidna protahovaci,Joga zeleny sal
26.05.2017 16:03,26.05.2017,Jemna joga,16:20,17:20,10,20,Katerina  Kornova,klidna protahovaci,Joga zeleny sal
21.05.2017 23:57,26.05.2017,Powerjoga,17:25,18:25,0,20,Hana Hruskova CJ / EN,dynamicka posilovaci,Joga zeleny sal
23.05.2017 12:17,26.05.2017,Powerjoga,17:25,18:25,1,20,Hana Hruskova CJ / EN,dynamicka posilovaci,Joga zeleny sal
26.05.2017 10:37,26.05.2017,Powerjoga,17:25,18:25,2,20,Hana Hruskova CJ / EN,dynamicka posilovaci,Joga zeleny sal
26.05.2017 16:40,26.05.2017,Powerjoga,17:25,18:25,3,20,Hana Hruskova CJ / EN,dynamicka posilovaci,Joga zeleny sal
21.05.2017 23:57,26.05.2017,Ashtanga joga - vhodna i pro zacatecniky,18:30,20:00,1,20,Hana Hruskova CJ / EN,zacatecnici,Joga zeleny sal
24.05.2017 10:36,26.05.2017,Ashtanga joga - vhodna i pro zacatecniky,18:30,20:00,2,20,Hana Hruskova CJ / EN,zacatecnici,Joga zeleny sal
25.05.2017 11:18,26.05.2017,Ashtanga joga - vhodna i pro zacatecniky,18:30,20:00,3,20,Hana Hruskova CJ / EN,zacatecnici,Joga zeleny sal
25.05.2017 20:54,26.05.2017,Ashtanga joga - vhodna i pro zacatecniky,18:30,20:00,4,20,Hana Hruskova CJ / EN,zacatecnici,Joga zeleny sal
26.05.2017 10:33,26.05.2017,Ashtanga joga - vhodna i pro zacatecniky,18:30,20:00,5,20,Hana Hruskova CJ / EN,zacatecnici,Joga zeleny sal
26.05.2017 17:26,26.05.2017,Ashtanga joga - vhodna i pro zacatecniky,18:30,20:00,6,20,Hana Hruskova CJ / EN,zacatecnici,Joga zeleny sal
21.05.2017 23:57,26.05.2017,Hatha joga,7:00,8:00,1,20,Alexandra Mandova,zacatecnici,Joga zeleny sal
22.05.2017 12:30,26.05.2017,Hatha joga,7:00,8:00,2,20,Alexandra Mandova,zacatecnici,Joga zeleny sal
24.05.2017 15:38,26.05.2017,Hatha joga,7:00,8:00,3,20,Alexandra Mandova,zacatecnici,Joga zeleny sal
24.05.2017 19:13,26.05.2017,Hatha joga,7:00,8:00,5,20,Alexandra Mandova,zacatecnici,Joga zeleny sal
24.05.2017 21:45,26.05.2017,Hatha joga,7:00,8:00,6,20,Alexandra Mandova,zacatecnici,Joga zeleny sal
25.05.2017 10:29,26.05.2017,Hatha joga,7:00,8:00,7,20,Alexandra Mandova,zacatecnici,Joga zeleny sal
25.05.2017 16:54,26.05.2017,Hatha joga,7:00,8:00,8,20,Alexandra Mandova,zacatecnici,Joga zeleny sal
25.05.2017 17:14,26.05.2017,Hatha joga,7:00,8:00,9,20,Alexandra Mandova,zacatecnici,Joga zeleny sal
21.05.2017 23:57,26.05.2017,Jemna joga,8:05,8:50,1,20,Alexandra Mandova,klidna protahovaci,Joga zeleny sal
24.05.2017 20:55,26.05.2017,Jemna joga,8:05,8:50,2,20,Alexandra Mandova,klidna protahovaci,Joga zeleny sal
25.05.2017 06:47,26.05.2017,Jemna joga,8:05,8:50,3,20,Alexandra Mandova,klidna protahovaci,Joga zeleny sal
21.05.2017 23:57,26.05.2017,Powerjoga,9:10,10:10,0,20,Silvie Cifrincova,dynamicka posilovaci,Joga zeleny sal
25.05.2017 14:15,26.05.2017,Powerjoga,9:10,10:10,1,20,Silvie Cifrincova,dynamicka posilovaci,Joga zeleny sal
21.05.2017 23:57,27.05.2017,Powerjoga,10:20,11:20,0,20,Tomas  Helbig,dynamicka posilovaci,Joga zeleny sal
22.05.2017 13:22,27.05.2017,Powerjoga,10:20,11:20,1,20,Tomas  Helbig,dynamicka posilovaci,Joga zeleny sal
21.05.2017 23:57,27.05.2017,Hatha joga,11:30,13:00,1,20,Martina Koralova,zacatecnici,Joga zeleny sal
25.05.2017 14:33,27.05.2017,Hatha joga,11:30,13:00,2,20,Martina Koralova,zacatecnici,Joga zeleny sal
26.05.2017 21:47,27.05.2017,Hatha joga,11:30,13:00,3,20,Martina Koralova,zacatecnici,Joga zeleny sal
26.05.2017 21:53,27.05.2017,Hatha joga,11:30,13:00,4,20,Martina Koralova,zacatecnici,Joga zeleny sal
27.05.2017 09:45,27.05.2017,Hatha joga,11:30,13:00,5,20,Martina Koralova,zacatecnici,Joga zeleny sal
27.05.2017 10:02,27.05.2017,Hatha joga,11:30,13:00,6,20,Martina Koralova,zacatecnici,Joga zeleny sal
27.05.2017 10:05,27.05.2017,Hatha joga,11:30,13:00,7,20,Martina Koralova,zacatecnici,Joga zeleny sal
27.05.2017 10:15,27.05.2017,Hatha joga,11:30,13:00,8,20,Martina Koralova,zacatecnici,Joga zeleny sal
21.05.2017 23:57,27.05.2017,Zaciname s jogou - Kurz zakladu vinyasy,13:05,14:35,6,20,Martina Koralova,,Joga zeleny sal
21.05.2017 23:57,27.05.2017,Powerjoga,15:50,16:50,1,20,Veronika  Brozova CJ / EN,dynamicka posilovaci,Joga zeleny sal
24.05.2017 17:40,27.05.2017,Powerjoga ZASKOK,15:50,16:50,1,20,Eva  Oniscenko,dynamicka posilovaci,Joga zeleny sal
26.05.2017 14:27,27.05.2017,Powerjoga ZASKOK,15:50,16:50,2,20,Eva  Oniscenko,dynamicka posilovaci,Joga zeleny sal
26.05.2017 15:58,27.05.2017,Powerjoga ZASKOK,15:50,16:50,3,20,Eva  Oniscenko,dynamicka posilovaci,Joga zeleny sal
27.05.2017 14:35,27.05.2017,Powerjoga ZASKOK,15:50,16:50,4,20,Eva  Oniscenko,dynamicka posilovaci,Joga zeleny sal
21.05.2017 23:57,27.05.2017,Jemna joga,17:00,18:30,0,20,Veronika  Brozova CJ / EN,klidna protahovaci,Joga zeleny sal
24.05.2017 22:44,27.05.2017,Jemna joga,17:00,18:30,1,20,Veronika  Brozova CJ / EN,klidna protahovaci,Joga zeleny sal
25.05.2017 08:21,27.05.2017,Jemna joga,17:00,18:30,1,20,Renata Novakova,klidna protahovaci,Joga zeleny sal
26.05.2017 13:55,27.05.2017,Jemna joga,17:00,18:30,2,20,Renata Novakova,klidna protahovaci,Joga zeleny sal
27.05.2017 09:31,27.05.2017,Jemna joga,17:00,18:30,3,20,Renata Novakova,klidna protahovaci,Joga zeleny sal
27.05.2017 09:37,27.05.2017,Jemna joga,17:00,18:30,4,20,Renata Novakova,klidna protahovaci,Joga zeleny sal
21.05.2017 23:57,27.05.2017,Hatha joga,9:15,10:15,2,20,Tomas  Helbig,klidna protahovaci,Joga zeleny sal
26.05.2017 12:09,27.05.2017,Hatha joga,9:15,10:15,3,20,Tomas  Helbig,klidna protahovaci,Joga zeleny sal
26.05.2017 20:24,27.05.2017,Hatha joga,9:15,10:15,4,20,Tomas  Helbig,klidna protahovaci,Joga zeleny sal
21.05.2017 23:57,28.05.2017,Joga pro zdrava zada,16:05,17:05,1,20,Tomas  Helbig,zdravotni,Joga zeleny sal
21.05.2017 23:57,28.05.2017,Hatha joga,17:10,18:10,1,20,Tomas  Helbig,klidna protahovaci,Joga zeleny sal
26.05.2017 14:03,28.05.2017,Hatha joga,17:10,18:10,2,20,Tomas  Helbig,klidna protahovaci,Joga zeleny sal
27.05.2017 20:05,28.05.2017,Hatha joga,17:10,18:10,3,20,Tomas  Helbig,klidna protahovaci,Joga zeleny sal
28.05.2017 10:14,28.05.2017,Hatha joga,17:10,18:10,4,20,Tomas  Helbig,klidna protahovaci,Joga zeleny sal
28.05.2017 10:26,28.05.2017,Hatha joga,17:10,18:10,5,20,Tomas  Helbig,klidna protahovaci,Joga zeleny sal
28.05.2017 12:58,28.05.2017,Hatha joga,17:10,18:10,6,20,Tomas  Helbig,klidna protahovaci,Joga zeleny sal
28.05.2017 15:30,28.05.2017,Hatha joga,17:10,18:10,7,20,Tomas  Helbig,klidna protahovaci,Joga zeleny sal
28.05.2017 15:40,28.05.2017,Hatha joga,17:10,18:10,8,20,Tomas  Helbig,klidna protahovaci,Joga zeleny sal
28.05.2017 17:54,28.05.2017,Hatha joga,17:10,18:10,9,20,Tomas  Helbig,klidna protahovaci,Joga zeleny sal
21.05.2017 23:57,28.05.2017,Hot joga ZASKOK,18:00,19:30,1,30,Marketa  Samesova,zacatecnici,Hot-joga
22.05.2017 16:47,28.05.2017,Hot joga ZASKOK,18:00,19:30,2,30,Marketa  Samesova,zacatecnici,Hot-joga
22.05.2017 18:06,28.05.2017,Hot joga ZASKOK,18:00,19:30,2,30,Veronika  Brozova CJ / EN,zacatecnici,Hot-joga
25.05.2017 21:20,28.05.2017,Hot joga ZASKOK,18:00,19:30,3,30,Veronika  Brozova CJ / EN,zacatecnici,Hot-joga
26.05.2017 10:14,28.05.2017,Hot joga ZASKOK,18:00,19:30,4,30,Veronika  Brozova CJ / EN,zacatecnici,Hot-joga
26.05.2017 10:51,28.05.2017,Hot joga ZASKOK,18:00,19:30,5,30,Veronika  Brozova CJ / EN,zacatecnici,Hot-joga
26.05.2017 11:11,28.05.2017,Hot joga ZASKOK,18:00,19:30,6,30,Veronika  Brozova CJ / EN,zacatecnici,Hot-joga
26.05.2017 11:33,28.05.2017,Hot joga ZASKOK,18:00,19:30,7,30,Veronika  Brozova CJ / EN,zacatecnici,Hot-joga
26.05.2017 11:41,28.05.2017,Hot joga ZASKOK,18:00,19:30,8,30,Veronika  Brozova CJ / EN,zacatecnici,Hot-joga
26.05.2017 18:31,28.05.2017,Hot joga ZASKOK,18:00,19:30,9,30,Veronika  Brozova CJ / EN,zacatecnici,Hot-joga
21.05.2017 23:57,28.05.2017,Powerjoga - vhodna i pro zacatecniky,18:15,19:45,20,20,Petra Tomkova,dynamicka posilovaci,Joga zeleny sal
23.05.2017 13:48,28.05.2017,Powerjoga - vhodna i pro zacatecniky,18:15,19:45,19,20,Petra Tomkova,dynamicka posilovaci,Joga zeleny sal
28.05.2017 13:29,28.05.2017,Powerjoga - vhodna i pro zacatecniky,18:15,19:45,18,20,Petra Tomkova,dynamicka posilovaci,Joga zeleny sal
28.05.2017 15:00,28.05.2017,Powerjoga - vhodna i pro zacatecniky,18:15,19:45,17,20,Petra Tomkova,dynamicka posilovaci,Joga zeleny sal
21.05.2017 23:57,28.05.2017,Hot joga ZASKOK,19:45,20:45,1,30,Marketa  Samesova,dynamicka posilovaci,Hot-joga
23.05.2017 19:07,28.05.2017,Hot joga ZASKOK,19:45,20:45,2,30,Marketa  Samesova,dynamicka posilovaci,Hot-joga
26.05.2017 06:39,28.05.2017,Hot joga ZASKOK,19:45,20:45,0,30,Marketa  Samesova,dynamicka posilovaci,Hot-joga
27.05.2017 23:15,28.05.2017,Hot joga ZASKOK,19:45,20:45,3,30,Marketa  Samesova,dynamicka posilovaci,Hot-joga
28.05.2017 14:19,28.05.2017,Hot joga ZASKOK,19:45,20:45,4,30,Marketa  Samesova,dynamicka posilovaci,Hot-joga
21.05.2017 23:57,28.05.2017,Intenzivni kurz jogy - uzavreny kurz,20:05,21:35,0,0,Katka  Prymkova  CJ / EN,,Joga zeleny sal
28.05.2017 23:56,29.05.2017,Joga pro zdrava zada - vhodna pro zacatecniky,10:15,11:15,1,20,Silvie Cifrincova,zdravotni,Joga zeleny sal
28.05.2017 23:56,29.05.2017,Power joga,11:25,12:10,2,20,Tomas  Helbig,dynamicka posilovaci,Joga zeleny sal
29.05.2017 08:43,29.05.2017,Power joga,11:25,12:10,3,20,Tomas  Helbig,dynamicka posilovaci,Joga zeleny sal
29.05.2017 09:38,29.05.2017,Power joga,11:25,12:10,4,20,Tomas  Helbig,dynamicka posilovaci,Joga zeleny sal
29.05.2017 09:46,29.05.2017,Power joga,11:25,12:10,5,20,Tomas  Helbig,dynamicka posilovaci,Joga zeleny sal
29.05.2017 10:06,29.05.2017,Power joga,11:25,12:10,6,20,Tomas  Helbig,dynamicka posilovaci,Joga zeleny sal
29.05.2017 10:14,29.05.2017,Power joga,11:25,12:10,7,20,Tomas  Helbig,dynamicka posilovaci,Joga zeleny sal
29.05.2017 11:22,29.05.2017,Power joga,11:25,12:10,8,20,Tomas  Helbig,dynamicka posilovaci,Joga zeleny sal
28.05.2017 23:56,29.05.2017,Hatha joga - sal je mirne vyhraty,11:30,12:30,2,30,Alexandra Mandova,klidna protahovaci,Joga modry sal
29.05.2017 07:21,29.05.2017,Hatha joga - sal je mirne vyhraty,11:30,12:30,3,30,Alexandra Mandova,klidna protahovaci,Joga modry sal
29.05.2017 08:49,29.05.2017,Hatha joga - sal je mirne vyhraty,11:30,12:30,3,30,Silvie Cifrincova,klidna protahovaci,Joga modry sal
29.05.2017 08:59,29.05.2017,Hatha joga - sal je mirne vyhraty,11:30,12:30,2,30,Silvie Cifrincova,klidna protahovaci,Joga modry sal
29.05.2017 10:27,29.05.2017,Hatha joga - sal je mirne vyhraty,11:30,12:30,4,30,Silvie Cifrincova,klidna protahovaci,Joga modry sal
28.05.2017 23:56,29.05.2017,Powerjoga,12:15,13:00,0,20,Tomas  Helbig,zacatecnici,Joga zeleny sal
29.05.2017 09:29,29.05.2017,Powerjoga,12:15,13:00,1,20,Tomas  Helbig,zacatecnici,Joga zeleny sal
29.05.2017 10:08,29.05.2017,Powerjoga,12:15,13:00,2,20,Tomas  Helbig,zacatecnici,Joga zeleny sal
29.05.2017 10:33,29.05.2017,Powerjoga,12:15,13:00,3,20,Tomas  Helbig,zacatecnici,Joga zeleny sal
29.05.2017 11:40,29.05.2017,Powerjoga,12:15,13:00,4,20,Tomas  Helbig,zacatecnici,Joga zeleny sal
28.05.2017 23:56,29.05.2017,Jemna joga,15:05,16:05,4,20,Vera Vojtechova,klidna protahovaci,Joga zeleny sal
29.05.2017 08:53,29.05.2017,Jemna joga,15:05,16:05,5,20,Vera Vojtechova,klidna protahovaci,Joga zeleny sal
29.05.2017 16:02,29.05.2017,Jemna joga,15:05,16:05,6,20,Vera Vojtechova,klidna protahovaci,Joga zeleny sal
28.05.2017 23:56,29.05.2017,Joga pro zdrava zada - vhodna pro zacatecniky,16:10,17:10,3,20,Vera Vojtechova,zdravotni,Joga zeleny sal
29.05.2017 09:46,29.05.2017,Joga pro zdrava zada - vhodna pro zacatecniky,16:10,17:10,4,20,Vera Vojtechova,zdravotni,Joga zeleny sal
29.05.2017 10:47,29.05.2017,Joga pro zdrava zada - vhodna pro zacatecniky,16:10,17:10,5,20,Vera Vojtechova,zdravotni,Joga zeleny sal
29.05.2017 12:43,29.05.2017,Joga pro zdrava zada - vhodna pro zacatecniky,16:10,17:10,6,20,Vera Vojtechova,zdravotni,Joga zeleny sal
29.05.2017 15:59,29.05.2017,Joga pro zdrava zada - vhodna pro zacatecniky,16:10,17:10,7,20,Vera Vojtechova,zdravotni,Joga zeleny sal
29.05.2017 16:01,29.05.2017,Joga pro zdrava zada - vhodna pro zacatecniky,16:10,17:10,8,20,Vera Vojtechova,zdravotni,Joga zeleny sal
28.05.2017 23:56,29.05.2017,Hot joga,16:40,17:40,2,30,Veronika  Brozova CJ / EN,zacatecnici,Hot-joga
29.05.2017 14:41,29.05.2017,Hot joga,16:40,17:40,3,30,Veronika  Brozova CJ / EN,zacatecnici,Hot-joga
28.05.2017 23:56,29.05.2017,17,17:00,18:00,4,20,Marketa  Samesova,dynamicka posilovaci,Joga zeleny sal
29.05.2017 08:19,29.05.2017,17,17:00,18:00,3,20,Marketa  Samesova,dynamicka posilovaci,Joga zeleny sal
29.05.2017 14:17,29.05.2017,17,17:00,18:00,5,20,Marketa  Samesova,dynamicka posilovaci,Joga zeleny sal
29.05.2017 17:05,29.05.2017,17,17:00,18:00,6,20,Marketa  Samesova,dynamicka posilovaci,Joga zeleny sal
29.05.2017 17:08,29.05.2017,17,17:00,18:00,7,20,Marketa  Samesova,dynamicka posilovaci,Joga zeleny sal
28.05.2017 23:56,29.05.2017,Hot joga,18:00,19:30,6,30,Monika Stuart,klidna protahovaci,Hot-joga
29.05.2017 05:29,29.05.2017,Hot joga,18:00,19:30,5,30,Monika Stuart,klidna protahovaci,Hot-joga
29.05.2017 09:30,29.05.2017,Hot joga,18:00,19:30,4,30,Monika Stuart,klidna protahovaci,Hot-joga
29.05.2017 13:22,29.05.2017,Hot joga,18:00,19:30,7,30,Monika Stuart,klidna protahovaci,Hot-joga
29.05.2017 14:52,29.05.2017,Hot joga,18:00,19:30,8,30,Monika Stuart,klidna protahovaci,Hot-joga
29.05.2017 17:51,29.05.2017,Hot joga,18:00,19:30,9,30,Monika Stuart,klidna protahovaci,Hot-joga
28.05.2017 23:56,29.05.2017,Hatha joga ZASKOK,18:55,19:55,1,20,Veronika  Brozova CJ / EN,klidna protahovaci,Joga zeleny sal
29.05.2017 08:35,29.05.2017,Hatha joga ZASKOK,18:55,19:55,2,20,Veronika  Brozova CJ / EN,klidna protahovaci,Joga zeleny sal
29.05.2017 09:12,29.05.2017,Hatha joga ZASKOK,18:55,19:55,3,20,Veronika  Brozova CJ / EN,klidna protahovaci,Joga zeleny sal
29.05.2017 10:47,29.05.2017,Hatha joga ZASKOK,18:55,19:55,4,20,Veronika  Brozova CJ / EN,klidna protahovaci,Joga zeleny sal
29.05.2017 12:28,29.05.2017,Hatha joga ZASKOK,18:55,19:55,5,20,Veronika  Brozova CJ / EN,klidna protahovaci,Joga zeleny sal
29.05.2017 18:43,29.05.2017,Hatha joga ZASKOK,18:55,19:55,7,20,Veronika  Brozova CJ / EN,klidna protahovaci,Joga zeleny sal
29.05.2017 18:44,29.05.2017,Hatha joga ZASKOK,18:55,19:55,8,20,Veronika  Brozova CJ / EN,klidna protahovaci,Joga zeleny sal
29.05.2017 18:52,29.05.2017,Hatha joga ZASKOK,18:55,19:55,9,20,Veronika  Brozova CJ / EN,klidna protahovaci,Joga zeleny sal
28.05.2017 23:56,29.05.2017,Hot joga,19:45,21:15,2,30,Marketa  Samesova,dynamicka posilovaci,Hot-joga
29.05.2017 10:44,29.05.2017,Hot joga,19:45,21:15,3,30,Marketa  Samesova,dynamicka posilovaci,Hot-joga
29.05.2017 15:29,29.05.2017,Hot joga,19:45,21:15,4,30,Marketa  Samesova,dynamicka posilovaci,Hot-joga
29.05.2017 15:50,29.05.2017,Hot joga,19:45,21:15,5,30,Marketa  Samesova,dynamicka posilovaci,Hot-joga
29.05.2017 18:41,29.05.2017,Hot joga,19:45,21:15,6,30,Marketa  Samesova,dynamicka posilovaci,Hot-joga
28.05.2017 23:56,29.05.2017,Powerjoga,7:00,8:00,2,20,Andrea Hraskova,zacatecnici,Joga zeleny sal
29.05.2017 07:06,29.05.2017,Powerjoga,7:00,8:00,3,20,Andrea Hraskova,zacatecnici,Joga zeleny sal
29.05.2017 07:07,29.05.2017,Powerjoga,7:00,8:00,5,20,Andrea Hraskova,zacatecnici,Joga zeleny sal
28.05.2017 23:56,29.05.2017,Hatha joga - vhodna i pro zacatecniky,8:05,8:50,1,20,Andrea Hraskova,klidna protahovaci,Joga zeleny sal
29.05.2017 07:16,29.05.2017,Hatha joga - vhodna i pro zacatecniky,8:05,8:50,2,20,Andrea Hraskova,klidna protahovaci,Joga zeleny sal
28.05.2017 23:56,29.05.2017,Powerjoga,9:10,10:10,1,20,Silvie Cifrincova,dynamicka posilovaci,Joga zeleny sal
28.05.2017 23:56,30.05.2017,Jemna joga,10:20,11:20,1,20,Katerina  Kornova,klidna protahovaci,Joga zeleny sal
29.05.2017 00:24,30.05.2017,Jemna joga,10:20,11:20,2,20,Katerina  Kornova,klidna protahovaci,Joga zeleny sal
29.05.2017 08:42,30.05.2017,Jemna joga,10:20,11:20,3,20,Katerina  Kornova,klidna protahovaci,Joga zeleny sal
29.05.2017 14:32,30.05.2017,Jemna joga,10:20,11:20,4,20,Katerina  Kornova,klidna protahovaci,Joga zeleny sal
29.05.2017 20:45,30.05.2017,Jemna joga,10:20,11:20,5,20,Katerina  Kornova,klidna protahovaci,Joga zeleny sal
28.05.2017 23:56,30.05.2017,Joga pro seniory,10:35,11:35,2,30,Blanka Lorencova,klidna protahovaci,Joga modry sal
30.05.2017 08:24,30.05.2017,Joga pro seniory,10:35,11:35,3,30,Blanka Lorencova,klidna protahovaci,Joga modry sal
28.05.2017 23:56,30.05.2017,Joga pro zdrava zada,11:25,12:10,0,20,Katerina  Kornova,zdravotni,Joga zeleny sal
28.05.2017 23:56,30.05.2017,Powerjoga,11:40,12:25,0,30,Karolina Chudobova,zacatecnici,Joga modry sal
30.05.2017 09:14,30.05.2017,Powerjoga,11:40,12:25,1,30,Karolina Chudobova,zacatecnici,Joga modry sal
30.05.2017 11:22,30.05.2017,Powerjoga,11:40,12:25,2,30,Karolina Chudobova,zacatecnici,Joga modry sal
30.05.2017 11:26,30.05.2017,Powerjoga,11:40,12:25,3,30,Karolina Chudobova,zacatecnici,Joga modry sal
30.05.2017 11:30,30.05.2017,Powerjoga,11:40,12:25,4,30,Karolina Chudobova,zacatecnici,Joga modry sal
30.05.2017 11:31,30.05.2017,Powerjoga,11:40,12:25,5,30,Karolina Chudobova,zacatecnici,Joga modry sal
28.05.2017 23:56,30.05.2017,Joga pro zdrava zada,12:15,13:00,0,20,Katerina  Kornova,zdravotni,Joga zeleny sal
30.05.2017 08:54,30.05.2017,Joga pro zdrava zada,12:15,13:00,1,20,Katerina  Kornova,zdravotni,Joga zeleny sal
30.05.2017 09:17,30.05.2017,Joga pro zdrava zada,12:15,13:00,2,20,Katerina  Kornova,zdravotni,Joga zeleny sal
30.05.2017 10:18,30.05.2017,Joga pro zdrava zada,12:15,13:00,3,20,Katerina  Kornova,zdravotni,Joga zeleny sal
28.05.2017 23:56,30.05.2017,Powerjoga,12:30,13:15,1,30,Karolina Chudobova,dynamicka posilovaci,Joga modry sal
29.05.2017 10:14,30.05.2017,Powerjoga,12:30,13:15,2,30,Karolina Chudobova,dynamicka posilovaci,Joga modry sal
29.05.2017 16:47,30.05.2017,Powerjoga,12:30,13:15,3,30,Karolina Chudobova,dynamicka posilovaci,Joga modry sal
30.05.2017 10:40,30.05.2017,Powerjoga,12:30,13:15,4,30,Karolina Chudobova,dynamicka posilovaci,Joga modry sal
30.05.2017 11:08,30.05.2017,Powerjoga,12:30,13:15,5,30,Karolina Chudobova,dynamicka posilovaci,Joga modry sal
30.05.2017 11:13,30.05.2017,Powerjoga,12:30,13:15,6,30,Karolina Chudobova,dynamicka posilovaci,Joga modry sal
30.05.2017 11:14,30.05.2017,Powerjoga,12:30,13:15,7,30,Karolina Chudobova,dynamicka posilovaci,Joga modry sal
28.05.2017 23:56,30.05.2017,Powerjoga,15:15,16:15,1,20,Alexandra Mandova,dynamicka posilovaci,Joga zeleny sal
29.05.2017 17:08,30.05.2017,Powerjoga,15:15,16:15,2,20,Alexandra Mandova,dynamicka posilovaci,Joga zeleny sal
28.05.2017 23:56,30.05.2017,Hatha joga,16:20,17:20,20,20,Lubica Vodvarkova,klidna protahovaci,Joga zeleny sal
29.05.2017 22:45,30.05.2017,Hatha joga,16:20,17:20,19,20,Lubica Vodvarkova,klidna protahovaci,Joga zeleny sal
30.05.2017 12:59,30.05.2017,Hatha joga,16:20,17:20,18,20,Lubica Vodvarkova,klidna protahovaci,Joga zeleny sal
28.05.2017 23:56,30.05.2017,Hot joga,16:40,17:40,0,30,Alexandra Mandova,zacatecnici,Hot-joga
29.05.2017 14:12,30.05.2017,Hot joga,16:40,17:40,1,30,Alexandra Mandova,zacatecnici,Hot-joga
28.05.2017 23:56,30.05.2017,Jemna joga,17:25,18:25,20,20,Lubica Vodvarkova,zacatecnici,Joga zeleny sal
30.05.2017 07:06,30.05.2017,Jemna joga,17:25,18:25,17,20,Lubica Vodvarkova,zacatecnici,Joga zeleny sal
30.05.2017 08:50,30.05.2017,Jemna joga,17:25,18:25,16,20,Lubica Vodvarkova,zacatecnici,Joga zeleny sal
30.05.2017 11:01,30.05.2017,Jemna joga,17:25,18:25,15,20,Lubica Vodvarkova,zacatecnici,Joga zeleny sal
28.05.2017 23:56,30.05.2017,Hot joga - vhodna i pro zacatecniky,18:00,19:30,9,30,Petr  Cmund,dynamicka posilovaci,Hot-joga
29.05.2017 09:54,30.05.2017,Hot joga - vhodna i pro zacatecniky,18:00,19:30,14,30,Petr  Cmund,dynamicka posilovaci,Hot-joga
29.05.2017 09:56,30.05.2017,Hot joga - vhodna i pro zacatecniky,18:00,19:30,10,30,Petr  Cmund,dynamicka posilovaci,Hot-joga
29.05.2017 09:57,30.05.2017,Hot joga - vhodna i pro zacatecniky,18:00,19:30,11,30,Petr  Cmund,dynamicka posilovaci,Hot-joga
29.05.2017 12:59,30.05.2017,Hot joga - vhodna i pro zacatecniky,18:00,19:30,12,30,Petr  Cmund,dynamicka posilovaci,Hot-joga
29.05.2017 15:11,30.05.2017,Hot joga - vhodna i pro zacatecniky,18:00,19:30,15,30,Petr  Cmund,dynamicka posilovaci,Hot-joga
29.05.2017 17:19,30.05.2017,Hot joga - vhodna i pro zacatecniky,18:00,19:30,16,30,Petr  Cmund,dynamicka posilovaci,Hot-joga
29.05.2017 22:50,30.05.2017,Hot joga - vhodna i pro zacatecniky,18:00,19:30,17,30,Petr  Cmund,dynamicka posilovaci,Hot-joga
30.05.2017 07:35,30.05.2017,Hot joga - vhodna i pro zacatecniky,18:00,19:30,18,30,Petr  Cmund,dynamicka posilovaci,Hot-joga
28.05.2017 23:56,30.05.2017,Gravid joga,18:30,19:30,2,20,Hana Stepanova,zdravotni,Joga zeleny sal
29.05.2017 17:34,30.05.2017,Gravid joga,18:30,19:30,3,20,Hana Stepanova,zdravotni,Joga zeleny sal
30.05.2017 18:11,30.05.2017,Gravid joga,18:30,19:30,4,20,Hana Stepanova,zdravotni,Joga zeleny sal
30.05.2017 18:12,30.05.2017,Gravid joga,18:30,19:30,5,20,Hana Stepanova,zdravotni,Joga zeleny sal
28.05.2017 23:56,30.05.2017,Kurz powerjogy pro zacatecniky - uzavreny kurz,19:40,21:10,0,0,Marketa Makovska CJ / EN,,Joga zeleny sal
28.05.2017 23:56,30.05.2017,Kurz jogy pro zacatecniky - uzavreny kurz,19:45,21:15,0,0,Richard Holicky,,Joga modry sal
28.05.2017 23:56,30.05.2017,Powerjoga,7:00,8:00,2,20,Hana Hruskova CJ / EN,dynamicka posilovaci,Joga zeleny sal
29.05.2017 08:31,30.05.2017,Powerjoga,7:00,8:00,3,20,Hana Hruskova CJ / EN,dynamicka posilovaci,Joga zeleny sal
29.05.2017 11:47,30.05.2017,Powerjoga,7:00,8:00,4,20,Hana Hruskova CJ / EN,dynamicka posilovaci,Joga zeleny sal
29.05.2017 14:31,30.05.2017,Powerjoga,7:00,8:00,5,20,Hana Hruskova CJ / EN,dynamicka posilovaci,Joga zeleny sal
29.05.2017 15:24,30.05.2017,Powerjoga,7:00,8:00,6,20,Hana Hruskova CJ / EN,dynamicka posilovaci,Joga zeleny sal
29.05.2017 20:41,30.05.2017,Powerjoga,7:00,8:00,7,20,Hana Hruskova CJ / EN,dynamicka posilovaci,Joga zeleny sal
29.05.2017 21:27,30.05.2017,Powerjoga,7:00,8:00,8,20,Hana Hruskova CJ / EN,dynamicka posilovaci,Joga zeleny sal
29.05.2017 22:59,30.05.2017,Powerjoga,7:00,8:00,9,20,Hana Hruskova CJ / EN,dynamicka posilovaci,Joga zeleny sal
30.05.2017 06:26,30.05.2017,Powerjoga,7:00,8:00,10,20,Hana Hruskova CJ / EN,dynamicka posilovaci,Joga zeleny sal
30.05.2017 06:48,30.05.2017,Powerjoga,7:00,8:00,11,20,Hana Hruskova CJ / EN,dynamicka posilovaci,Joga zeleny sal
30.05.2017 07:01,30.05.2017,Powerjoga,7:00,8:00,12,20,Hana Hruskova CJ / EN,dynamicka posilovaci,Joga zeleny sal
28.05.2017 23:56,30.05.2017,Powerjoga,8:05,9:05,2,20,Hana Hruskova CJ / EN,zacatecnici,Joga zeleny sal
29.05.2017 11:51,30.05.2017,Powerjoga,8:05,9:05,1,20,Hana Hruskova CJ / EN,zacatecnici,Joga zeleny sal
29.05.2017 20:20,30.05.2017,Powerjoga,8:05,9:05,3,20,Hana Hruskova CJ / EN,zacatecnici,Joga zeleny sal
30.05.2017 07:46,30.05.2017,Powerjoga,8:05,9:05,4,20,Hana Hruskova CJ / EN,zacatecnici,Joga zeleny sal
30.05.2017 08:03,30.05.2017,Powerjoga,8:05,9:05,5,20,Hana Hruskova CJ / EN,zacatecnici,Joga zeleny sal
28.05.2017 23:56,31.05.2017,Kurz jogy pro zacatecniky - uzavreny kurz,10:00,11:30,0,0,Richard Holicky,,Joga zeleny sal
28.05.2017 23:56,31.05.2017,Jemna joga - vhodna i pro seniory,10:15,11:15,0,30,Daniela  Fremuntova,klidna protahovaci,Joga modry sal
28.05.2017 23:56,31.05.2017,Powerjoga,11:25,12:10,1,30,Daniela  Fremuntova,dynamicka posilovaci,Joga modry sal
29.05.2017 10:14,31.05.2017,Powerjoga,11:25,12:10,2,30,Daniela  Fremuntova,dynamicka posilovaci,Joga modry sal
30.05.2017 19:51,31.05.2017,Powerjoga,11:25,12:10,3,30,Daniela  Fremuntova,dynamicka posilovaci,Joga modry sal
31.05.2017 10:11,31.05.2017,Powerjoga,11:25,12:10,4,30,Daniela  Fremuntova,dynamicka posilovaci,Joga modry sal
31.05.2017 10:33,31.05.2017,Powerjoga,11:25,12:10,5,30,Daniela  Fremuntova,dynamicka posilovaci,Joga modry sal
31.05.2017 10:51,31.05.2017,Powerjoga,11:25,12:10,6,30,Daniela  Fremuntova,dynamicka posilovaci,Joga modry sal
31.05.2017 11:02,31.05.2017,Powerjoga,11:25,12:10,7,30,Daniela  Fremuntova,dynamicka posilovaci,Joga modry sal
28.05.2017 23:56,31.05.2017,Joga pro zdrava zada,11:40,12:25,3,20,Katerina  Kornova,zdravotni,Joga zeleny sal
29.05.2017 09:03,31.05.2017,Joga pro zdrava zada,11:40,12:25,4,20,Katerina  Kornova,zdravotni,Joga zeleny sal
31.05.2017 09:23,31.05.2017,Joga pro zdrava zada,11:40,12:25,5,20,Katerina  Kornova,zdravotni,Joga zeleny sal
31.05.2017 09:44,31.05.2017,Joga pro zdrava zada,11:40,12:25,6,20,Katerina  Kornova,zdravotni,Joga zeleny sal
31.05.2017 10:19,31.05.2017,Joga pro zdrava zada,11:40,12:25,7,20,Katerina  Kornova,zdravotni,Joga zeleny sal
31.05.2017 10:36,31.05.2017,Joga pro zdrava zada,11:40,12:25,8,20,Katerina  Kornova,zdravotni,Joga zeleny sal
28.05.2017 23:56,31.05.2017,Powerjoga,12:15,13:00,0,30,Daniela  Fremuntova,zacatecnici,Joga modry sal
31.05.2017 09:58,31.05.2017,Powerjoga,12:15,13:00,1,30,Daniela  Fremuntova,zacatecnici,Joga modry sal
31.05.2017 10:06,31.05.2017,Powerjoga,12:15,13:00,2,30,Daniela  Fremuntova,zacatecnici,Joga modry sal
31.05.2017 11:22,31.05.2017,Powerjoga,12:15,13:00,3,30,Daniela  Fremuntova,zacatecnici,Joga modry sal
31.05.2017 11:41,31.05.2017,Powerjoga,12:15,13:00,4,30,Daniela  Fremuntova,zacatecnici,Joga modry sal
31.05.2017 12:01,31.05.2017,Powerjoga,12:15,13:00,5,30,Daniela  Fremuntova,zacatecnici,Joga modry sal
31.05.2017 12:05,31.05.2017,Powerjoga,12:15,13:00,6,30,Daniela  Fremuntova,zacatecnici,Joga modry sal
28.05.2017 23:56,31.05.2017,Joga pro zdrava zada,12:30,13:15,0,20,Katerina  Kornova,zdravotni,Joga zeleny sal
31.05.2017 10:11,31.05.2017,Joga pro zdrava zada,12:30,13:15,1,20,Katerina  Kornova,zdravotni,Joga zeleny sal
31.05.2017 10:46,31.05.2017,Joga pro zdrava zada,12:30,13:15,2,20,Katerina  Kornova,zdravotni,Joga zeleny sal
31.05.2017 12:19,31.05.2017,Joga pro zdrava zada,12:30,13:15,3,20,Katerina  Kornova,zdravotni,Joga zeleny sal
28.05.2017 23:56,31.05.2017,Joga zamerena na zdrava zada,16:20,17:20,4,20,Alexandra Mandova,zdravotni,Joga zeleny sal
29.05.2017 12:44,31.05.2017,Joga zamerena na zdrava zada,16:20,17:20,5,20,Alexandra Mandova,zdravotni,Joga zeleny sal
30.05.2017 05:17,31.05.2017,Joga zamerena na zdrava zada,16:20,17:20,6,20,Alexandra Mandova,zdravotni,Joga zeleny sal
31.05.2017 09:19,31.05.2017,Joga zamerena na zdrava zada,16:20,17:20,3,20,Alexandra Mandova,zdravotni,Joga zeleny sal
28.05.2017 23:56,31.05.2017,Hot joga - sestava z Hatha jogy,16:30,17:30,0,30,Lenka Uhlikova,zacatecnici,Hot-joga
30.05.2017 14:23,31.05.2017,Hot joga - sestava z Hatha jogy,16:30,17:30,1,30,Lenka Uhlikova,zacatecnici,Hot-joga
28.05.2017 23:56,31.05.2017,Powerjoga,17:25,18:25,3,20,Alexandra Mandova,dynamicka posilovaci,Joga zeleny sal
29.05.2017 10:24,31.05.2017,Powerjoga,17:25,18:25,4,20,Alexandra Mandova,dynamicka posilovaci,Joga zeleny sal
29.05.2017 12:32,31.05.2017,Powerjoga,17:25,18:25,5,20,Alexandra Mandova,dynamicka posilovaci,Joga zeleny sal
31.05.2017 09:40,31.05.2017,Powerjoga,17:25,18:25,6,20,Alexandra Mandova,dynamicka posilovaci,Joga zeleny sal
31.05.2017 09:41,31.05.2017,Powerjoga,17:25,18:25,7,20,Alexandra Mandova,dynamicka posilovaci,Joga zeleny sal
31.05.2017 14:12,31.05.2017,Powerjoga,17:25,18:25,8,20,Alexandra Mandova,dynamicka posilovaci,Joga zeleny sal
31.05.2017 15:52,31.05.2017,Powerjoga,17:25,18:25,9,20,Alexandra Mandova,dynamicka posilovaci,Joga zeleny sal
31.05.2017 16:00,31.05.2017,Powerjoga,17:25,18:25,10,20,Alexandra Mandova,dynamicka posilovaci,Joga zeleny sal
28.05.2017 23:56,31.05.2017,Hot joga,18:00,19:30,0,30,Marketa  Samesova,dynamicka posilovaci,Hot-joga
29.05.2017 22:25,31.05.2017,Hot joga,18:00,19:30,1,30,Marketa  Samesova,dynamicka posilovaci,Hot-joga
30.05.2017 20:35,31.05.2017,Hot joga,18:00,19:30,2,30,Marketa  Samesova,dynamicka posilovaci,Hot-joga
30.05.2017 22:33,31.05.2017,Hot joga,18:00,19:30,3,30,Marketa  Samesova,dynamicka posilovaci,Hot-joga
31.05.2017 14:39,31.05.2017,Hot joga,18:00,19:30,4,30,Marketa  Samesova,dynamicka posilovaci,Hot-joga
31.05.2017 15:09,31.05.2017,Hot joga,18:00,19:30,5,30,Marketa  Samesova,dynamicka posilovaci,Hot-joga
31.05.2017 17:38,31.05.2017,Hot joga,18:00,19:30,6,30,Marketa  Samesova,dynamicka posilovaci,Hot-joga
28.05.2017 23:56,31.05.2017,Hatha joga - vedoma- harmonicka joga,18:30,20:00,2,20,Marie Kmochova,klidna protahovaci,Joga zeleny sal
29.05.2017 10:25,31.05.2017,Hatha joga - vedoma- harmonicka joga,18:30,20:00,3,20,Marie Kmochova,klidna protahovaci,Joga zeleny sal
29.05.2017 16:42,31.05.2017,Hatha joga - vedoma- harmonicka joga,18:30,20:00,5,20,Marie Kmochova,klidna protahovaci,Joga zeleny sal
31.05.2017 10:20,31.05.2017,Hatha joga - vedoma- harmonicka joga,18:30,20:00,6,20,Marie Kmochova,klidna protahovaci,Joga zeleny sal
31.05.2017 11:47,31.05.2017,Hatha joga - vedoma- harmonicka joga,18:30,20:00,7,20,Marie Kmochova,klidna protahovaci,Joga zeleny sal
31.05.2017 13:03,31.05.2017,Hatha joga - vedoma- harmonicka joga,18:30,20:00,8,20,Marie Kmochova,klidna protahovaci,Joga zeleny sal
31.05.2017 18:10,31.05.2017,Hatha joga - vedoma- harmonicka joga,18:30,20:00,9,20,Marie Kmochova,klidna protahovaci,Joga zeleny sal
31.05.2017 18:11,31.05.2017,Hatha joga - vedoma- harmonicka joga,18:30,20:00,10,20,Marie Kmochova,klidna protahovaci,Joga zeleny sal
31.05.2017 18:19,31.05.2017,Hatha joga - vedoma- harmonicka joga,18:30,20:00,11,20,Marie Kmochova,klidna protahovaci,Joga zeleny sal
31.05.2017 18:21,31.05.2017,Hatha joga - vedoma- harmonicka joga,18:30,20:00,12,20,Marie Kmochova,klidna protahovaci,Joga zeleny sal
28.05.2017 23:56,31.05.2017,Hot joga,19:45,21:15,2,30,Jarmila Kucmasova,zacatecnici,Hot-joga
29.05.2017 17:52,31.05.2017,Hot joga,19:45,21:15,3,30,Jarmila Kucmasova,zacatecnici,Hot-joga
30.05.2017 10:26,31.05.2017,Hot joga ZASKOK,19:45,21:15,3,30,Marketa  Samesova,zacatecnici,Hot-joga
31.05.2017 13:48,31.05.2017,Hot joga ZASKOK,19:45,21:15,4,30,Marketa  Samesova,zacatecnici,Hot-joga
31.05.2017 14:39,31.05.2017,Hot joga ZASKOK,19:45,21:15,5,30,Marketa  Samesova,zacatecnici,Hot-joga
31.05.2017 18:02,31.05.2017,Hot joga ZASKOK,19:45,21:15,2,30,Marketa  Samesova,zacatecnici,Hot-joga
31.05.2017 18:20,31.05.2017,Hot joga ZASKOK,19:45,21:15,1,30,Marketa  Samesova,zacatecnici,Hot-joga
28.05.2017 23:56,31.05.2017,Intenzivni kurz jogy - uzavreny kurz,20:05,21:35,0,0,Katka  Prymkova  CJ / EN,,Joga zeleny sal
28.05.2017 23:56,31.05.2017,Joga - probuzeni patere,7:00,8:00,0,30,Micha  Prach Kotrckova,klidna protahovaci,Joga modry sal
28.05.2017 23:56,31.05.2017,Powerjoga,7:00,8:00,1,20,Veronika  Brozova CJ / EN,zacatecnici,Joga zeleny sal
29.05.2017 17:08,31.05.2017,Powerjoga,7:00,8:00,2,20,Veronika  Brozova CJ / EN,zacatecnici,Joga zeleny sal
29.05.2017 23:58,31.05.2017,Powerjoga,7:00,8:00,3,20,Veronika  Brozova CJ / EN,zacatecnici,Joga zeleny sal
30.05.2017 09:51,31.05.2017,Powerjoga,7:00,8:00,4,20,Veronika  Brozova CJ / EN,zacatecnici,Joga zeleny sal
30.05.2017 14:48,31.05.2017,Powerjoga,7:00,8:00,5,20,Veronika  Brozova CJ / EN,zacatecnici,Joga zeleny sal
30.05.2017 15:59,31.05.2017,Powerjoga,7:00,8:00,6,20,Veronika  Brozova CJ / EN,zacatecnici,Joga zeleny sal
30.05.2017 18:50,31.05.2017,Powerjoga,7:00,8:00,8,20,Veronika  Brozova CJ / EN,zacatecnici,Joga zeleny sal
30.05.2017 21:52,31.05.2017,Powerjoga,7:00,8:00,9,20,Veronika  Brozova CJ / EN,zacatecnici,Joga zeleny sal
30.05.2017 21:53,31.05.2017,Powerjoga,7:00,8:00,10,20,Veronika  Brozova CJ / EN,zacatecnici,Joga zeleny sal
30.05.2017 22:10,31.05.2017,Powerjoga,7:00,8:00,11,20,Veronika  Brozova CJ / EN,zacatecnici,Joga zeleny sal
31.05.2017 06:52,31.05.2017,Powerjoga,7:00,8:00,12,20,Veronika  Brozova CJ / EN,zacatecnici,Joga zeleny sal
31.05.2017 06:55,31.05.2017,Powerjoga,7:00,8:00,14,20,Veronika  Brozova CJ / EN,zacatecnici,Joga zeleny sal
28.05.2017 23:56,31.05.2017,Kundalini joga,8:05,9:35,1,20,Micha  Prach Kotrckova,zacatecnici,Joga zeleny sal
29.05.2017 22:03,31.05.2017,Kundalini joga,8:05,9:35,2,20,Micha  Prach Kotrckova,zacatecnici,Joga zeleny sal
31.05.2017 07:56,31.05.2017,Kundalini joga,8:05,9:35,3,20,Micha  Prach Kotrckova,zacatecnici,Joga zeleny sal
28.05.2017 23:56,01.06.2017,Powerjoga,11:40,12:25,1,20,Marketa Makovska CJ / EN,dynamicka posilovaci,Joga zeleny sal
29.05.2017 10:15,01.06.2017,Powerjoga,11:40,12:25,2,20,Marketa Makovska CJ / EN,dynamicka posilovaci,Joga zeleny sal
31.05.2017 10:33,01.06.2017,Powerjoga,11:40,12:25,3,20,Marketa Makovska CJ / EN,dynamicka posilovaci,Joga zeleny sal
01.06.2017 08:57,01.06.2017,Powerjoga,11:40,12:25,4,20,Marketa Makovska CJ / EN,dynamicka posilovaci,Joga zeleny sal
01.06.2017 09:43,01.06.2017,Powerjoga,11:40,12:25,5,20,Marketa Makovska CJ / EN,dynamicka posilovaci,Joga zeleny sal
01.06.2017 10:31,01.06.2017,Powerjoga,11:40,12:25,6,20,Marketa Makovska CJ / EN,dynamicka posilovaci,Joga zeleny sal
01.06.2017 11:06,01.06.2017,Powerjoga,11:40,12:25,7,20,Marketa Makovska CJ / EN,dynamicka posilovaci,Joga zeleny sal
01.06.2017 11:17,01.06.2017,Powerjoga,11:40,12:25,8,20,Marketa Makovska CJ / EN,dynamicka posilovaci,Joga zeleny sal
01.06.2017 11:32,01.06.2017,Powerjoga,11:40,12:25,9,20,Marketa Makovska CJ / EN,dynamicka posilovaci,Joga zeleny sal
01.06.2017 11:33,01.06.2017,Powerjoga,11:40,12:25,11,20,Marketa Makovska CJ / EN,dynamicka posilovaci,Joga zeleny sal
01.06.2017 11:34,01.06.2017,Powerjoga,11:40,12:25,12,20,Marketa Makovska CJ / EN,dynamicka posilovaci,Joga zeleny sal
28.05.2017 23:56,01.06.2017,Powerjoga,12:30,13:15,0,20,Marketa Makovska CJ / EN,zacatecnici,Joga zeleny sal
01.06.2017 11:08,01.06.2017,Powerjoga,12:30,13:15,1,20,Marketa Makovska CJ / EN,zacatecnici,Joga zeleny sal
01.06.2017 12:06,01.06.2017,Powerjoga,12:30,13:15,2,20,Marketa Makovska CJ / EN,zacatecnici,Joga zeleny sal
28.05.2017 23:56,01.06.2017,Jemna joga,15:15,16:15,1,20,Lubica Vodvarkova,klidna protahovaci,Joga zeleny sal
29.05.2017 09:24,01.06.2017,Jemna joga,15:15,16:15,2,20,Lubica Vodvarkova,klidna protahovaci,Joga zeleny sal
29.05.2017 23:15,01.06.2017,Jemna joga,15:15,16:15,3,20,Lubica Vodvarkova,klidna protahovaci,Joga zeleny sal
31.05.2017 05:34,01.06.2017,Jemna joga,15:15,16:15,4,20,Lubica Vodvarkova,klidna protahovaci,Joga zeleny sal
01.06.2017 10:49,01.06.2017,Jemna joga,15:15,16:15,5,20,Lubica Vodvarkova,klidna protahovaci,Joga zeleny sal
01.06.2017 14:40,01.06.2017,Jemna joga,15:15,16:15,6,20,Lubica Vodvarkova,klidna protahovaci,Joga zeleny sal
28.05.2017 23:56,01.06.2017,Hatha joga,16:20,17:20,11,20,Lubica Vodvarkova,zacatecnici,Joga zeleny sal
30.05.2017 05:45,01.06.2017,Hatha joga,16:20,17:20,12,20,Lubica Vodvarkova,zacatecnici,Joga zeleny sal
01.06.2017 08:43,01.06.2017,Hatha joga,16:20,17:20,13,20,Lubica Vodvarkova,zacatecnici,Joga zeleny sal
28.05.2017 23:56,01.06.2017,Hot joga,16:40,17:40,0,30,Alexandra Mandova,dynamicka posilovaci,Hot-joga
31.05.2017 21:43,01.06.2017,Hot joga,16:40,17:40,1,30,Alexandra Mandova,dynamicka posilovaci,Hot-joga
01.06.2017 09:08,01.06.2017,Hot joga,16:40,17:40,1,30,Lenka Uhlikova,dynamicka posilovaci,Hot-joga
01.06.2017 14:02,01.06.2017,Hot joga,16:40,17:40,2,30,Lenka Uhlikova,dynamicka posilovaci,Hot-joga
01.06.2017 14:03,01.06.2017,Hot joga,16:40,17:40,3,30,Lenka Uhlikova,dynamicka posilovaci,Hot-joga
01.06.2017 15:47,01.06.2017,Hot joga,16:40,17:40,4,30,Lenka Uhlikova,dynamicka posilovaci,Hot-joga
01.06.2017 15:56,01.06.2017,Hot joga,16:40,17:40,6,30,Lenka Uhlikova,dynamicka posilovaci,Hot-joga
01.06.2017 16:06,01.06.2017,Hot joga,16:40,17:40,5,30,Lenka Uhlikova,dynamicka posilovaci,Hot-joga
28.05.2017 23:56,01.06.2017,Powerjoga,17:25,18:25,5,20,Karolina Chudobova,dynamicka posilovaci,Joga zeleny sal
29.05.2017 17:10,01.06.2017,Powerjoga,17:25,18:25,6,20,Karolina Chudobova,dynamicka posilovaci,Joga zeleny sal
30.05.2017 07:16,01.06.2017,Powerjoga,17:25,18:25,7,20,Karolina Chudobova,dynamicka posilovaci,Joga zeleny sal
30.05.2017 20:11,01.06.2017,Powerjoga,17:25,18:25,8,20,Karolina Chudobova,dynamicka posilovaci,Joga zeleny sal
30.05.2017 23:43,01.06.2017,Powerjoga,17:25,18:25,9,20,Karolina Chudobova,dynamicka posilovaci,Joga zeleny sal
01.06.2017 08:57,01.06.2017,Powerjoga,17:25,18:25,10,20,Karolina Chudobova,dynamicka posilovaci,Joga zeleny sal
01.06.2017 09:53,01.06.2017,Powerjoga,17:25,18:25,11,20,Karolina Chudobova,dynamicka posilovaci,Joga zeleny sal
01.06.2017 14:58,01.06.2017,Powerjoga,17:25,18:25,12,20,Karolina Chudobova,dynamicka posilovaci,Joga zeleny sal
01.06.2017 15:29,01.06.2017,Powerjoga,17:25,18:25,13,20,Karolina Chudobova,dynamicka posilovaci,Joga zeleny sal
01.06.2017 16:11,01.06.2017,Powerjoga,17:25,18:25,14,20,Karolina Chudobova,dynamicka posilovaci,Joga zeleny sal
01.06.2017 16:18,01.06.2017,Powerjoga,17:25,18:25,15,20,Karolina Chudobova,dynamicka posilovaci,Joga zeleny sal
01.06.2017 16:20,01.06.2017,Powerjoga,17:25,18:25,16,20,Karolina Chudobova,dynamicka posilovaci,Joga zeleny sal
01.06.2017 16:28,01.06.2017,Powerjoga,17:25,18:25,18,20,Karolina Chudobova,dynamicka posilovaci,Joga zeleny sal
28.05.2017 23:56,01.06.2017,Hot joga,18:00,19:30,0,30,Pavla  Krecanova,zacatecnici,Hot-joga
30.05.2017 08:18,01.06.2017,Hot joga,18:00,19:30,1,30,Pavla  Krecanova,zacatecnici,Hot-joga
30.05.2017 11:54,01.06.2017,Hot joga,18:00,19:30,2,30,Pavla  Krecanova,zacatecnici,Hot-joga
30.05.2017 18:59,01.06.2017,Hot joga,18:00,19:30,3,30,Pavla  Krecanova,zacatecnici,Hot-joga
30.05.2017 21:08,01.06.2017,Hot joga,18:00,19:30,4,30,Pavla  Krecanova,zacatecnici,Hot-joga
31.05.2017 09:25,01.06.2017,Hot joga,18:00,19:30,5,30,Pavla  Krecanova,zacatecnici,Hot-joga
31.05.2017 12:35,01.06.2017,Hot joga,18:00,19:30,6,30,Pavla  Krecanova,zacatecnici,Hot-joga
31.05.2017 17:03,01.06.2017,Hot joga,18:00,19:30,7,30,Pavla  Krecanova,zacatecnici,Hot-joga
01.06.2017 14:33,01.06.2017,Hot joga,18:00,19:30,8,30,Pavla  Krecanova,zacatecnici,Hot-joga
01.06.2017 14:51,01.06.2017,Hot joga,18:00,19:30,9,30,Pavla  Krecanova,zacatecnici,Hot-joga
01.06.2017 17:06,01.06.2017,Hot joga,18:00,19:30,10,30,Pavla  Krecanova,zacatecnici,Hot-joga
01.06.2017 20:58,01.06.2017,Hot joga,18:00,19:30,11,30,Pavla  Krecanova,zacatecnici,Hot-joga
28.05.2017 23:56,01.06.2017,Gravid joga,18:30,19:30,1,20,Karolina Chudobova,zdravotni,Joga zeleny sal
30.05.2017 11:38,01.06.2017,Gravid joga,18:30,19:30,2,20,Karolina Chudobova,zdravotni,Joga zeleny sal
31.05.2017 10:56,01.06.2017,Gravid joga,18:30,19:30,3,20,Karolina Chudobova,zdravotni,Joga zeleny sal
31.05.2017 11:25,01.06.2017,Gravid joga,18:30,19:30,4,20,Karolina Chudobova,zdravotni,Joga zeleny sal
31.05.2017 12:30,01.06.2017,Gravid joga,18:30,19:30,5,20,Karolina Chudobova,zdravotni,Joga zeleny sal
31.05.2017 20:26,01.06.2017,Gravid joga,18:30,19:30,6,20,Karolina Chudobova,zdravotni,Joga zeleny sal
31.05.2017 21:20,01.06.2017,Gravid joga,18:30,19:30,7,20,Karolina Chudobova,zdravotni,Joga zeleny sal
01.06.2017 18:05,01.06.2017,Gravid joga,18:30,19:30,8,20,Karolina Chudobova,zdravotni,Joga zeleny sal
28.05.2017 23:56,01.06.2017,Jemna joga,19:35,20:35,3,20,Karolina Chudobova,klidna protahovaci,Joga zeleny sal
30.05.2017 09:29,01.06.2017,Jemna joga,19:35,20:35,4,20,Karolina Chudobova,klidna protahovaci,Joga zeleny sal
30.05.2017 10:05,01.06.2017,Jemna joga,19:35,20:35,5,20,Karolina Chudobova,klidna protahovaci,Joga zeleny sal
30.05.2017 10:48,01.06.2017,Jemna joga,19:35,20:35,6,20,Karolina Chudobova,klidna protahovaci,Joga zeleny sal
31.05.2017 10:17,01.06.2017,Jemna joga,19:35,20:35,7,20,Karolina Chudobova,klidna protahovaci,Joga zeleny sal
31.05.2017 13:07,01.06.2017,Jemna joga,19:35,20:35,8,20,Karolina Chudobova,klidna protahovaci,Joga zeleny sal
31.05.2017 15:05,01.06.2017,Jemna joga,19:35,20:35,9,20,Karolina Chudobova,klidna protahovaci,Joga zeleny sal
31.05.2017 15:06,01.06.2017,Jemna joga,19:35,20:35,10,20,Karolina Chudobova,klidna protahovaci,Joga zeleny sal
01.06.2017 12:51,01.06.2017,Jemna joga,19:35,20:35,11,20,Karolina Chudobova,klidna protahovaci,Joga zeleny sal
01.06.2017 13:07,01.06.2017,Jemna joga,19:35,20:35,12,20,Karolina Chudobova,klidna protahovaci,Joga zeleny sal
01.06.2017 13:12,01.06.2017,Jemna joga,19:35,20:35,13,20,Karolina Chudobova,klidna protahovaci,Joga zeleny sal
01.06.2017 14:24,01.06.2017,Jemna joga,19:35,20:35,14,20,Karolina Chudobova,klidna protahovaci,Joga zeleny sal
01.06.2017 14:33,01.06.2017,Jemna joga,19:35,20:35,15,20,Karolina Chudobova,klidna protahovaci,Joga zeleny sal
01.06.2017 17:31,01.06.2017,Jemna joga,19:35,20:35,17,20,Karolina Chudobova,klidna protahovaci,Joga zeleny sal
01.06.2017 18:05,01.06.2017,Jemna joga,19:35,20:35,16,20,Karolina Chudobova,klidna protahovaci,Joga zeleny sal
28.05.2017 23:56,01.06.2017,Hot joga,19:45,21:15,1,30,Andrea Hraskova,klidna protahovaci,Hot-joga
31.05.2017 10:03,01.06.2017,Hot joga,19:45,21:15,2,30,Andrea Hraskova,klidna protahovaci,Hot-joga
28.05.2017 23:56,01.06.2017,Powerjoga,7:00,8:00,2,20,Alexandra Mandova,dynamicka posilovaci,Joga zeleny sal
29.05.2017 06:04,01.06.2017,Powerjoga,7:00,8:00,3,20,Alexandra Mandova,dynamicka posilovaci,Joga zeleny sal
29.05.2017 08:55,01.06.2017,Powerjoga,7:00,8:00,5,20,Alexandra Mandova,dynamicka posilovaci,Joga zeleny sal
29.05.2017 11:47,01.06.2017,Powerjoga,7:00,8:00,6,20,Alexandra Mandova,dynamicka posilovaci,Joga zeleny sal
30.05.2017 13:38,01.06.2017,Powerjoga,7:00,8:00,7,20,Alexandra Mandova,dynamicka posilovaci,Joga zeleny sal
30.05.2017 23:40,01.06.2017,Powerjoga,7:00,8:00,8,20,Alexandra Mandova,dynamicka posilovaci,Joga zeleny sal
31.05.2017 22:20,01.06.2017,Powerjoga,7:00,8:00,9,20,Alexandra Mandova,dynamicka posilovaci,Joga zeleny sal
31.05.2017 22:35,01.06.2017,Powerjoga,7:00,8:00,10,20,Alexandra Mandova,dynamicka posilovaci,Joga zeleny sal
28.05.2017 23:56,01.06.2017,Jemna joga,8:00,9:00,0,30,Blanka Lorencova,zacatecnici,Joga modry sal
29.05.2017 07:45,01.06.2017,Jemna joga,8:00,9:00,1,30,Blanka Lorencova,zacatecnici,Joga modry sal
31.05.2017 18:40,01.06.2017,Jemna joga,8:00,9:00,2,30,Blanka Lorencova,zacatecnici,Joga modry sal
31.05.2017 21:54,01.06.2017,Jemna joga,8:00,9:00,3,30,Blanka Lorencova,zacatecnici,Joga modry sal
01.06.2017 07:21,01.06.2017,Jemna joga,8:00,9:00,4,30,Blanka Lorencova,zacatecnici,Joga modry sal
01.06.2017 07:51,01.06.2017,Jemna joga,8:00,9:00,5,30,Blanka Lorencova,zacatecnici,Joga modry sal
28.05.2017 23:56,01.06.2017,Hatha joga - vhodna i pro zacatecniky,8:05,8:50,1,20,Alexandra Mandova,klidna protahovaci,Joga zeleny sal
31.05.2017 17:26,01.06.2017,Hatha joga - vhodna i pro zacatecniky,8:05,8:50,2,20,Alexandra Mandova,klidna protahovaci,Joga zeleny sal
31.05.2017 17:34,01.06.2017,Hatha joga - vhodna i pro zacatecniky,8:05,8:50,3,20,Alexandra Mandova,klidna protahovaci,Joga zeleny sal
31.05.2017 19:39,01.06.2017,Hatha joga - vhodna i pro zacatecniky,8:05,8:50,4,20,Alexandra Mandova,klidna protahovaci,Joga zeleny sal
01.06.2017 07:47,01.06.2017,Hatha joga - vhodna i pro zacatecniky,8:05,8:50,5,20,Alexandra Mandova,klidna protahovaci,Joga zeleny sal
28.05.2017 23:56,01.06.2017,Zdrava zada,9:05,10:05,2,30,Blanka Lorencova,zdravotni,Joga modry sal
29.05.2017 21:04,01.06.2017,Zdrava zada,9:05,10:05,3,30,Blanka Lorencova,zdravotni,Joga modry sal
31.05.2017 18:40,01.06.2017,Zdrava zada,9:05,10:05,4,30,Blanka Lorencova,zdravotni,Joga modry sal
31.05.2017 21:52,01.06.2017,Zdrava zada,9:05,10:05,5,30,Blanka Lorencova,zdravotni,Joga modry sal
31.05.2017 23:56,01.06.2017,Zdrava zada,9:05,10:05,6,30,Blanka Lorencova,zdravotni,Joga modry sal
01.06.2017 07:21,01.06.2017,Zdrava zada,9:05,10:05,7,30,Blanka Lorencova,zdravotni,Joga modry sal
01.06.2017 07:51,01.06.2017,Zdrava zada,9:05,10:05,8,30,Blanka Lorencova,zdravotni,Joga modry sal
01.06.2017 08:48,01.06.2017,Zdrava zada,9:05,10:05,9,30,Blanka Lorencova,zdravotni,Joga modry sal
01.06.2017 08:53,01.06.2017,Zdrava zada,9:05,10:05,10,30,Blanka Lorencova,zdravotni,Joga modry sal
01.06.2017 08:56,01.06.2017,Zdrava zada,9:05,10:05,11,30,Blanka Lorencova,zdravotni,Joga modry sal
01.06.2017 08:57,01.06.2017,Zdrava zada,9:05,10:05,12,30,Blanka Lorencova,zdravotni,Joga modry sal
01.06.2017 08:59,01.06.2017,Zdrava zada,9:05,10:05,13,30,Blanka Lorencova,zdravotni,Joga modry sal
28.05.2017 23:56,02.06.2017,Hot joga,10:00,11:00,0,30,Vera Vojtechova,zacatecnici,Hot-joga
30.05.2017 10:47,02.06.2017,Hot joga,10:00,11:00,1,30,Vera Vojtechova,zacatecnici,Hot-joga
30.05.2017 11:04,02.06.2017,Hot joga,10:00,11:00,2,30,Vera Vojtechova,zacatecnici,Hot-joga
01.06.2017 13:18,02.06.2017,Hot joga,10:00,11:00,2,30,Martina Koralova,zacatecnici,Hot-joga
01.06.2017 14:12,02.06.2017,Hot joga,10:00,11:00,3,30,Martina Koralova,zacatecnici,Hot-joga
28.05.2017 23:56,02.06.2017,Joga pro zdrava zada - vhodna pro zacatecniky,10:15,11:15,0,20,Silvie Cifrincova,zdravotni,Joga zeleny sal
28.05.2017 23:56,02.06.2017,Jogova terapie - sal je mirne vyhraty,11:15,12:15,6,20,Vera Vojtechova,zdravotni,Joga modry sal
30.05.2017 14:42,02.06.2017,Jogova terapie - sal je mirne vyhraty,11:15,12:15,7,20,Vera Vojtechova,zdravotni,Joga modry sal
01.06.2017 11:46,02.06.2017,Jogova terapie - sal je mirne vyhraty,11:15,12:15,8,20,Vera Vojtechova,zdravotni,Joga modry sal
01.06.2017 13:18,02.06.2017,Jogova terapie - sal je mirne vyhraty,11:15,12:15,8,20,Martina Koralova,zdravotni,Joga modry sal
01.06.2017 16:06,02.06.2017,Jogova terapie - sal je mirne vyhraty,11:15,12:15,9,20,Martina Koralova,zdravotni,Joga modry sal
01.06.2017 16:40,02.06.2017,Jogova terapie - sal je mirne vyhraty,11:15,12:15,10,20,Martina Koralova,zdravotni,Joga modry sal
28.05.2017 23:56,02.06.2017,Powerjoga,11:25,12:10,0,20,Tomas  Helbig,zacatecnici,Joga zeleny sal
29.05.2017 09:04,02.06.2017,Powerjoga,11:25,12:10,1,20,Tomas  Helbig,zacatecnici,Joga zeleny sal
29.05.2017 20:14,02.06.2017,Powerjoga,11:25,12:10,2,20,Tomas  Helbig,zacatecnici,Joga zeleny sal
02.06.2017 10:34,02.06.2017,Powerjoga,11:25,12:10,3,20,Tomas  Helbig,zacatecnici,Joga zeleny sal
02.06.2017 10:37,02.06.2017,Powerjoga,11:25,12:10,4,20,Tomas  Helbig,zacatecnici,Joga zeleny sal
02.06.2017 11:19,02.06.2017,Powerjoga,11:25,12:10,5,20,Tomas  Helbig,zacatecnici,Joga zeleny sal
02.06.2017 11:21,02.06.2017,Powerjoga,11:25,12:10,6,20,Tomas  Helbig,zacatecnici,Joga zeleny sal
02.06.2017 11:31,02.06.2017,Powerjoga,11:25,12:10,7,20,Tomas  Helbig,zacatecnici,Joga zeleny sal
28.05.2017 23:56,02.06.2017,Powerjoga,12:15,13:00,1,20,Tomas  Helbig,dynamicka posilovaci,Joga zeleny sal
29.05.2017 10:15,02.06.2017,Powerjoga,12:15,13:00,2,20,Tomas  Helbig,dynamicka posilovaci,Joga zeleny sal
02.06.2017 09:24,02.06.2017,Powerjoga,12:15,13:00,3,20,Tomas  Helbig,dynamicka posilovaci,Joga zeleny sal
02.06.2017 10:53,02.06.2017,Powerjoga,12:15,13:00,4,20,Tomas  Helbig,dynamicka posilovaci,Joga zeleny sal
02.06.2017 11:27,02.06.2017,Powerjoga,12:15,13:00,5,20,Tomas  Helbig,dynamicka posilovaci,Joga zeleny sal
02.06.2017 11:33,02.06.2017,Powerjoga,12:15,13:00,6,20,Tomas  Helbig,dynamicka posilovaci,Joga zeleny sal
02.06.2017 11:56,02.06.2017,Powerjoga,12:15,13:00,8,20,Tomas  Helbig,dynamicka posilovaci,Joga zeleny sal
02.06.2017 12:07,02.06.2017,Powerjoga,12:15,13:00,10,20,Tomas  Helbig,dynamicka posilovaci,Joga zeleny sal
02.06.2017 12:11,02.06.2017,Powerjoga,12:15,13:00,11,20,Tomas  Helbig,dynamicka posilovaci,Joga zeleny sal
28.05.2017 23:56,02.06.2017,Joga pro zdrava zada,15:15,16:15,2,20,Katerina  Kornova,zdravotni,Joga zeleny sal
01.06.2017 07:40,02.06.2017,Joga pro zdrava zada,15:15,16:15,1,20,Katerina  Kornova,zdravotni,Joga zeleny sal
02.06.2017 12:03,02.06.2017,Joga pro zdrava zada,15:15,16:15,3,20,Katerina  Kornova,zdravotni,Joga zeleny sal
02.06.2017 15:29,02.06.2017,Joga pro zdrava zada,15:15,16:15,4,20,Katerina  Kornova,zdravotni,Joga zeleny sal
28.05.2017 23:56,02.06.2017,Jemna joga,16:20,17:20,1,20,Katerina  Kornova,klidna protahovaci,Joga zeleny sal
29.05.2017 12:45,02.06.2017,Jemna joga,16:20,17:20,2,20,Katerina  Kornova,klidna protahovaci,Joga zeleny sal
30.05.2017 15:13,02.06.2017,Jemna joga,16:20,17:20,3,20,Katerina  Kornova,klidna protahovaci,Joga zeleny sal
31.05.2017 20:32,02.06.2017,Jemna joga,16:20,17:20,4,20,Katerina  Kornova,klidna protahovaci,Joga zeleny sal
31.05.2017 20:39,02.06.2017,Jemna joga,16:20,17:20,5,20,Katerina  Kornova,klidna protahovaci,Joga zeleny sal
01.06.2017 08:22,02.06.2017,Jemna joga,16:20,17:20,6,20,Katerina  Kornova,klidna protahovaci,Joga zeleny sal
02.06.2017 15:57,02.06.2017,Jemna joga,16:20,17:20,7,20,Katerina  Kornova,klidna protahovaci,Joga zeleny sal
02.06.2017 16:03,02.06.2017,Jemna joga,16:20,17:20,8,20,Katerina  Kornova,klidna protahovaci,Joga zeleny sal
02.06.2017 16:11,02.06.2017,Jemna joga,16:20,17:20,9,20,Katerina  Kornova,klidna protahovaci,Joga zeleny sal
28.05.2017 23:56,02.06.2017,Powerjoga,17:25,18:25,0,20,Hana Hruskova CJ / EN,dynamicka posilovaci,Joga zeleny sal
29.05.2017 20:31,02.06.2017,Powerjoga,17:25,18:25,1,20,Hana Hruskova CJ / EN,dynamicka posilovaci,Joga zeleny sal
01.06.2017 22:29,02.06.2017,Powerjoga,17:25,18:25,2,20,Hana Hruskova CJ / EN,dynamicka posilovaci,Joga zeleny sal
01.06.2017 23:28,02.06.2017,Powerjoga,17:25,18:25,3,20,Hana Hruskova CJ / EN,dynamicka posilovaci,Joga zeleny sal
02.06.2017 11:56,02.06.2017,Powerjoga,17:25,18:25,4,20,Hana Hruskova CJ / EN,dynamicka posilovaci,Joga zeleny sal
02.06.2017 14:03,02.06.2017,Powerjoga,17:25,18:25,5,20,Hana Hruskova CJ / EN,dynamicka posilovaci,Joga zeleny sal
02.06.2017 14:18,02.06.2017,Powerjoga,17:25,18:25,6,20,Hana Hruskova CJ / EN,dynamicka posilovaci,Joga zeleny sal
02.06.2017 16:01,02.06.2017,Powerjoga,17:25,18:25,7,20,Hana Hruskova CJ / EN,dynamicka posilovaci,Joga zeleny sal
02.06.2017 17:05,02.06.2017,Powerjoga,17:25,18:25,8,20,Hana Hruskova CJ / EN,dynamicka posilovaci,Joga zeleny sal
02.06.2017 17:07,02.06.2017,Powerjoga,17:25,18:25,9,20,Hana Hruskova CJ / EN,dynamicka posilovaci,Joga zeleny sal
28.05.2017 23:56,02.06.2017,Ashtanga joga - vhodna i pro zacatecniky,18:30,20:00,4,20,Hana Hruskova CJ / EN,zacatecnici,Joga zeleny sal
29.05.2017 17:13,02.06.2017,Ashtanga joga - vhodna i pro zacatecniky,18:30,20:00,5,20,Hana Hruskova CJ / EN,zacatecnici,Joga zeleny sal
31.05.2017 21:55,02.06.2017,Ashtanga joga - vhodna i pro zacatecniky,18:30,20:00,6,20,Hana Hruskova CJ / EN,zacatecnici,Joga zeleny sal
01.06.2017 12:56,02.06.2017,Ashtanga joga - vhodna i pro zacatecniky,18:30,20:00,7,20,Hana Hruskova CJ / EN,zacatecnici,Joga zeleny sal
01.06.2017 21:16,02.06.2017,Ashtanga joga - vhodna i pro zacatecniky,18:30,20:00,8,20,Hana Hruskova CJ / EN,zacatecnici,Joga zeleny sal
02.06.2017 10:29,02.06.2017,Ashtanga joga - vhodna i pro zacatecniky,18:30,20:00,9,20,Hana Hruskova CJ / EN,zacatecnici,Joga zeleny sal
02.06.2017 10:50,02.06.2017,Ashtanga joga - vhodna i pro zacatecniky,18:30,20:00,10,20,Hana Hruskova CJ / EN,zacatecnici,Joga zeleny sal
02.06.2017 11:49,02.06.2017,Ashtanga joga - vhodna i pro zacatecniky,18:30,20:00,11,20,Hana Hruskova CJ / EN,zacatecnici,Joga zeleny sal
28.05.2017 23:56,02.06.2017,Hatha joga,7:00,8:00,1,20,Alexandra Mandova,zacatecnici,Joga zeleny sal
29.05.2017 06:52,02.06.2017,Hatha joga,7:00,8:00,2,20,Alexandra Mandova,zacatecnici,Joga zeleny sal
01.06.2017 12:27,02.06.2017,Hatha joga,7:00,8:00,3,20,Alexandra Mandova,zacatecnici,Joga zeleny sal
01.06.2017 17:15,02.06.2017,Hatha joga,7:00,8:00,4,20,Alexandra Mandova,zacatecnici,Joga zeleny sal
01.06.2017 17:27,02.06.2017,Hatha joga,7:00,8:00,6,20,Alexandra Mandova,zacatecnici,Joga zeleny sal
01.06.2017 18:51,02.06.2017,Hatha joga,7:00,8:00,7,20,Alexandra Mandova,zacatecnici,Joga zeleny sal
01.06.2017 21:57,02.06.2017,Hatha joga,7:00,8:00,8,20,Alexandra Mandova,zacatecnici,Joga zeleny sal
01.06.2017 22:15,02.06.2017,Hatha joga,7:00,8:00,10,20,Alexandra Mandova,zacatecnici,Joga zeleny sal
01.06.2017 22:57,02.06.2017,Hatha joga,7:00,8:00,9,20,Alexandra Mandova,zacatecnici,Joga zeleny sal
02.06.2017 06:53,02.06.2017,Hatha joga,7:00,8:00,11,20,Alexandra Mandova,zacatecnici,Joga zeleny sal
28.05.2017 23:56,02.06.2017,Jemna joga,8:05,8:50,0,20,Alexandra Mandova,klidna protahovaci,Joga zeleny sal
01.06.2017 18:06,02.06.2017,Jemna joga,8:05,8:50,1,20,Alexandra Mandova,klidna protahovaci,Joga zeleny sal
02.06.2017 06:05,02.06.2017,Jemna joga,8:05,8:50,2,20,Alexandra Mandova,klidna protahovaci,Joga zeleny sal
28.05.2017 23:56,02.06.2017,Powerjoga,9:10,10:10,0,20,Silvie Cifrincova,dynamicka posilovaci,Joga zeleny sal
28.05.2017 23:56,03.06.2017,Powerjoga,10:20,11:20,0,20,Martina Dvorakova,dynamicka posilovaci,Joga zeleny sal
02.06.2017 18:05,03.06.2017,Powerjoga,10:20,11:20,1,20,Martina Dvorakova,dynamicka posilovaci,Joga zeleny sal
28.05.2017 23:56,03.06.2017,Hatha joga,11:30,13:00,0,20,Martina Koralova,zacatecnici,Joga zeleny sal
29.05.2017 08:44,03.06.2017,Hatha joga,11:30,13:00,1,20,Martina Koralova,zacatecnici,Joga zeleny sal
31.05.2017 20:53,03.06.2017,Hatha joga,11:30,13:00,2,20,Martina Koralova,zacatecnici,Joga zeleny sal
02.06.2017 20:01,03.06.2017,Hatha joga,11:30,13:00,3,20,Martina Koralova,zacatecnici,Joga zeleny sal
03.06.2017 10:01,03.06.2017,Hatha joga,11:30,13:00,4,20,Martina Koralova,zacatecnici,Joga zeleny sal
03.06.2017 10:08,03.06.2017,Hatha joga,11:30,13:00,5,20,Martina Koralova,zacatecnici,Joga zeleny sal
03.06.2017 11:07,03.06.2017,Hatha joga,11:30,13:00,6,20,Martina Koralova,zacatecnici,Joga zeleny sal
03.06.2017 11:10,03.06.2017,Hatha joga,11:30,13:00,7,20,Martina Koralova,zacatecnici,Joga zeleny sal
28.05.2017 23:56,03.06.2017,Zaciname s jogou - Kurz zakladu vinyasy,13:05,14:35,6,20,Martina Koralova,,Joga zeleny sal
28.05.2017 23:56,03.06.2017,Powerjoga,15:50,16:50,1,20,Veronika  Brozova CJ / EN,dynamicka posilovaci,Joga zeleny sal
03.06.2017 09:58,03.06.2017,Powerjoga,15:50,16:50,0,20,Veronika  Brozova CJ / EN,dynamicka posilovaci,Joga zeleny sal
03.06.2017 12:49,03.06.2017,Powerjoga,15:50,16:50,0,0,Veronika  Brozova CJ / EN,dynamicka posilovaci,Joga zeleny sal
28.05.2017 23:56,03.06.2017,Jemna joga,17:00,18:30,1,20,Veronika  Brozova CJ / EN,klidna protahovaci,Joga zeleny sal
31.05.2017 22:13,03.06.2017,Jemna joga,17:00,18:30,2,20,Veronika  Brozova CJ / EN,klidna protahovaci,Joga zeleny sal
03.06.2017 12:49,03.06.2017,Jemna joga,17:00,18:30,0,0,Veronika  Brozova CJ / EN,klidna protahovaci,Joga zeleny sal
28.05.2017 23:56,03.06.2017,Hatha joga,9:15,10:15,1,20,Martina Dvorakova,klidna protahovaci,Joga zeleny sal
29.05.2017 14:19,03.06.2017,Hatha joga,9:15,10:15,2,20,Martina Dvorakova,klidna protahovaci,Joga zeleny sal
01.06.2017 21:52,03.06.2017,Hatha joga,9:15,10:15,3,20,Martina Dvorakova,klidna protahovaci,Joga zeleny sal
02.06.2017 13:11,03.06.2017,Hatha joga,9:15,10:15,4,20,Martina Dvorakova,klidna protahovaci,Joga zeleny sal
02.06.2017 18:44,03.06.2017,Hatha joga,9:15,10:15,5,20,Martina Dvorakova,klidna protahovaci,Joga zeleny sal
28.05.2017 23:56,04.06.2017,Joga pro zdrava zada,16:05,17:05,0,20,Tomas  Helbig,zdravotni,Joga zeleny sal
03.06.2017 21:09,04.06.2017,Joga pro zdrava zada,16:05,17:05,1,20,Tomas  Helbig,zdravotni,Joga zeleny sal
03.06.2017 21:40,04.06.2017,Joga pro zdrava zada,16:05,17:05,2,20,Tomas  Helbig,zdravotni,Joga zeleny sal
04.06.2017 12:11,04.06.2017,Joga pro zdrava zada,16:05,17:05,3,20,Tomas  Helbig,zdravotni,Joga zeleny sal
04.06.2017 13:43,04.06.2017,Joga pro zdrava zada,16:05,17:05,4,20,Tomas  Helbig,zdravotni,Joga zeleny sal
04.06.2017 15:41,04.06.2017,Joga pro zdrava zada,16:05,17:05,5,20,Tomas  Helbig,zdravotni,Joga zeleny sal
28.05.2017 23:56,04.06.2017,Hatha joga,17:10,18:10,1,20,Tomas  Helbig,klidna protahovaci,Joga zeleny sal
02.06.2017 19:20,04.06.2017,Hatha joga,17:10,18:10,2,20,Tomas  Helbig,klidna protahovaci,Joga zeleny sal
03.06.2017 17:08,04.06.2017,Hatha joga,17:10,18:10,3,20,Tomas  Helbig,klidna protahovaci,Joga zeleny sal
04.06.2017 09:49,04.06.2017,Hatha joga,17:10,18:10,4,20,Tomas  Helbig,klidna protahovaci,Joga zeleny sal
04.06.2017 12:07,04.06.2017,Hatha joga,17:10,18:10,6,20,Tomas  Helbig,klidna protahovaci,Joga zeleny sal
04.06.2017 12:10,04.06.2017,Hatha joga,17:10,18:10,5,20,Tomas  Helbig,klidna protahovaci,Joga zeleny sal
04.06.2017 16:54,04.06.2017,Hatha joga,17:10,18:10,7,20,Tomas  Helbig,klidna protahovaci,Joga zeleny sal
28.05.2017 23:56,04.06.2017,Hot joga,18:00,19:30,2,30,Veronika  Brozova CJ / EN,zacatecnici,Hot-joga
31.05.2017 10:37,04.06.2017,Hot joga,18:00,19:30,3,30,Veronika  Brozova CJ / EN,zacatecnici,Hot-joga
31.05.2017 12:43,04.06.2017,Hot joga,18:00,19:30,4,30,Veronika  Brozova CJ / EN,zacatecnici,Hot-joga
02.06.2017 10:51,04.06.2017,Hot joga,18:00,19:30,5,30,Veronika  Brozova CJ / EN,zacatecnici,Hot-joga
03.06.2017 19:08,04.06.2017,Hot joga,18:00,19:30,6,30,Veronika  Brozova CJ / EN,zacatecnici,Hot-joga
03.06.2017 21:43,04.06.2017,Hot joga,18:00,19:30,7,30,Veronika  Brozova CJ / EN,zacatecnici,Hot-joga
03.06.2017 22:44,04.06.2017,Hot joga,18:00,19:30,8,30,Veronika  Brozova CJ / EN,zacatecnici,Hot-joga
03.06.2017 23:09,04.06.2017,Hot joga,18:00,19:30,9,30,Veronika  Brozova CJ / EN,zacatecnici,Hot-joga
04.06.2017 13:03,04.06.2017,Hot joga,18:00,19:30,10,30,Veronika  Brozova CJ / EN,zacatecnici,Hot-joga
04.06.2017 13:13,04.06.2017,Hot joga,18:00,19:30,11,30,Veronika  Brozova CJ / EN,zacatecnici,Hot-joga
04.06.2017 13:47,04.06.2017,Hot joga,18:00,19:30,12,30,Veronika  Brozova CJ / EN,zacatecnici,Hot-joga
04.06.2017 13:49,04.06.2017,Hot joga,18:00,19:30,13,30,Veronika  Brozova CJ / EN,zacatecnici,Hot-joga
04.06.2017 15:11,04.06.2017,Hot joga,18:00,19:30,14,30,Veronika  Brozova CJ / EN,zacatecnici,Hot-joga
04.06.2017 16:40,04.06.2017,Hot joga,18:00,19:30,15,30,Veronika  Brozova CJ / EN,zacatecnici,Hot-joga
04.06.2017 17:01,04.06.2017,Hot joga,18:00,19:30,16,30,Veronika  Brozova CJ / EN,zacatecnici,Hot-joga
28.05.2017 23:56,04.06.2017,Powerjoga - vhodna i pro zacatecniky,18:15,19:45,20,20,Petra Tomkova,dynamicka posilovaci,Joga zeleny sal
31.05.2017 20:52,04.06.2017,Powerjoga - vhodna i pro zacatecniky,18:15,19:45,19,20,Petra Tomkova,dynamicka posilovaci,Joga zeleny sal
04.06.2017 13:45,04.06.2017,Powerjoga - vhodna i pro zacatecniky,18:15,19:45,18,20,Petra Tomkova,dynamicka posilovaci,Joga zeleny sal
04.06.2017 14:18,04.06.2017,Powerjoga - vhodna i pro zacatecniky,18:15,19:45,17,20,Petra Tomkova,dynamicka posilovaci,Joga zeleny sal
28.05.2017 23:56,04.06.2017,Hot joga,19:45,20:45,1,30,Alexandra Mandova,dynamicka posilovaci,Hot-joga
28.05.2017 23:56,04.06.2017,Intenzivni kurz jogy - uzavreny kurz,20:05,21:35,0,0,Katka  Prymkova  CJ / EN,,Joga zeleny sal
04.06.2017 23:54,05.06.2017,Joga pro zdrava zada - vhodna pro zacatecniky,10:15,11:15,1,20,Silvie Cifrincova,zdravotni,Joga zeleny sal
04.06.2017 23:54,05.06.2017,Power joga,11:25,12:10,1,20,Tomas  Helbig,dynamicka posilovaci,Joga zeleny sal
05.06.2017 09:52,05.06.2017,Power joga,11:25,12:10,2,20,Tomas  Helbig,dynamicka posilovaci,Joga zeleny sal
05.06.2017 10:17,05.06.2017,Power joga,11:25,12:10,3,20,Tomas  Helbig,dynamicka posilovaci,Joga zeleny sal
05.06.2017 10:24,05.06.2017,Power joga,11:25,12:10,4,20,Tomas  Helbig,dynamicka posilovaci,Joga zeleny sal
05.06.2017 11:15,05.06.2017,Power joga,11:25,12:10,5,20,Tomas  Helbig,dynamicka posilovaci,Joga zeleny sal
05.06.2017 11:21,05.06.2017,Power joga,11:25,12:10,6,20,Tomas  Helbig,dynamicka posilovaci,Joga zeleny sal
05.06.2017 12:00,05.06.2017,Power joga,11:25,12:10,8,20,Tomas  Helbig,dynamicka posilovaci,Joga zeleny sal
04.06.2017 23:54,05.06.2017,Hatha joga,11:30,12:30,2,30,Silvie Cifrincova,klidna protahovaci,Joga modry sal
05.06.2017 08:45,05.06.2017,Hatha joga,11:30,12:30,3,30,Silvie Cifrincova,klidna protahovaci,Joga modry sal
05.06.2017 09:49,05.06.2017,Hatha joga,11:30,12:30,4,30,Silvie Cifrincova,klidna protahovaci,Joga modry sal
04.06.2017 23:54,05.06.2017,Powerjoga,12:15,13:00,1,20,Tomas  Helbig,zacatecnici,Joga zeleny sal
05.06.2017 09:07,05.06.2017,Powerjoga,12:15,13:00,2,20,Tomas  Helbig,zacatecnici,Joga zeleny sal
05.06.2017 10:28,05.06.2017,Powerjoga,12:15,13:00,3,20,Tomas  Helbig,zacatecnici,Joga zeleny sal
05.06.2017 10:40,05.06.2017,Powerjoga,12:15,13:00,4,20,Tomas  Helbig,zacatecnici,Joga zeleny sal
05.06.2017 10:54,05.06.2017,Powerjoga,12:15,13:00,5,20,Tomas  Helbig,zacatecnici,Joga zeleny sal
05.06.2017 11:02,05.06.2017,Powerjoga,12:15,13:00,6,20,Tomas  Helbig,zacatecnici,Joga zeleny sal
05.06.2017 11:43,05.06.2017,Powerjoga,12:15,13:00,7,20,Tomas  Helbig,zacatecnici,Joga zeleny sal
05.06.2017 11:44,05.06.2017,Powerjoga,12:15,13:00,9,20,Tomas  Helbig,zacatecnici,Joga zeleny sal
05.06.2017 12:05,05.06.2017,Powerjoga,12:15,13:00,10,20,Tomas  Helbig,zacatecnici,Joga zeleny sal
04.06.2017 23:54,05.06.2017,Jemna joga,15:05,16:05,2,20,Vera Vojtechova,klidna protahovaci,Joga zeleny sal
05.06.2017 05:51,05.06.2017,Jemna joga,15:05,16:05,3,20,Vera Vojtechova,klidna protahovaci,Joga zeleny sal
05.06.2017 13:30,05.06.2017,Jemna joga,15:05,16:05,4,20,Vera Vojtechova,klidna protahovaci,Joga zeleny sal
05.06.2017 13:42,05.06.2017,Jemna joga,15:05,16:05,5,20,Vera Vojtechova,klidna protahovaci,Joga zeleny sal
04.06.2017 23:54,05.06.2017,Joga pro zdrava zada - vhodna pro zacatecniky,16:10,17:10,3,20,Vera Vojtechova,zdravotni,Joga zeleny sal
05.06.2017 05:40,05.06.2017,Joga pro zdrava zada - vhodna pro zacatecniky,16:10,17:10,5,20,Vera Vojtechova,zdravotni,Joga zeleny sal
05.06.2017 07:36,05.06.2017,Joga pro zdrava zada - vhodna pro zacatecniky,16:10,17:10,7,20,Vera Vojtechova,zdravotni,Joga zeleny sal
05.06.2017 11:14,05.06.2017,Joga pro zdrava zada - vhodna pro zacatecniky,16:10,17:10,8,20,Vera Vojtechova,zdravotni,Joga zeleny sal
05.06.2017 11:59,05.06.2017,Joga pro zdrava zada - vhodna pro zacatecniky,16:10,17:10,9,20,Vera Vojtechova,zdravotni,Joga zeleny sal
05.06.2017 13:02,05.06.2017,Joga pro zdrava zada - vhodna pro zacatecniky,16:10,17:10,10,20,Vera Vojtechova,zdravotni,Joga zeleny sal
05.06.2017 15:05,05.06.2017,Joga pro zdrava zada - vhodna pro zacatecniky,16:10,17:10,11,20,Vera Vojtechova,zdravotni,Joga zeleny sal
05.06.2017 15:46,05.06.2017,Joga pro zdrava zada - vhodna pro zacatecniky,16:10,17:10,12,20,Vera Vojtechova,zdravotni,Joga zeleny sal
05.06.2017 15:55,05.06.2017,Joga pro zdrava zada - vhodna pro zacatecniky,16:10,17:10,13,20,Vera Vojtechova,zdravotni,Joga zeleny sal
04.06.2017 23:54,05.06.2017,Hot joga,16:40,17:40,5,30,Veronika  Brozova CJ / EN,zacatecnici,Hot-joga
05.06.2017 13:49,05.06.2017,Hot joga,16:40,17:40,6,30,Veronika  Brozova CJ / EN,zacatecnici,Hot-joga
04.06.2017 23:54,05.06.2017,Ashtanga joga,17:20,18:50,4,20,Tomas  Helbig,dynamicka posilovaci,Joga zeleny sal
05.06.2017 07:08,05.06.2017,Ashtanga joga,17:20,18:50,5,20,Tomas  Helbig,dynamicka posilovaci,Joga zeleny sal
05.06.2017 16:39,05.06.2017,Ashtanga joga,17:20,18:50,6,20,Tomas  Helbig,dynamicka posilovaci,Joga zeleny sal
05.06.2017 17:09,05.06.2017,Ashtanga joga,17:20,18:50,7,20,Tomas  Helbig,dynamicka posilovaci,Joga zeleny sal
05.06.2017 17:10,05.06.2017,Ashtanga joga,17:20,18:50,8,20,Tomas  Helbig,dynamicka posilovaci,Joga zeleny sal
05.06.2017 17:11,05.06.2017,Ashtanga joga,17:20,18:50,9,20,Tomas  Helbig,dynamicka posilovaci,Joga zeleny sal
05.06.2017 17:12,05.06.2017,Ashtanga joga,17:20,18:50,10,20,Tomas  Helbig,dynamicka posilovaci,Joga zeleny sal
04.06.2017 23:54,05.06.2017,Hot joga,18:00,19:30,2,30,Monika Stuart,klidna protahovaci,Hot-joga
05.06.2017 08:59,05.06.2017,Hot joga,18:00,19:30,3,30,Monika Stuart,klidna protahovaci,Hot-joga
05.06.2017 09:06,05.06.2017,Hot joga,18:00,19:30,4,30,Monika Stuart,klidna protahovaci,Hot-joga
05.06.2017 13:23,05.06.2017,Hot joga,18:00,19:30,5,30,Monika Stuart,klidna protahovaci,Hot-joga
05.06.2017 13:54,05.06.2017,Hot joga,18:00,19:30,6,30,Monika Stuart,klidna protahovaci,Hot-joga
05.06.2017 15:07,05.06.2017,Hot joga,18:00,19:30,7,30,Monika Stuart,klidna protahovaci,Hot-joga
05.06.2017 16:34,05.06.2017,Hot joga,18:00,19:30,8,30,Monika Stuart,klidna protahovaci,Hot-joga
05.06.2017 16:36,05.06.2017,Hot joga,18:00,19:30,9,30,Monika Stuart,klidna protahovaci,Hot-joga
05.06.2017 17:48,05.06.2017,Hot joga,18:00,19:30,10,30,Monika Stuart,klidna protahovaci,Hot-joga
05.06.2017 18:08,05.06.2017,Hot joga,18:00,19:30,12,30,Monika Stuart,klidna protahovaci,Hot-joga
04.06.2017 23:54,05.06.2017,Hatha joga,18:55,19:55,4,20,Katka  Prymkova  CJ / EN,klidna protahovaci,Joga zeleny sal
05.06.2017 08:40,05.06.2017,Hatha joga,18:55,19:55,5,20,Katka  Prymkova  CJ / EN,klidna protahovaci,Joga zeleny sal
05.06.2017 08:57,05.06.2017,Hatha joga,18:55,19:55,6,20,Katka  Prymkova  CJ / EN,klidna protahovaci,Joga zeleny sal
05.06.2017 09:10,05.06.2017,Hatha joga,18:55,19:55,6,20,Veronika  Brozova CJ / EN,klidna protahovaci,Joga zeleny sal
05.06.2017 09:23,05.06.2017,Hatha joga,18:55,19:55,5,20,Veronika  Brozova CJ / EN,klidna protahovaci,Joga zeleny sal
05.06.2017 18:15,05.06.2017,Hatha joga,18:55,19:55,7,20,Veronika  Brozova CJ / EN,klidna protahovaci,Joga zeleny sal
05.06.2017 18:23,05.06.2017,Hatha joga,18:55,19:55,8,20,Veronika  Brozova CJ / EN,klidna protahovaci,Joga zeleny sal
05.06.2017 18:42,05.06.2017,Hatha joga,18:55,19:55,9,20,Veronika  Brozova CJ / EN,klidna protahovaci,Joga zeleny sal
05.06.2017 18:55,05.06.2017,Hatha joga,18:55,19:55,10,20,Veronika  Brozova CJ / EN,klidna protahovaci,Joga zeleny sal
04.06.2017 23:54,05.06.2017,Hot joga,19:45,20:45,3,30,Monika Stuart,dynamicka posilovaci,Hot-joga
05.06.2017 14:24,05.06.2017,Hot joga,19:45,20:45,4,30,Monika Stuart,dynamicka posilovaci,Hot-joga
05.06.2017 16:10,05.06.2017,Hot joga,19:45,20:45,5,30,Monika Stuart,dynamicka posilovaci,Hot-joga
05.06.2017 19:36,05.06.2017,Hot joga,19:45,20:45,6,30,Monika Stuart,dynamicka posilovaci,Hot-joga
04.06.2017 23:54,05.06.2017,Powerjoga,7:00,8:00,5,20,Andrea Hraskova,zacatecnici,Joga zeleny sal
05.06.2017 00:12,05.06.2017,Powerjoga,7:00,8:00,6,20,Andrea Hraskova,zacatecnici,Joga zeleny sal
05.06.2017 05:50,05.06.2017,Powerjoga,7:00,8:00,4,20,Andrea Hraskova,zacatecnici,Joga zeleny sal
04.06.2017 23:54,05.06.2017,Hatha joga - vhodna i pro zacatecniky,8:05,8:50,2,20,Andrea Hraskova,klidna protahovaci,Joga zeleny sal
05.06.2017 06:48,05.06.2017,Hatha joga - vhodna i pro zacatecniky,8:05,8:50,3,20,Andrea Hraskova,klidna protahovaci,Joga zeleny sal
04.06.2017 23:54,06.06.2017,Jemna joga,10:20,11:20,0,20,Katerina  Kornova,klidna protahovaci,Joga zeleny sal
05.06.2017 18:41,06.06.2017,Jemna joga,10:20,11:20,1,20,Katerina  Kornova,klidna protahovaci,Joga zeleny sal
04.06.2017 23:54,06.06.2017,Joga pro seniory,10:35,11:35,1,30,Blanka Lorencova,klidna protahovaci,Joga modry sal
05.06.2017 08:40,06.06.2017,Joga pro seniory,10:35,11:35,2,30,Blanka Lorencova,klidna protahovaci,Joga modry sal
06.06.2017 08:16,06.06.2017,Joga pro seniory,10:35,11:35,3,30,Blanka Lorencova,klidna protahovaci,Joga modry sal
06.06.2017 09:01,06.06.2017,Joga pro seniory,10:35,11:35,4,30,Blanka Lorencova,klidna protahovaci,Joga modry sal
06.06.2017 10:31,06.06.2017,Joga pro seniory,10:35,11:35,5,30,Blanka Lorencova,klidna protahovaci,Joga modry sal
04.06.2017 23:54,06.06.2017,Joga pro zdrava zada,11:25,12:10,2,20,Katerina  Kornova,zdravotni,Joga zeleny sal
06.06.2017 07:29,06.06.2017,Joga pro zdrava zada,11:25,12:10,1,20,Katerina  Kornova,zdravotni,Joga zeleny sal
06.06.2017 09:55,06.06.2017,Joga pro zdrava zada,11:25,12:10,3,20,Katerina  Kornova,zdravotni,Joga zeleny sal
06.06.2017 10:11,06.06.2017,Joga pro zdrava zada,11:25,12:10,4,20,Katerina  Kornova,zdravotni,Joga zeleny sal
04.06.2017 23:54,06.06.2017,Powerjoga,11:40,12:25,0,30,Karolina Chudobova,zacatecnici,Joga modry sal
05.06.2017 13:28,06.06.2017,Powerjoga,11:40,12:25,0,30,Tomas  Helbig,zacatecnici,Joga modry sal
06.06.2017 08:55,06.06.2017,Powerjoga,11:40,12:25,1,30,Tomas  Helbig,zacatecnici,Joga modry sal
06.06.2017 09:21,06.06.2017,Powerjoga,11:40,12:25,2,30,Tomas  Helbig,zacatecnici,Joga modry sal
06.06.2017 10:30,06.06.2017,Powerjoga,11:40,12:25,3,30,Tomas  Helbig,zacatecnici,Joga modry sal
06.06.2017 11:33,06.06.2017,Powerjoga,11:40,12:25,4,30,Tomas  Helbig,zacatecnici,Joga modry sal
04.06.2017 23:54,06.06.2017,Joga pro zdrava zada,12:15,13:00,0,20,Katerina  Kornova,zdravotni,Joga zeleny sal
05.06.2017 07:35,06.06.2017,Joga pro zdrava zada,12:15,13:00,1,20,Katerina  Kornova,zdravotni,Joga zeleny sal
05.06.2017 09:51,06.06.2017,Joga pro zdrava zada,12:15,13:00,2,20,Katerina  Kornova,zdravotni,Joga zeleny sal
06.06.2017 09:27,06.06.2017,Joga pro zdrava zada,12:15,13:00,3,20,Katerina  Kornova,zdravotni,Joga zeleny sal
06.06.2017 09:29,06.06.2017,Joga pro zdrava zada,12:15,13:00,4,20,Katerina  Kornova,zdravotni,Joga zeleny sal
06.06.2017 09:45,06.06.2017,Joga pro zdrava zada,12:15,13:00,5,20,Katerina  Kornova,zdravotni,Joga zeleny sal
06.06.2017 11:44,06.06.2017,Joga pro zdrava zada,12:15,13:00,6,20,Katerina  Kornova,zdravotni,Joga zeleny sal
06.06.2017 12:06,06.06.2017,Joga pro zdrava zada,12:15,13:00,7,20,Katerina  Kornova,zdravotni,Joga zeleny sal
04.06.2017 23:54,06.06.2017,Powerjoga,12:30,13:15,1,30,Karolina Chudobova,dynamicka posilovaci,Joga modry sal
05.06.2017 13:28,06.06.2017,Powerjoga,12:30,13:15,1,30,Tomas  Helbig,dynamicka posilovaci,Joga modry sal
06.06.2017 09:50,06.06.2017,Powerjoga,12:30,13:15,2,30,Tomas  Helbig,dynamicka posilovaci,Joga modry sal
06.06.2017 09:51,06.06.2017,Powerjoga,12:30,13:15,3,30,Tomas  Helbig,dynamicka posilovaci,Joga modry sal
06.06.2017 10:01,06.06.2017,Powerjoga,12:30,13:15,4,30,Tomas  Helbig,dynamicka posilovaci,Joga modry sal
06.06.2017 11:54,06.06.2017,Powerjoga,12:30,13:15,5,30,Tomas  Helbig,dynamicka posilovaci,Joga modry sal
06.06.2017 12:20,06.06.2017,Powerjoga,12:30,13:15,6,30,Tomas  Helbig,dynamicka posilovaci,Joga modry sal
06.06.2017 12:21,06.06.2017,Powerjoga,12:30,13:15,7,30,Tomas  Helbig,dynamicka posilovaci,Joga modry sal
04.06.2017 23:54,06.06.2017,Powerjoga,15:15,16:15,1,20,Alexandra Mandova,dynamicka posilovaci,Joga zeleny sal
05.06.2017 20:49,06.06.2017,Powerjoga,15:15,16:15,2,20,Alexandra Mandova,dynamicka posilovaci,Joga zeleny sal
06.06.2017 11:01,06.06.2017,Powerjoga,15:15,16:15,3,20,Alexandra Mandova,dynamicka posilovaci,Joga zeleny sal
06.06.2017 11:09,06.06.2017,Powerjoga,15:15,16:15,4,20,Alexandra Mandova,dynamicka posilovaci,Joga zeleny sal
06.06.2017 12:37,06.06.2017,Powerjoga,15:15,16:15,5,20,Alexandra Mandova,dynamicka posilovaci,Joga zeleny sal
06.06.2017 14:13,06.06.2017,Powerjoga,15:15,16:15,7,20,Alexandra Mandova,dynamicka posilovaci,Joga zeleny sal
04.06.2017 23:54,06.06.2017,Hatha joga,16:20,17:20,20,20,Lubica Vodvarkova,klidna protahovaci,Joga zeleny sal
05.06.2017 07:03,06.06.2017,Hatha joga,16:20,17:20,19,20,Lubica Vodvarkova,klidna protahovaci,Joga zeleny sal
05.06.2017 09:51,06.06.2017,Hatha joga,16:20,17:20,17,20,Lubica Vodvarkova,klidna protahovaci,Joga zeleny sal
05.06.2017 09:58,06.06.2017,Hatha joga,16:20,17:20,18,20,Lubica Vodvarkova,klidna protahovaci,Joga zeleny sal
06.06.2017 10:51,06.06.2017,Hatha joga,16:20,17:20,16,20,Lubica Vodvarkova,klidna protahovaci,Joga zeleny sal
06.06.2017 11:22,06.06.2017,Hatha joga,16:20,17:20,15,20,Lubica Vodvarkova,klidna protahovaci,Joga zeleny sal
04.06.2017 23:54,06.06.2017,Hot joga,16:40,17:40,2,30,Alexandra Mandova,zacatecnici,Hot-joga
06.06.2017 08:37,06.06.2017,Hot joga,16:40,17:40,3,30,Alexandra Mandova,zacatecnici,Hot-joga
06.06.2017 09:32,06.06.2017,Hot joga,16:40,17:40,4,30,Alexandra Mandova,zacatecnici,Hot-joga
06.06.2017 09:48,06.06.2017,Hot joga,16:40,17:40,5,30,Alexandra Mandova,zacatecnici,Hot-joga
04.06.2017 23:54,06.06.2017,Jemna joga,17:25,18:25,20,20,Lubica Vodvarkova,zacatecnici,Joga zeleny sal
05.06.2017 08:43,06.06.2017,Jemna joga,17:25,18:25,18,20,Lubica Vodvarkova,zacatecnici,Joga zeleny sal
05.06.2017 08:59,06.06.2017,Jemna joga,17:25,18:25,19,20,Lubica Vodvarkova,zacatecnici,Joga zeleny sal
06.06.2017 11:05,06.06.2017,Jemna joga,17:25,18:25,17,20,Lubica Vodvarkova,zacatecnici,Joga zeleny sal
06.06.2017 13:01,06.06.2017,Jemna joga,17:25,18:25,16,20,Lubica Vodvarkova,zacatecnici,Joga zeleny sal
06.06.2017 14:47,06.06.2017,Jemna joga,17:25,18:25,15,20,Lubica Vodvarkova,zacatecnici,Joga zeleny sal
04.06.2017 23:54,06.06.2017,Hot joga - vhodna i pro zacatecniky,18:00,19:30,5,30,Petr  Cmund,dynamicka posilovaci,Hot-joga
05.06.2017 09:31,06.06.2017,Hot joga - vhodna i pro zacatecniky,18:00,19:30,6,30,Petr  Cmund,dynamicka posilovaci,Hot-joga
05.06.2017 10:08,06.06.2017,Hot joga - vhodna i pro zacatecniky,18:00,19:30,7,30,Petr  Cmund,dynamicka posilovaci,Hot-joga
05.06.2017 10:09,06.06.2017,Hot joga - vhodna i pro zacatecniky,18:00,19:30,8,30,Petr  Cmund,dynamicka posilovaci,Hot-joga
05.06.2017 11:24,06.06.2017,Hot joga - vhodna i pro zacatecniky,18:00,19:30,9,30,Petr  Cmund,dynamicka posilovaci,Hot-joga
05.06.2017 12:47,06.06.2017,Hot joga - vhodna i pro zacatecniky,18:00,19:30,10,30,Petr  Cmund,dynamicka posilovaci,Hot-joga
05.06.2017 12:59,06.06.2017,Hot joga - vhodna i pro zacatecniky,18:00,19:30,11,30,Petr  Cmund,dynamicka posilovaci,Hot-joga
05.06.2017 14:56,06.06.2017,Hot joga - vhodna i pro zacatecniky,18:00,19:30,12,30,Petr  Cmund,dynamicka posilovaci,Hot-joga
05.06.2017 21:57,06.06.2017,Hot joga - vhodna i pro zacatecniky,18:00,19:30,13,30,Petr  Cmund,dynamicka posilovaci,Hot-joga
05.06.2017 22:27,06.06.2017,Hot joga - vhodna i pro zacatecniky,18:00,19:30,14,30,Petr  Cmund,dynamicka posilovaci,Hot-joga
05.06.2017 23:21,06.06.2017,Hot joga - vhodna i pro zacatecniky,18:00,19:30,15,30,Petr  Cmund,dynamicka posilovaci,Hot-joga
06.06.2017 13:51,06.06.2017,Hot joga - vhodna i pro zacatecniky,18:00,19:30,16,30,Petr  Cmund,dynamicka posilovaci,Hot-joga
06.06.2017 14:38,06.06.2017,Hot joga - vhodna i pro zacatecniky,18:00,19:30,17,30,Petr  Cmund,dynamicka posilovaci,Hot-joga
06.06.2017 16:10,06.06.2017,Hot joga - vhodna i pro zacatecniky,18:00,19:30,18,30,Petr  Cmund,dynamicka posilovaci,Hot-joga
06.06.2017 16:29,06.06.2017,Hot joga - vhodna i pro zacatecniky,18:00,19:30,19,30,Petr  Cmund,dynamicka posilovaci,Hot-joga
06.06.2017 17:46,06.06.2017,Hot joga - vhodna i pro zacatecniky,18:00,19:30,20,30,Petr  Cmund,dynamicka posilovaci,Hot-joga
06.06.2017 17:47,06.06.2017,Hot joga - vhodna i pro zacatecniky,18:00,19:30,21,30,Petr  Cmund,dynamicka posilovaci,Hot-joga
06.06.2017 17:49,06.06.2017,Hot joga - vhodna i pro zacatecniky,18:00,19:30,22,30,Petr  Cmund,dynamicka posilovaci,Hot-joga
04.06.2017 23:54,06.06.2017,Gravid joga,18:30,19:30,4,20,Hana Stepanova,zdravotni,Joga zeleny sal
05.06.2017 11:09,06.06.2017,Gravid joga,18:30,19:30,5,20,Hana Stepanova,zdravotni,Joga zeleny sal
05.06.2017 12:45,06.06.2017,Gravid joga,18:30,19:30,6,20,Hana Stepanova,zdravotni,Joga zeleny sal
05.06.2017 15:52,06.06.2017,Gravid joga,18:30,19:30,7,20,Hana Stepanova,zdravotni,Joga zeleny sal
06.06.2017 10:46,06.06.2017,Gravid joga,18:30,19:30,8,20,Hana Stepanova,zdravotni,Joga zeleny sal
04.06.2017 23:54,06.06.2017,Kurz powerjogy pro zacatecniky - uzavreny kurz,19:40,21:10,0,0,Marketa Makovska CJ / EN,,Joga zeleny sal
04.06.2017 23:54,06.06.2017,Kurz jogy pro zacatecniky - uzavreny kurz,19:45,21:15,0,0,Richard Holicky,,Joga modry sal
04.06.2017 23:54,06.06.2017,Powerjoga,7:00,8:00,1,20,Hana Hruskova CJ / EN,dynamicka posilovaci,Joga zeleny sal
05.06.2017 08:51,06.06.2017,Powerjoga,7:00,8:00,2,20,Hana Hruskova CJ / EN,dynamicka posilovaci,Joga zeleny sal
05.06.2017 09:51,06.06.2017,Powerjoga,7:00,8:00,3,20,Hana Hruskova CJ / EN,dynamicka posilovaci,Joga zeleny sal
05.06.2017 10:21,06.06.2017,Powerjoga,7:00,8:00,4,20,Hana Hruskova CJ / EN,dynamicka posilovaci,Joga zeleny sal
05.06.2017 12:08,06.06.2017,Powerjoga,7:00,8:00,5,20,Hana Hruskova CJ / EN,dynamicka posilovaci,Joga zeleny sal
05.06.2017 15:52,06.06.2017,Powerjoga,7:00,8:00,6,20,Hana Hruskova CJ / EN,dynamicka posilovaci,Joga zeleny sal
05.06.2017 16:38,06.06.2017,Powerjoga,7:00,8:00,7,20,Hana Hruskova CJ / EN,dynamicka posilovaci,Joga zeleny sal
05.06.2017 20:12,06.06.2017,Powerjoga,7:00,8:00,8,20,Hana Hruskova CJ / EN,dynamicka posilovaci,Joga zeleny sal
06.06.2017 08:20,06.06.2017,Powerjoga,7:00,8:00,9,20,Hana Hruskova CJ / EN,dynamicka posilovaci,Joga zeleny sal
04.06.2017 23:54,06.06.2017,Powerjoga,8:05,9:05,2,20,Hana Hruskova CJ / EN,zacatecnici,Joga zeleny sal
05.06.2017 10:17,06.06.2017,Powerjoga,8:05,9:05,3,20,Hana Hruskova CJ / EN,zacatecnici,Joga zeleny sal
05.06.2017 20:26,06.06.2017,Powerjoga,8:05,9:05,1,20,Hana Hruskova CJ / EN,zacatecnici,Joga zeleny sal
06.06.2017 07:32,06.06.2017,Powerjoga,8:05,9:05,4,20,Hana Hruskova CJ / EN,zacatecnici,Joga zeleny sal
06.06.2017 07:46,06.06.2017,Powerjoga,8:05,9:05,5,20,Hana Hruskova CJ / EN,zacatecnici,Joga zeleny sal
04.06.2017 23:54,07.06.2017,Kurz jogy pro zacatecniky - uzavreny kurz,10:00,11:30,0,0,Richard Holicky,,Joga zeleny sal
04.06.2017 23:54,07.06.2017,Jemna joga - vhodna i pro seniory,10:15,11:15,0,30,Daniela  Fremuntova,klidna protahovaci,Joga modry sal
06.06.2017 21:56,07.06.2017,Jemna joga - vhodna i pro seniory,10:15,11:15,1,30,Daniela  Fremuntova,klidna protahovaci,Joga modry sal
07.06.2017 09:51,07.06.2017,Jemna joga - vhodna i pro seniory,10:15,11:15,2,30,Daniela  Fremuntova,klidna protahovaci,Joga modry sal
04.06.2017 23:54,07.06.2017,Powerjoga,11:25,12:10,2,30,Daniela  Fremuntova,dynamicka posilovaci,Joga modry sal
05.06.2017 10:25,07.06.2017,Powerjoga,11:25,12:10,3,30,Daniela  Fremuntova,dynamicka posilovaci,Joga modry sal
07.06.2017 11:06,07.06.2017,Powerjoga,11:25,12:10,4,30,Daniela  Fremuntova,dynamicka posilovaci,Joga modry sal
07.06.2017 11:18,07.06.2017,Powerjoga,11:25,12:10,5,30,Daniela  Fremuntova,dynamicka posilovaci,Joga modry sal
04.06.2017 23:54,07.06.2017,Joga pro zdrava zada,11:40,12:25,1,20,Katerina  Kornova,zdravotni,Joga zeleny sal
05.06.2017 08:46,07.06.2017,Joga pro zdrava zada,11:40,12:25,2,20,Katerina  Kornova,zdravotni,Joga zeleny sal
05.06.2017 10:39,07.06.2017,Joga pro zdrava zada,11:40,12:25,3,20,Katerina  Kornova,zdravotni,Joga zeleny sal
05.06.2017 19:01,07.06.2017,Joga pro zdrava zada,11:40,12:25,2,20,Tomas  Helbig,zdravotni,Joga zeleny sal
06.06.2017 16:09,07.06.2017,Joga pro zdrava zada,11:40,12:25,3,20,Tomas  Helbig,zdravotni,Joga zeleny sal
07.06.2017 08:36,07.06.2017,Joga pro zdrava zada,11:40,12:25,4,20,Tomas  Helbig,zdravotni,Joga zeleny sal
07.06.2017 09:01,07.06.2017,Joga pro zdrava zada,11:40,12:25,5,20,Tomas  Helbig,zdravotni,Joga zeleny sal
07.06.2017 10:34,07.06.2017,Joga pro zdrava zada,11:40,12:25,6,20,Tomas  Helbig,zdravotni,Joga zeleny sal
04.06.2017 23:54,07.06.2017,Powerjoga,12:15,13:00,0,30,Daniela  Fremuntova,zacatecnici,Joga modry sal
05.06.2017 09:52,07.06.2017,Powerjoga,12:15,13:00,1,30,Daniela  Fremuntova,zacatecnici,Joga modry sal
06.06.2017 08:35,07.06.2017,Powerjoga,12:15,13:00,2,30,Daniela  Fremuntova,zacatecnici,Joga modry sal
07.06.2017 09:16,07.06.2017,Powerjoga,12:15,13:00,3,30,Daniela  Fremuntova,zacatecnici,Joga modry sal
07.06.2017 10:39,07.06.2017,Powerjoga,12:15,13:00,4,30,Daniela  Fremuntova,zacatecnici,Joga modry sal
07.06.2017 11:50,07.06.2017,Powerjoga,12:15,13:00,5,30,Daniela  Fremuntova,zacatecnici,Joga modry sal
07.06.2017 11:58,07.06.2017,Powerjoga,12:15,13:00,6,30,Daniela  Fremuntova,zacatecnici,Joga modry sal
04.06.2017 23:54,07.06.2017,Joga pro zdrava zada,12:30,13:15,0,20,Katerina  Kornova,zdravotni,Joga zeleny sal
05.06.2017 07:35,07.06.2017,Joga pro zdrava zada,12:30,13:15,1,20,Katerina  Kornova,zdravotni,Joga zeleny sal
05.06.2017 10:40,07.06.2017,Joga pro zdrava zada,12:30,13:15,2,20,Katerina  Kornova,zdravotni,Joga zeleny sal
05.06.2017 19:01,07.06.2017,Joga pro zdrava zada,12:30,13:15,2,20,Tomas  Helbig,zdravotni,Joga zeleny sal
07.06.2017 09:53,07.06.2017,Joga pro zdrava zada,12:30,13:15,1,20,Tomas  Helbig,zdravotni,Joga zeleny sal
07.06.2017 12:18,07.06.2017,Joga pro zdrava zada,12:30,13:15,3,20,Tomas  Helbig,zdravotni,Joga zeleny sal
07.06.2017 12:34,07.06.2017,Joga pro zdrava zada,12:30,13:15,4,20,Tomas  Helbig,zdravotni,Joga zeleny sal
04.06.2017 23:54,07.06.2017,Joga zamerena na zdrava zada,16:20,17:20,3,20,Alexandra Mandova,zdravotni,Joga zeleny sal
05.06.2017 07:42,07.06.2017,Joga zamerena na zdrava zada,16:20,17:20,4,20,Alexandra Mandova,zdravotni,Joga zeleny sal
06.06.2017 12:16,07.06.2017,Joga zamerena na zdrava zada,16:20,17:20,5,20,Alexandra Mandova,zdravotni,Joga zeleny sal
07.06.2017 07:23,07.06.2017,Joga zamerena na zdrava zada,16:20,17:20,6,20,Alexandra Mandova,zdravotni,Joga zeleny sal
07.06.2017 11:22,07.06.2017,Joga zamerena na zdrava zada,16:20,17:20,7,20,Alexandra Mandova,zdravotni,Joga zeleny sal
07.06.2017 11:24,07.06.2017,Joga zamerena na zdrava zada,16:20,17:20,8,20,Alexandra Mandova,zdravotni,Joga zeleny sal
07.06.2017 14:54,07.06.2017,Joga zamerena na zdrava zada,16:20,17:20,9,20,Alexandra Mandova,zdravotni,Joga zeleny sal
07.06.2017 15:15,07.06.2017,Joga zamerena na zdrava zada,16:20,17:20,10,20,Alexandra Mandova,zdravotni,Joga zeleny sal
07.06.2017 15:28,07.06.2017,Joga zamerena na zdrava zada,16:20,17:20,11,20,Alexandra Mandova,zdravotni,Joga zeleny sal
07.06.2017 16:07,07.06.2017,Joga zamerena na zdrava zada,16:20,17:20,12,20,Alexandra Mandova,zdravotni,Joga zeleny sal
07.06.2017 16:08,07.06.2017,Joga zamerena na zdrava zada,16:20,17:20,13,20,Alexandra Mandova,zdravotni,Joga zeleny sal
04.06.2017 23:54,07.06.2017,Hot joga - sestava z Hatha jogy,16:30,17:30,0,30,Lenka Uhlikova,zacatecnici,Hot-joga
06.06.2017 10:10,07.06.2017,Hot joga - sestava z Hatha jogy,16:30,17:30,1,30,Lenka Uhlikova,zacatecnici,Hot-joga
06.06.2017 16:46,07.06.2017,Hot joga - sestava z Hatha jogy,16:30,17:30,2,30,Lenka Uhlikova,zacatecnici,Hot-joga
06.06.2017 21:34,07.06.2017,Hot joga - sestava z Hatha jogy,16:30,17:30,3,30,Lenka Uhlikova,zacatecnici,Hot-joga
07.06.2017 06:40,07.06.2017,Hot joga - sestava z Hatha jogy,16:30,17:30,4,30,Lenka Uhlikova,zacatecnici,Hot-joga
07.06.2017 16:03,07.06.2017,Hot joga - sestava z Hatha jogy,16:30,17:30,5,30,Lenka Uhlikova,zacatecnici,Hot-joga
04.06.2017 23:54,07.06.2017,Powerjoga,17:25,18:25,8,20,Alexandra Mandova,dynamicka posilovaci,Joga zeleny sal
05.06.2017 08:37,07.06.2017,Powerjoga,17:25,18:25,10,20,Alexandra Mandova,dynamicka posilovaci,Joga zeleny sal
05.06.2017 13:25,07.06.2017,Powerjoga,17:25,18:25,12,20,Alexandra Mandova,dynamicka posilovaci,Joga zeleny sal
05.06.2017 15:27,07.06.2017,Powerjoga,17:25,18:25,13,20,Alexandra Mandova,dynamicka posilovaci,Joga zeleny sal
05.06.2017 20:08,07.06.2017,Powerjoga,17:25,18:25,11,20,Alexandra Mandova,dynamicka posilovaci,Joga zeleny sal
06.06.2017 20:04,07.06.2017,Powerjoga,17:25,18:25,14,20,Alexandra Mandova,dynamicka posilovaci,Joga zeleny sal
04.06.2017 23:54,07.06.2017,Hot joga,18:00,19:30,0,30,Marketa  Samesova,dynamicka posilovaci,Hot-joga
05.06.2017 20:55,07.06.2017,Hot joga,18:00,19:30,1,30,Marketa  Samesova,dynamicka posilovaci,Hot-joga
05.06.2017 22:10,07.06.2017,Hot joga,18:00,19:30,2,30,Marketa  Samesova,dynamicka posilovaci,Hot-joga
06.06.2017 20:18,07.06.2017,Hot joga,18:00,19:30,3,30,Marketa  Samesova,dynamicka posilovaci,Hot-joga
06.06.2017 20:22,07.06.2017,Hot joga,18:00,19:30,4,30,Marketa  Samesova,dynamicka posilovaci,Hot-joga
06.06.2017 22:32,07.06.2017,Hot joga,18:00,19:30,5,30,Marketa  Samesova,dynamicka posilovaci,Hot-joga
07.06.2017 13:58,07.06.2017,Hot joga,18:00,19:30,6,30,Marketa  Samesova,dynamicka posilovaci,Hot-joga
07.06.2017 15:54,07.06.2017,Hot joga,18:00,19:30,7,30,Marketa  Samesova,dynamicka posilovaci,Hot-joga
07.06.2017 15:57,07.06.2017,Hot joga,18:00,19:30,8,30,Marketa  Samesova,dynamicka posilovaci,Hot-joga
07.06.2017 16:01,07.06.2017,Hot joga,18:00,19:30,9,30,Marketa  Samesova,dynamicka posilovaci,Hot-joga
07.06.2017 17:22,07.06.2017,Hot joga,18:00,19:30,10,30,Marketa  Samesova,dynamicka posilovaci,Hot-joga
07.06.2017 18:02,07.06.2017,Hot joga,18:00,19:30,11,30,Marketa  Samesova,dynamicka posilovaci,Hot-joga
04.06.2017 23:54,07.06.2017,Hatha joga - vedoma- harmonicka joga,18:30,20:00,0,20,Marie Kmochova,klidna protahovaci,Joga zeleny sal
05.06.2017 16:28,07.06.2017,Hatha joga - vedoma- harmonicka joga,18:30,20:00,1,20,Marie Kmochova,klidna protahovaci,Joga zeleny sal
06.06.2017 23:10,07.06.2017,Hatha joga - vedoma- harmonicka joga,18:30,20:00,2,20,Marie Kmochova,klidna protahovaci,Joga zeleny sal
07.06.2017 17:59,07.06.2017,Hatha joga - vedoma- harmonicka joga,18:30,20:00,3,20,Marie Kmochova,klidna protahovaci,Joga zeleny sal
07.06.2017 18:01,07.06.2017,Hatha joga - vedoma- harmonicka joga,18:30,20:00,4,20,Marie Kmochova,klidna protahovaci,Joga zeleny sal
07.06.2017 18:11,07.06.2017,Hatha joga - vedoma- harmonicka joga,18:30,20:00,5,20,Marie Kmochova,klidna protahovaci,Joga zeleny sal
04.06.2017 23:54,07.06.2017,Hot joga,19:45,21:15,1,30,Jarmila Kucmasova,zacatecnici,Hot-joga
06.06.2017 13:42,07.06.2017,Hot joga,19:45,21:15,2,30,Jarmila Kucmasova,zacatecnici,Hot-joga
07.06.2017 08:11,07.06.2017,Hot joga,19:45,21:15,3,30,Jarmila Kucmasova,zacatecnici,Hot-joga
07.06.2017 09:54,07.06.2017,Hot joga,19:45,21:15,5,30,Jarmila Kucmasova,zacatecnici,Hot-joga
07.06.2017 14:37,07.06.2017,Hot joga,19:45,21:15,6,30,Jarmila Kucmasova,zacatecnici,Hot-joga
07.06.2017 16:45,07.06.2017,Hot joga,19:45,21:15,7,30,Jarmila Kucmasova,zacatecnici,Hot-joga
07.06.2017 18:18,07.06.2017,Hot joga,19:45,21:15,8,30,Jarmila Kucmasova,zacatecnici,Hot-joga
04.06.2017 23:54,07.06.2017,Intenzivni kurz jogy - uzavreny kurz,20:05,21:35,0,0,Katka  Prymkova  CJ / EN,,Joga zeleny sal
04.06.2017 23:54,07.06.2017,Powerjoga,7:00,8:00,2,20,Veronika  Brozova CJ / EN,zacatecnici,Joga zeleny sal
05.06.2017 09:26,07.06.2017,Powerjoga,7:00,8:00,3,20,Veronika  Brozova CJ / EN,zacatecnici,Joga zeleny sal
06.06.2017 10:19,07.06.2017,Powerjoga,7:00,8:00,4,20,Veronika  Brozova CJ / EN,zacatecnici,Joga zeleny sal
06.06.2017 13:28,07.06.2017,Powerjoga,7:00,8:00,5,20,Veronika  Brozova CJ / EN,zacatecnici,Joga zeleny sal
06.06.2017 23:09,07.06.2017,Powerjoga,7:00,8:00,6,20,Veronika  Brozova CJ / EN,zacatecnici,Joga zeleny sal
07.06.2017 06:51,07.06.2017,Powerjoga,7:00,8:00,7,20,Veronika  Brozova CJ / EN,zacatecnici,Joga zeleny sal
07.06.2017 06:52,07.06.2017,Powerjoga,7:00,8:00,8,20,Veronika  Brozova CJ / EN,zacatecnici,Joga zeleny sal
07.06.2017 06:57,07.06.2017,Powerjoga,7:00,8:00,9,20,Veronika  Brozova CJ / EN,zacatecnici,Joga zeleny sal
07.06.2017 07:28,07.06.2017,Powerjoga,7:00,8:00,10,20,Veronika  Brozova CJ / EN,zacatecnici,Joga zeleny sal
04.06.2017 23:54,07.06.2017,Powerjoga,7:40,8:40,0,20,Silvie Cifrincova,dynamicka posilovaci,Joga modry sal
06.06.2017 10:23,07.06.2017,Powerjoga,7:40,8:40,1,20,Silvie Cifrincova,dynamicka posilovaci,Joga modry sal
06.06.2017 12:06,07.06.2017,Powerjoga,7:40,8:40,2,20,Silvie Cifrincova,dynamicka posilovaci,Joga modry sal
04.06.2017 23:54,07.06.2017,Hatha joga,8:45,9:45,1,20,Silvie Cifrincova,klidna protahovaci,Joga zeleny sal
06.06.2017 16:04,07.06.2017,Hatha joga,8:45,9:45,0,20,Silvie Cifrincova,klidna protahovaci,Joga zeleny sal
04.06.2017 23:54,08.06.2017,Powerjoga,11:40,12:25,2,20,Marketa Makovska CJ / EN,dynamicka posilovaci,Joga zeleny sal
05.06.2017 10:24,08.06.2017,Powerjoga,11:40,12:25,3,20,Marketa Makovska CJ / EN,dynamicka posilovaci,Joga zeleny sal
08.06.2017 09:00,08.06.2017,Powerjoga,11:40,12:25,4,20,Marketa Makovska CJ / EN,dynamicka posilovaci,Joga zeleny sal
08.06.2017 09:44,08.06.2017,Powerjoga,11:40,12:25,5,20,Marketa Makovska CJ / EN,dynamicka posilovaci,Joga zeleny sal
08.06.2017 10:37,08.06.2017,Powerjoga,11:40,12:25,6,20,Marketa Makovska CJ / EN,dynamicka posilovaci,Joga zeleny sal
08.06.2017 11:22,08.06.2017,Powerjoga,11:40,12:25,7,20,Marketa Makovska CJ / EN,dynamicka posilovaci,Joga zeleny sal
08.06.2017 11:23,08.06.2017,Powerjoga,11:40,12:25,8,20,Marketa Makovska CJ / EN,dynamicka posilovaci,Joga zeleny sal
08.06.2017 11:35,08.06.2017,Powerjoga,11:40,12:25,9,20,Marketa Makovska CJ / EN,dynamicka posilovaci,Joga zeleny sal
08.06.2017 11:36,08.06.2017,Powerjoga,11:40,12:25,10,20,Marketa Makovska CJ / EN,dynamicka posilovaci,Joga zeleny sal
08.06.2017 11:38,08.06.2017,Powerjoga,11:40,12:25,11,20,Marketa Makovska CJ / EN,dynamicka posilovaci,Joga zeleny sal
04.06.2017 23:54,08.06.2017,Powerjoga,12:30,13:15,0,20,Marketa Makovska CJ / EN,zacatecnici,Joga zeleny sal
08.06.2017 08:35,08.06.2017,Powerjoga,12:30,13:15,1,20,Marketa Makovska CJ / EN,zacatecnici,Joga zeleny sal
08.06.2017 10:11,08.06.2017,Powerjoga,12:30,13:15,2,20,Marketa Makovska CJ / EN,zacatecnici,Joga zeleny sal
08.06.2017 10:19,08.06.2017,Powerjoga,12:30,13:15,3,20,Marketa Makovska CJ / EN,zacatecnici,Joga zeleny sal
08.06.2017 11:21,08.06.2017,Powerjoga,12:30,13:15,4,20,Marketa Makovska CJ / EN,zacatecnici,Joga zeleny sal
08.06.2017 11:23,08.06.2017,Powerjoga,12:30,13:15,5,20,Marketa Makovska CJ / EN,zacatecnici,Joga zeleny sal
04.06.2017 23:54,08.06.2017,Jemna joga,15:15,16:15,1,20,Lubica Vodvarkova,klidna protahovaci,Joga zeleny sal
05.06.2017 09:53,08.06.2017,Jemna joga,15:15,16:15,2,20,Lubica Vodvarkova,klidna protahovaci,Joga zeleny sal
06.06.2017 07:30,08.06.2017,Jemna joga,15:15,16:15,3,20,Lubica Vodvarkova,klidna protahovaci,Joga zeleny sal
07.06.2017 21:24,08.06.2017,Jemna joga,15:15,16:15,4,20,Lubica Vodvarkova,klidna protahovaci,Joga zeleny sal
08.06.2017 09:22,08.06.2017,Jemna joga,15:15,16:15,4,20,Alexandra Mandova,klidna protahovaci,Joga zeleny sal
08.06.2017 11:22,08.06.2017,Jemna joga,15:15,16:15,3,20,Alexandra Mandova,klidna protahovaci,Joga zeleny sal
08.06.2017 13:45,08.06.2017,Jemna joga,15:15,16:15,2,20,Alexandra Mandova,klidna protahovaci,Joga zeleny sal
08.06.2017 14:00,08.06.2017,Jemna joga,15:15,16:15,1,20,Alexandra Mandova,klidna protahovaci,Joga zeleny sal
08.06.2017 14:57,08.06.2017,Jemna joga,15:15,16:15,0,20,Alexandra Mandova,klidna protahovaci,Joga zeleny sal
04.06.2017 23:54,08.06.2017,Hatha joga,16:20,17:20,13,20,Lubica Vodvarkova,zacatecnici,Joga zeleny sal
05.06.2017 05:42,08.06.2017,Hatha joga,16:20,17:20,14,20,Lubica Vodvarkova,zacatecnici,Joga zeleny sal
05.06.2017 16:47,08.06.2017,Hatha joga,16:20,17:20,15,20,Lubica Vodvarkova,zacatecnici,Joga zeleny sal
06.06.2017 11:05,08.06.2017,Hatha joga,16:20,17:20,16,20,Lubica Vodvarkova,zacatecnici,Joga zeleny sal
06.06.2017 16:39,08.06.2017,Hatha joga,16:20,17:20,17,20,Lubica Vodvarkova,zacatecnici,Joga zeleny sal
06.06.2017 19:21,08.06.2017,Hatha joga,16:20,17:20,18,20,Lubica Vodvarkova,zacatecnici,Joga zeleny sal
07.06.2017 15:00,08.06.2017,Hatha joga,16:20,17:20,19,20,Lubica Vodvarkova,zacatecnici,Joga zeleny sal
07.06.2017 15:05,08.06.2017,Hatha joga,16:20,17:20,20,20,Lubica Vodvarkova,zacatecnici,Joga zeleny sal
08.06.2017 09:22,08.06.2017,Hatha joga,16:20,17:20,18,20,Alexandra Mandova,zacatecnici,Joga zeleny sal
08.06.2017 10:14,08.06.2017,Hatha joga,16:20,17:20,17,20,Alexandra Mandova,zacatecnici,Joga zeleny sal
08.06.2017 14:50,08.06.2017,Hatha joga,16:20,17:20,16,20,Alexandra Mandova,zacatecnici,Joga zeleny sal
04.06.2017 23:54,08.06.2017,Hot joga,16:40,17:40,0,30,Alexandra Mandova,dynamicka posilovaci,Hot-joga
04.06.2017 23:54,08.06.2017,Powerjoga,17:25,18:25,6,20,Karolina Chudobova,dynamicka posilovaci,Joga zeleny sal
05.06.2017 10:40,08.06.2017,Powerjoga,17:25,18:25,7,20,Karolina Chudobova,dynamicka posilovaci,Joga zeleny sal
07.06.2017 08:57,08.06.2017,Powerjoga,17:25,18:25,8,20,Karolina Chudobova,dynamicka posilovaci,Joga zeleny sal
07.06.2017 10:13,08.06.2017,Powerjoga,17:25,18:25,9,20,Karolina Chudobova,dynamicka posilovaci,Joga zeleny sal
07.06.2017 12:23,08.06.2017,Powerjoga,17:25,18:25,10,20,Karolina Chudobova,dynamicka posilovaci,Joga zeleny sal
07.06.2017 13:15,08.06.2017,Powerjoga,17:25,18:25,11,20,Karolina Chudobova,dynamicka posilovaci,Joga zeleny sal
08.06.2017 09:38,08.06.2017,Powerjoga,17:25,18:25,12,20,Karolina Chudobova,dynamicka posilovaci,Joga zeleny sal
08.06.2017 12:04,08.06.2017,Powerjoga,17:25,18:25,13,20,Karolina Chudobova,dynamicka posilovaci,Joga zeleny sal
08.06.2017 12:50,08.06.2017,Powerjoga,17:25,18:25,14,20,Karolina Chudobova,dynamicka posilovaci,Joga zeleny sal
08.06.2017 16:39,08.06.2017,Powerjoga,17:25,18:25,15,20,Karolina Chudobova,dynamicka posilovaci,Joga zeleny sal
08.06.2017 17:11,08.06.2017,Powerjoga,17:25,18:25,16,20,Karolina Chudobova,dynamicka posilovaci,Joga zeleny sal
08.06.2017 17:12,08.06.2017,Powerjoga,17:25,18:25,17,20,Karolina Chudobova,dynamicka posilovaci,Joga zeleny sal
08.06.2017 17:15,08.06.2017,Powerjoga,17:25,18:25,18,20,Karolina Chudobova,dynamicka posilovaci,Joga zeleny sal
04.06.2017 23:54,08.06.2017,Hot joga,18:00,19:30,0,30,Pavla  Krecanova,zacatecnici,Hot-joga
05.06.2017 08:21,08.06.2017,Hot joga,18:00,19:30,1,30,Pavla  Krecanova,zacatecnici,Hot-joga
05.06.2017 16:35,08.06.2017,Hot joga,18:00,19:30,2,30,Pavla  Krecanova,zacatecnici,Hot-joga
06.06.2017 08:15,08.06.2017,Hot joga,18:00,19:30,2,30,Andrea Hraskova,zacatecnici,Hot-joga
06.06.2017 19:01,08.06.2017,Hot joga,18:00,19:30,3,30,Andrea Hraskova,zacatecnici,Hot-joga
07.06.2017 20:55,08.06.2017,Hot joga,18:00,19:30,4,30,Andrea Hraskova,zacatecnici,Hot-joga
08.06.2017 11:34,08.06.2017,Hot joga,18:00,19:30,5,30,Andrea Hraskova,zacatecnici,Hot-joga
08.06.2017 17:48,08.06.2017,Hot joga,18:00,19:30,6,30,Andrea Hraskova,zacatecnici,Hot-joga
08.06.2017 18:16,08.06.2017,Hot joga,18:00,19:30,7,30,Andrea Hraskova,zacatecnici,Hot-joga
04.06.2017 23:54,08.06.2017,Gravid joga,18:30,19:30,1,20,Karolina Chudobova,zdravotni,Joga zeleny sal
06.06.2017 09:35,08.06.2017,Gravid joga,18:30,19:30,2,20,Karolina Chudobova,zdravotni,Joga zeleny sal
06.06.2017 12:43,08.06.2017,Gravid joga,18:30,19:30,3,20,Karolina Chudobova,zdravotni,Joga zeleny sal
07.06.2017 18:22,08.06.2017,Gravid joga,18:30,19:30,4,20,Karolina Chudobova,zdravotni,Joga zeleny sal
08.06.2017 13:16,08.06.2017,Gravid joga,18:30,19:30,5,20,Karolina Chudobova,zdravotni,Joga zeleny sal
08.06.2017 17:57,08.06.2017,Gravid joga,18:30,19:30,6,20,Karolina Chudobova,zdravotni,Joga zeleny sal
08.06.2017 18:05,08.06.2017,Gravid joga,18:30,19:30,7,20,Karolina Chudobova,zdravotni,Joga zeleny sal
08.06.2017 18:06,08.06.2017,Gravid joga,18:30,19:30,8,20,Karolina Chudobova,zdravotni,Joga zeleny sal
04.06.2017 23:54,08.06.2017,Jemna joga,19:35,20:35,2,20,Karolina Chudobova,klidna protahovaci,Joga zeleny sal
05.06.2017 10:16,08.06.2017,Jemna joga,19:35,20:35,1,20,Karolina Chudobova,klidna protahovaci,Joga zeleny sal
06.06.2017 16:16,08.06.2017,Jemna joga,19:35,20:35,3,20,Karolina Chudobova,klidna protahovaci,Joga zeleny sal
06.06.2017 21:25,08.06.2017,Jemna joga,19:35,20:35,4,20,Karolina Chudobova,klidna protahovaci,Joga zeleny sal
07.06.2017 15:37,08.06.2017,Jemna joga,19:35,20:35,5,20,Karolina Chudobova,klidna protahovaci,Joga zeleny sal
08.06.2017 11:33,08.06.2017,Jemna joga,19:35,20:35,6,20,Karolina Chudobova,klidna protahovaci,Joga zeleny sal
08.06.2017 13:18,08.06.2017,Jemna joga,19:35,20:35,7,20,Karolina Chudobova,klidna protahovaci,Joga zeleny sal
08.06.2017 16:49,08.06.2017,Jemna joga,19:35,20:35,8,20,Karolina Chudobova,klidna protahovaci,Joga zeleny sal
08.06.2017 17:08,08.06.2017,Jemna joga,19:35,20:35,11,20,Karolina Chudobova,klidna protahovaci,Joga zeleny sal
08.06.2017 18:23,08.06.2017,Jemna joga,19:35,20:35,12,20,Karolina Chudobova,klidna protahovaci,Joga zeleny sal
04.06.2017 23:54,08.06.2017,Hot joga,19:45,21:15,0,30,Andrea Hraskova,klidna protahovaci,Hot-joga
04.06.2017 23:54,08.06.2017,Powerjoga,7:00,8:00,2,20,Alexandra Mandova,dynamicka posilovaci,Joga zeleny sal
05.06.2017 10:21,08.06.2017,Powerjoga,7:00,8:00,3,20,Alexandra Mandova,dynamicka posilovaci,Joga zeleny sal
05.06.2017 14:37,08.06.2017,Powerjoga,7:00,8:00,5,20,Alexandra Mandova,dynamicka posilovaci,Joga zeleny sal
05.06.2017 15:53,08.06.2017,Powerjoga,7:00,8:00,6,20,Alexandra Mandova,dynamicka posilovaci,Joga zeleny sal
07.06.2017 16:19,08.06.2017,Powerjoga,7:00,8:00,7,20,Alexandra Mandova,dynamicka posilovaci,Joga zeleny sal
07.06.2017 16:54,08.06.2017,Powerjoga,7:00,8:00,8,20,Alexandra Mandova,dynamicka posilovaci,Joga zeleny sal
07.06.2017 17:47,08.06.2017,Powerjoga,7:00,8:00,10,20,Alexandra Mandova,dynamicka posilovaci,Joga zeleny sal
07.06.2017 19:01,08.06.2017,Powerjoga,7:00,8:00,9,20,Alexandra Mandova,dynamicka posilovaci,Joga zeleny sal
07.06.2017 23:04,08.06.2017,Powerjoga,7:00,8:00,11,20,Alexandra Mandova,dynamicka posilovaci,Joga zeleny sal
07.06.2017 23:12,08.06.2017,Powerjoga,7:00,8:00,12,20,Alexandra Mandova,dynamicka posilovaci,Joga zeleny sal
07.06.2017 23:20,08.06.2017,Powerjoga,7:00,8:00,13,20,Alexandra Mandova,dynamicka posilovaci,Joga zeleny sal
08.06.2017 06:36,08.06.2017,Powerjoga,7:00,8:00,14,20,Alexandra Mandova,dynamicka posilovaci,Joga zeleny sal
08.06.2017 06:42,08.06.2017,Powerjoga,7:00,8:00,15,20,Alexandra Mandova,dynamicka posilovaci,Joga zeleny sal
08.06.2017 06:50,08.06.2017,Powerjoga,7:00,8:00,16,20,Alexandra Mandova,dynamicka posilovaci,Joga zeleny sal
04.06.2017 23:54,08.06.2017,Jemna joga,8:00,9:00,0,30,Blanka Lorencova,zacatecnici,Joga modry sal
06.06.2017 10:57,08.06.2017,Jemna joga,8:00,9:00,1,30,Blanka Lorencova,zacatecnici,Joga modry sal
06.06.2017 15:56,08.06.2017,Jemna joga,8:00,9:00,2,30,Blanka Lorencova,zacatecnici,Joga modry sal
07.06.2017 19:11,08.06.2017,Jemna joga,8:00,9:00,3,30,Blanka Lorencova,zacatecnici,Joga modry sal
07.06.2017 21:15,08.06.2017,Jemna joga,8:00,9:00,4,30,Blanka Lorencova,zacatecnici,Joga modry sal
07.06.2017 21:51,08.06.2017,Jemna joga,8:00,9:00,5,30,Blanka Lorencova,zacatecnici,Joga modry sal
08.06.2017 06:55,08.06.2017,Jemna joga,8:00,9:00,6,30,Blanka Lorencova,zacatecnici,Joga modry sal
08.06.2017 07:40,08.06.2017,Jemna joga,8:00,9:00,7,30,Blanka Lorencova,zacatecnici,Joga modry sal
08.06.2017 07:46,08.06.2017,Jemna joga,8:00,9:00,8,30,Blanka Lorencova,zacatecnici,Joga modry sal
04.06.2017 23:54,08.06.2017,Hatha joga - vhodna i pro zacatecniky,8:05,8:50,2,20,Alexandra Mandova,klidna protahovaci,Joga zeleny sal
07.06.2017 07:34,08.06.2017,Hatha joga - vhodna i pro zacatecniky,8:05,8:50,3,20,Alexandra Mandova,klidna protahovaci,Joga zeleny sal
07.06.2017 14:16,08.06.2017,Hatha joga - vhodna i pro zacatecniky,8:05,8:50,4,20,Alexandra Mandova,klidna protahovaci,Joga zeleny sal
07.06.2017 21:11,08.06.2017,Hatha joga - vhodna i pro zacatecniky,8:05,8:50,5,20,Alexandra Mandova,klidna protahovaci,Joga zeleny sal
08.06.2017 07:33,08.06.2017,Hatha joga - vhodna i pro zacatecniky,8:05,8:50,6,20,Alexandra Mandova,klidna protahovaci,Joga zeleny sal
04.06.2017 23:54,08.06.2017,Zdrava zada,9:05,10:05,1,30,Blanka Lorencova,zdravotni,Joga modry sal
07.06.2017 19:11,08.06.2017,Zdrava zada,9:05,10:05,2,30,Blanka Lorencova,zdravotni,Joga modry sal
07.06.2017 21:16,08.06.2017,Zdrava zada,9:05,10:05,3,30,Blanka Lorencova,zdravotni,Joga modry sal
07.06.2017 23:49,08.06.2017,Zdrava zada,9:05,10:05,4,30,Blanka Lorencova,zdravotni,Joga modry sal
08.06.2017 06:56,08.06.2017,Zdrava zada,9:05,10:05,5,30,Blanka Lorencova,zdravotni,Joga modry sal
08.06.2017 08:31,08.06.2017,Zdrava zada,9:05,10:05,6,30,Blanka Lorencova,zdravotni,Joga modry sal
08.06.2017 08:40,08.06.2017,Zdrava zada,9:05,10:05,7,30,Blanka Lorencova,zdravotni,Joga modry sal
08.06.2017 08:43,08.06.2017,Zdrava zada,9:05,10:05,8,30,Blanka Lorencova,zdravotni,Joga modry sal
08.06.2017 08:44,08.06.2017,Zdrava zada,9:05,10:05,9,30,Blanka Lorencova,zdravotni,Joga modry sal
08.06.2017 08:47,08.06.2017,Zdrava zada,9:05,10:05,10,30,Blanka Lorencova,zdravotni,Joga modry sal
08.06.2017 09:01,08.06.2017,Zdrava zada,9:05,10:05,11,30,Blanka Lorencova,zdravotni,Joga modry sal
04.06.2017 23:54,09.06.2017,Hot joga,10:00,11:00,2,30,Vera Vojtechova,zacatecnici,Hot-joga
08.06.2017 19:23,09.06.2017,Hot joga,10:00,11:00,4,30,Vera Vojtechova,zacatecnici,Hot-joga
09.06.2017 09:38,09.06.2017,Hot joga,10:00,11:00,5,30,Vera Vojtechova,zacatecnici,Hot-joga
04.06.2017 23:54,09.06.2017,Joga pro zdrava zada - vhodna pro zacatecniky,10:15,11:15,0,20,Silvie Cifrincova,zdravotni,Joga zeleny sal
08.06.2017 20:04,09.06.2017,Joga pro zdrava zada - vhodna pro zacatecniky,10:15,11:15,1,20,Silvie Cifrincova,zdravotni,Joga zeleny sal
04.06.2017 23:54,09.06.2017,Jogova terapie - sal je mirne vyhraty,11:15,12:15,5,20,Vera Vojtechova,zdravotni,Joga modry sal
05.06.2017 09:54,09.06.2017,Jogova terapie - sal je mirne vyhraty,11:15,12:15,6,20,Vera Vojtechova,zdravotni,Joga modry sal
08.06.2017 13:43,09.06.2017,Jogova terapie - sal je mirne vyhraty,11:15,12:15,7,20,Vera Vojtechova,zdravotni,Joga modry sal
09.06.2017 07:02,09.06.2017,Jogova terapie - sal je mirne vyhraty,11:15,12:15,8,20,Vera Vojtechova,zdravotni,Joga modry sal
09.06.2017 10:32,09.06.2017,Jogova terapie - sal je mirne vyhraty,11:15,12:15,9,20,Vera Vojtechova,zdravotni,Joga modry sal
09.06.2017 11:06,09.06.2017,Jogova terapie - sal je mirne vyhraty,11:15,12:15,10,20,Vera Vojtechova,zdravotni,Joga modry sal
04.06.2017 23:54,09.06.2017,Powerjoga,11:25,12:10,0,20,Tomas  Helbig,zacatecnici,Joga zeleny sal
08.06.2017 06:44,09.06.2017,Powerjoga,11:25,12:10,1,20,Tomas  Helbig,zacatecnici,Joga zeleny sal
09.06.2017 08:17,09.06.2017,Powerjoga,11:25,12:10,2,20,Tomas  Helbig,zacatecnici,Joga zeleny sal
09.06.2017 08:18,09.06.2017,Powerjoga,11:25,12:10,3,20,Tomas  Helbig,zacatecnici,Joga zeleny sal
09.06.2017 10:19,09.06.2017,Powerjoga,11:25,12:10,4,20,Tomas  Helbig,zacatecnici,Joga zeleny sal
09.06.2017 10:27,09.06.2017,Powerjoga,11:25,12:10,5,20,Tomas  Helbig,zacatecnici,Joga zeleny sal
09.06.2017 11:21,09.06.2017,Powerjoga,11:25,12:10,6,20,Tomas  Helbig,zacatecnici,Joga zeleny sal
04.06.2017 23:54,09.06.2017,Powerjoga,12:15,13:00,2,20,Tomas  Helbig,dynamicka posilovaci,Joga zeleny sal
05.06.2017 10:50,09.06.2017,Powerjoga,12:15,13:00,3,20,Tomas  Helbig,dynamicka posilovaci,Joga zeleny sal
08.06.2017 10:29,09.06.2017,Powerjoga,12:15,13:00,4,20,Tomas  Helbig,dynamicka posilovaci,Joga zeleny sal
09.06.2017 11:35,09.06.2017,Powerjoga,12:15,13:00,5,20,Tomas  Helbig,dynamicka posilovaci,Joga zeleny sal
09.06.2017 11:41,09.06.2017,Powerjoga,12:15,13:00,6,20,Tomas  Helbig,dynamicka posilovaci,Joga zeleny sal
04.06.2017 23:54,09.06.2017,Joga pro zdrava zada,15:15,16:15,1,20,Katerina  Kornova,zdravotni,Joga zeleny sal
05.06.2017 10:40,09.06.2017,Joga pro zdrava zada,15:15,16:15,2,20,Katerina  Kornova,zdravotni,Joga zeleny sal
09.06.2017 12:07,09.06.2017,Joga pro zdrava zada,15:15,16:15,0,20,Katerina  Kornova,zdravotni,Joga zeleny sal
04.06.2017 23:54,09.06.2017,Jemna joga,16:20,17:20,1,20,Katerina  Kornova,klidna protahovaci,Joga zeleny sal
05.06.2017 13:18,09.06.2017,Jemna joga,16:20,17:20,0,20,Katerina  Kornova,klidna protahovaci,Joga zeleny sal
08.06.2017 22:40,09.06.2017,Jemna joga,16:20,17:20,2,20,Katerina  Kornova,klidna protahovaci,Joga zeleny sal
04.06.2017 23:54,09.06.2017,Powerjoga,17:25,18:25,0,20,Hana Hruskova CJ / EN,dynamicka posilovaci,Joga zeleny sal
05.06.2017 18:57,09.06.2017,Powerjoga,17:25,18:25,0,20,Eva  Oniscenko,dynamicka posilovaci,Joga zeleny sal
05.06.2017 18:58,09.06.2017,Powerjoga ZASKOK,17:25,18:25,0,20,Eva  Oniscenko,dynamicka posilovaci,Joga zeleny sal
06.06.2017 21:52,09.06.2017,Powerjoga ZASKOK,17:25,18:25,1,20,Eva  Oniscenko,dynamicka posilovaci,Joga zeleny sal
08.06.2017 16:45,09.06.2017,Powerjoga ZASKOK,17:25,18:25,2,20,Eva  Oniscenko,dynamicka posilovaci,Joga zeleny sal
08.06.2017 21:08,09.06.2017,Powerjoga ZASKOK,17:25,18:25,3,20,Eva  Oniscenko,dynamicka posilovaci,Joga zeleny sal
09.06.2017 14:53,09.06.2017,Powerjoga ZASKOK,17:25,18:25,4,20,Eva  Oniscenko,dynamicka posilovaci,Joga zeleny sal
09.06.2017 15:34,09.06.2017,Powerjoga ZASKOK,17:25,18:25,5,20,Eva  Oniscenko,dynamicka posilovaci,Joga zeleny sal
04.06.2017 23:54,09.06.2017,Ashtanga joga - vhodna i pro zacatecniky,18:30,20:00,1,20,Hana Hruskova CJ / EN,zacatecnici,Joga zeleny sal
05.06.2017 18:58,09.06.2017,Power ZASKOK,18:30,20:00,1,20,Eva  Oniscenko,zacatecnici,Joga zeleny sal
08.06.2017 11:34,09.06.2017,Power ZASKOK,18:30,20:00,2,20,Eva  Oniscenko,zacatecnici,Joga zeleny sal
08.06.2017 14:23,09.06.2017,Power ZASKOK,18:30,20:00,3,20,Eva  Oniscenko,zacatecnici,Joga zeleny sal
09.06.2017 07:40,09.06.2017,Power ZASKOK,18:30,20:00,4,20,Eva  Oniscenko,zacatecnici,Joga zeleny sal
09.06.2017 10:51,09.06.2017,Power ZASKOK,18:30,20:00,5,20,Eva  Oniscenko,zacatecnici,Joga zeleny sal
09.06.2017 16:51,09.06.2017,Power ZASKOK,18:30,20:00,6,20,Eva  Oniscenko,zacatecnici,Joga zeleny sal
09.06.2017 17:47,09.06.2017,Power ZASKOK,18:30,20:00,7,20,Eva  Oniscenko,zacatecnici,Joga zeleny sal
09.06.2017 18:07,09.06.2017,Power ZASKOK,18:30,20:00,8,20,Eva  Oniscenko,zacatecnici,Joga zeleny sal
09.06.2017 18:20,09.06.2017,Power ZASKOK,18:30,20:00,9,20,Eva  Oniscenko,zacatecnici,Joga zeleny sal
04.06.2017 23:54,09.06.2017,Hatha joga,7:00,8:00,2,20,Alexandra Mandova,zacatecnici,Joga zeleny sal
05.06.2017 20:27,09.06.2017,Hatha joga,7:00,8:00,1,20,Alexandra Mandova,zacatecnici,Joga zeleny sal
08.06.2017 21:06,09.06.2017,Hatha joga,7:00,8:00,3,20,Alexandra Mandova,zacatecnici,Joga zeleny sal
08.06.2017 21:40,09.06.2017,Hatha joga,7:00,8:00,4,20,Alexandra Mandova,zacatecnici,Joga zeleny sal
08.06.2017 22:27,09.06.2017,Hatha joga,7:00,8:00,5,20,Alexandra Mandova,zacatecnici,Joga zeleny sal
08.06.2017 22:28,09.06.2017,Hatha joga,7:00,8:00,6,20,Alexandra Mandova,zacatecnici,Joga zeleny sal
09.06.2017 00:19,09.06.2017,Hatha joga,7:00,8:00,7,20,Alexandra Mandova,zacatecnici,Joga zeleny sal
09.06.2017 05:49,09.06.2017,Hatha joga,7:00,8:00,8,20,Alexandra Mandova,zacatecnici,Joga zeleny sal
09.06.2017 06:56,09.06.2017,Hatha joga,7:00,8:00,9,20,Alexandra Mandova,zacatecnici,Joga zeleny sal
09.06.2017 08:04,09.06.2017,Hatha joga,7:00,8:00,10,20,Alexandra Mandova,zacatecnici,Joga zeleny sal
04.06.2017 23:54,09.06.2017,Jemna joga,8:05,8:50,0,20,Alexandra Mandova,klidna protahovaci,Joga zeleny sal
07.06.2017 10:57,09.06.2017,Jemna joga,8:05,8:50,1,20,Alexandra Mandova,klidna protahovaci,Joga zeleny sal
07.06.2017 20:40,09.06.2017,Jemna joga,8:05,8:50,2,20,Alexandra Mandova,klidna protahovaci,Joga zeleny sal
08.06.2017 18:25,09.06.2017,Jemna joga,8:05,8:50,3,20,Alexandra Mandova,klidna protahovaci,Joga zeleny sal
09.06.2017 00:06,09.06.2017,Jemna joga,8:05,8:50,4,20,Alexandra Mandova,klidna protahovaci,Joga zeleny sal
09.06.2017 07:39,09.06.2017,Jemna joga,8:05,8:50,5,20,Alexandra Mandova,klidna protahovaci,Joga zeleny sal
09.06.2017 07:43,09.06.2017,Jemna joga,8:05,8:50,6,20,Alexandra Mandova,klidna protahovaci,Joga zeleny sal
09.06.2017 07:55,09.06.2017,Jemna joga,8:05,8:50,7,20,Alexandra Mandova,klidna protahovaci,Joga zeleny sal
04.06.2017 23:54,09.06.2017,Powerjoga,9:10,10:10,1,20,Silvie Cifrincova,dynamicka posilovaci,Joga zeleny sal
07.06.2017 16:15,09.06.2017,Powerjoga,9:10,10:10,0,20,Silvie Cifrincova,dynamicka posilovaci,Joga zeleny sal
09.06.2017 07:10,09.06.2017,Powerjoga,9:10,10:10,2,20,Silvie Cifrincova,dynamicka posilovaci,Joga zeleny sal
04.06.2017 23:54,10.06.2017,Powerjoga,10:20,11:20,0,20,Martina Dvorakova,dynamicka posilovaci,Joga zeleny sal
09.06.2017 10:51,10.06.2017,Powerjoga,10:20,11:20,1,20,Martina Dvorakova,dynamicka posilovaci,Joga zeleny sal
09.06.2017 13:12,10.06.2017,Powerjoga,10:20,11:20,2,20,Martina Dvorakova,dynamicka posilovaci,Joga zeleny sal
09.06.2017 22:19,10.06.2017,Powerjoga,10:20,11:20,3,20,Martina Dvorakova,dynamicka posilovaci,Joga zeleny sal
10.06.2017 09:07,10.06.2017,Powerjoga,10:20,11:20,4,20,Martina Dvorakova,dynamicka posilovaci,Joga zeleny sal
10.06.2017 09:10,10.06.2017,Powerjoga,10:20,11:20,5,20,Martina Dvorakova,dynamicka posilovaci,Joga zeleny sal
10.06.2017 10:57,10.06.2017,Powerjoga,10:20,11:20,6,20,Martina Dvorakova,dynamicka posilovaci,Joga zeleny sal
04.06.2017 23:54,10.06.2017,Hatha joga,11:30,13:00,0,20,Martina Koralova,zacatecnici,Joga zeleny sal
05.06.2017 08:17,10.06.2017,Hatha joga,11:30,13:00,1,20,Martina Koralova,zacatecnici,Joga zeleny sal
10.06.2017 11:07,10.06.2017,Hatha joga,11:30,13:00,2,20,Martina Koralova,zacatecnici,Joga zeleny sal
04.06.2017 23:54,10.06.2017,Zaciname s jogou - Kurz zakladu vinyasy,13:05,14:35,0,20,Martina Koralova,,Joga zeleny sal
09.06.2017 13:40,10.06.2017,Zaciname s jogou - Kurz zakladu vinyasy,13:05,14:35,1,20,Martina Koralova,,Joga zeleny sal
04.06.2017 23:54,10.06.2017,Powerjoga,15:50,16:50,1,20,Veronika  Brozova CJ / EN,dynamicka posilovaci,Joga zeleny sal
07.06.2017 11:37,10.06.2017,Powerjoga,15:50,16:50,0,20,Veronika  Brozova CJ / EN,dynamicka posilovaci,Joga zeleny sal
04.06.2017 23:54,10.06.2017,Jemna joga,17:00,18:30,0,20,Veronika  Brozova CJ / EN,klidna protahovaci,Joga zeleny sal
04.06.2017 23:54,10.06.2017,Hatha joga,9:15,10:15,2,20,Martina Dvorakova,klidna protahovaci,Joga zeleny sal
05.06.2017 10:16,10.06.2017,Hatha joga,9:15,10:15,1,20,Martina Dvorakova,klidna protahovaci,Joga zeleny sal
06.06.2017 07:33,10.06.2017,Hatha joga,9:15,10:15,0,20,Martina Dvorakova,klidna protahovaci,Joga zeleny sal
09.06.2017 18:26,10.06.2017,Hatha joga,9:15,10:15,3,20,Martina Dvorakova,klidna protahovaci,Joga zeleny sal
09.06.2017 19:12,10.06.2017,Hatha joga,9:15,10:15,4,20,Martina Dvorakova,klidna protahovaci,Joga zeleny sal
10.06.2017 08:08,10.06.2017,Hatha joga,9:15,10:15,5,20,Martina Dvorakova,klidna protahovaci,Joga zeleny sal
04.06.2017 23:54,11.06.2017,Joga pro zdrava zada,16:05,17:05,0,20,Tomas  Helbig,zdravotni,Joga zeleny sal
07.06.2017 13:45,11.06.2017,Joga pro zdrava zada,16:05,17:05,1,20,Tomas  Helbig,zdravotni,Joga zeleny sal
11.06.2017 12:22,11.06.2017,Joga pro zdrava zada,16:05,17:05,2,20,Tomas  Helbig,zdravotni,Joga zeleny sal
04.06.2017 23:54,11.06.2017,Hatha joga,17:10,18:10,1,20,Tomas  Helbig,klidna protahovaci,Joga zeleny sal
06.06.2017 07:32,11.06.2017,Hatha joga,17:10,18:10,0,20,Tomas  Helbig,klidna protahovaci,Joga zeleny sal
04.06.2017 23:54,11.06.2017,Hot joga,18:00,19:30,0,30,Veronika  Brozova CJ / EN,zacatecnici,Hot-joga
06.06.2017 11:44,11.06.2017,Hot joga,18:00,19:30,1,30,Veronika  Brozova CJ / EN,zacatecnici,Hot-joga
07.06.2017 16:32,11.06.2017,Hot joga,18:00,19:30,2,30,Veronika  Brozova CJ / EN,zacatecnici,Hot-joga
08.06.2017 17:30,11.06.2017,Hot joga,18:00,19:30,3,30,Veronika  Brozova CJ / EN,zacatecnici,Hot-joga
09.06.2017 10:48,11.06.2017,Hot joga,18:00,19:30,4,30,Veronika  Brozova CJ / EN,zacatecnici,Hot-joga
09.06.2017 11:57,11.06.2017,Hot joga,18:00,19:30,5,30,Veronika  Brozova CJ / EN,zacatecnici,Hot-joga
09.06.2017 16:04,11.06.2017,Hot joga,18:00,19:30,6,30,Veronika  Brozova CJ / EN,zacatecnici,Hot-joga
09.06.2017 16:45,11.06.2017,Hot joga,18:00,19:30,7,30,Veronika  Brozova CJ / EN,zacatecnici,Hot-joga
10.06.2017 13:39,11.06.2017,Hot joga,18:00,19:30,8,30,Veronika  Brozova CJ / EN,zacatecnici,Hot-joga
10.06.2017 16:01,11.06.2017,Hot joga,18:00,19:30,9,30,Veronika  Brozova CJ / EN,zacatecnici,Hot-joga
10.06.2017 21:38,11.06.2017,Hot joga,18:00,19:30,10,30,Veronika  Brozova CJ / EN,zacatecnici,Hot-joga
11.06.2017 17:34,11.06.2017,Hot joga,18:00,19:30,11,30,Veronika  Brozova CJ / EN,zacatecnici,Hot-joga
04.06.2017 23:54,11.06.2017,Powerjoga - vhodna i pro zacatecniky,18:15,19:45,20,20,Petra Tomkova,dynamicka posilovaci,Joga zeleny sal
09.06.2017 19:11,11.06.2017,Powerjoga - vhodna i pro zacatecniky,18:15,19:45,19,20,Petra Tomkova,dynamicka posilovaci,Joga zeleny sal
11.06.2017 08:18,11.06.2017,Powerjoga - vhodna i pro zacatecniky,18:15,19:45,18,20,Petra Tomkova,dynamicka posilovaci,Joga zeleny sal
11.06.2017 11:12,11.06.2017,Powerjoga - vhodna i pro zacatecniky,18:15,19:45,17,20,Petra Tomkova,dynamicka posilovaci,Joga zeleny sal
11.06.2017 11:16,11.06.2017,Powerjoga - vhodna i pro zacatecniky,18:15,19:45,16,20,Petra Tomkova,dynamicka posilovaci,Joga zeleny sal
11.06.2017 12:37,11.06.2017,Powerjoga - vhodna i pro zacatecniky,18:15,19:45,15,20,Petra Tomkova,dynamicka posilovaci,Joga zeleny sal
11.06.2017 13:57,11.06.2017,Powerjoga - vhodna i pro zacatecniky,18:15,19:45,14,20,Petra Tomkova,dynamicka posilovaci,Joga zeleny sal
11.06.2017 15:25,11.06.2017,Powerjoga - vhodna i pro zacatecniky,18:15,19:45,13,20,Petra Tomkova,dynamicka posilovaci,Joga zeleny sal
04.06.2017 23:54,11.06.2017,Hot joga,19:45,20:45,1,30,Alexandra Mandova,dynamicka posilovaci,Hot-joga
04.06.2017 23:54,11.06.2017,Intenzivni kurz jogy - uzavreny kurz,20:05,21:35,0,0,Katka  Prymkova  CJ / EN,,Joga zeleny sal
11.06.2017 23:53,12.06.2017,Joga pro zdrava zada - vhodna pro zacatecniky,10:15,11:15,2,20,Marketa  Samesova,zdravotni,Joga zeleny sal
11.06.2017 23:53,12.06.2017,Power joga,11:25,12:10,2,20,Tomas  Helbig,dynamicka posilovaci,Joga zeleny sal
12.06.2017 09:36,12.06.2017,Power joga,11:25,12:10,3,20,Tomas  Helbig,dynamicka posilovaci,Joga zeleny sal
12.06.2017 10:17,12.06.2017,Power joga,11:25,12:10,4,20,Tomas  Helbig,dynamicka posilovaci,Joga zeleny sal
12.06.2017 10:19,12.06.2017,Power joga,11:25,12:10,5,20,Tomas  Helbig,dynamicka posilovaci,Joga zeleny sal
12.06.2017 10:59,12.06.2017,Power joga,11:25,12:10,6,20,Tomas  Helbig,dynamicka posilovaci,Joga zeleny sal
11.06.2017 23:53,12.06.2017,Hatha joga,11:30,12:30,1,30,Marketa  Samesova,klidna protahovaci,Joga modry sal
12.06.2017 08:06,12.06.2017,Hatha joga,11:30,12:30,2,30,Marketa  Samesova,klidna protahovaci,Joga modry sal
12.06.2017 09:31,12.06.2017,Hatha joga,11:30,12:30,3,30,Marketa  Samesova,klidna protahovaci,Joga modry sal
11.06.2017 23:53,12.06.2017,Powerjoga,12:15,13:00,0,20,Tomas  Helbig,zacatecnici,Joga zeleny sal
12.06.2017 10:11,12.06.2017,Powerjoga,12:15,13:00,1,20,Tomas  Helbig,zacatecnici,Joga zeleny sal
12.06.2017 10:12,12.06.2017,Powerjoga,12:15,13:00,2,20,Tomas  Helbig,zacatecnici,Joga zeleny sal
12.06.2017 10:48,12.06.2017,Powerjoga,12:15,13:00,3,20,Tomas  Helbig,zacatecnici,Joga zeleny sal
12.06.2017 11:07,12.06.2017,Powerjoga,12:15,13:00,4,20,Tomas  Helbig,zacatecnici,Joga zeleny sal
12.06.2017 11:29,12.06.2017,Powerjoga,12:15,13:00,5,20,Tomas  Helbig,zacatecnici,Joga zeleny sal
12.06.2017 11:48,12.06.2017,Powerjoga,12:15,13:00,6,20,Tomas  Helbig,zacatecnici,Joga zeleny sal
12.06.2017 12:06,12.06.2017,Powerjoga,12:15,13:00,7,20,Tomas  Helbig,zacatecnici,Joga zeleny sal
12.06.2017 12:07,12.06.2017,Powerjoga,12:15,13:00,9,20,Tomas  Helbig,zacatecnici,Joga zeleny sal
11.06.2017 23:53,12.06.2017,Jemna joga,15:05,16:05,4,20,Vera Vojtechova,klidna protahovaci,Joga zeleny sal
12.06.2017 08:19,12.06.2017,Jemna joga,15:05,16:05,5,20,Vera Vojtechova,klidna protahovaci,Joga zeleny sal
12.06.2017 14:12,12.06.2017,Jemna joga,15:05,16:05,6,20,Vera Vojtechova,klidna protahovaci,Joga zeleny sal
12.06.2017 14:50,12.06.2017,Jemna joga,15:05,16:05,7,20,Vera Vojtechova,klidna protahovaci,Joga zeleny sal
11.06.2017 23:53,12.06.2017,Joga pro zdrava zada - vhodna pro zacatecniky,16:10,17:10,4,20,Vera Vojtechova,zdravotni,Joga zeleny sal
12.06.2017 07:33,12.06.2017,Joga pro zdrava zada - vhodna pro zacatecniky,16:10,17:10,3,20,Vera Vojtechova,zdravotni,Joga zeleny sal
12.06.2017 13:55,12.06.2017,Joga pro zdrava zada - vhodna pro zacatecniky,16:10,17:10,5,20,Vera Vojtechova,zdravotni,Joga zeleny sal
12.06.2017 15:29,12.06.2017,Joga pro zdrava zada - vhodna pro zacatecniky,16:10,17:10,6,20,Vera Vojtechova,zdravotni,Joga zeleny sal
12.06.2017 15:43,12.06.2017,Joga pro zdrava zada - vhodna pro zacatecniky,16:10,17:10,7,20,Vera Vojtechova,zdravotni,Joga zeleny sal
11.06.2017 23:53,12.06.2017,Hot joga,16:40,17:40,2,30,Veronika  Brozova CJ / EN,zacatecnici,Hot-joga
12.06.2017 11:50,12.06.2017,Hot joga,16:40,17:40,3,30,Veronika  Brozova CJ / EN,zacatecnici,Hot-joga
11.06.2017 23:53,12.06.2017,Ashtanga joga,17:20,18:50,4,20,Tomas  Helbig,dynamicka posilovaci,Joga zeleny sal
12.06.2017 07:44,12.06.2017,Ashtanga joga,17:20,18:50,5,20,Tomas  Helbig,dynamicka posilovaci,Joga zeleny sal
12.06.2017 15:48,12.06.2017,Ashtanga joga,17:20,18:50,6,20,Tomas  Helbig,dynamicka posilovaci,Joga zeleny sal
12.06.2017 15:57,12.06.2017,Ashtanga joga,17:20,18:50,7,20,Tomas  Helbig,dynamicka posilovaci,Joga zeleny sal
12.06.2017 16:59,12.06.2017,Ashtanga joga,17:20,18:50,9,20,Tomas  Helbig,dynamicka posilovaci,Joga zeleny sal
11.06.2017 23:53,12.06.2017,Hot joga MIMORADNE ZMENA ZACATKU LEKCE,18:30,20:00,4,30,Monika Stuart,klidna protahovaci,Hot-joga
12.06.2017 08:44,12.06.2017,Hot joga MIMORADNE ZMENA ZACATKU LEKCE,18:30,20:00,5,30,Monika Stuart,klidna protahovaci,Hot-joga
12.06.2017 13:00,12.06.2017,Hot joga MIMORADNE ZMENA ZACATKU LEKCE,18:30,20:00,6,30,Monika Stuart,klidna protahovaci,Hot-joga
12.06.2017 14:25,12.06.2017,Hot joga MIMORADNE ZMENA ZACATKU LEKCE,18:30,20:00,7,30,Monika Stuart,klidna protahovaci,Hot-joga
12.06.2017 14:29,12.06.2017,Hot joga MIMORADNE ZMENA ZACATKU LEKCE,18:30,20:00,8,30,Monika Stuart,klidna protahovaci,Hot-joga
12.06.2017 17:08,12.06.2017,Hot joga MIMORADNE ZMENA ZACATKU LEKCE,18:30,20:00,9,30,Monika Stuart,klidna protahovaci,Hot-joga
12.06.2017 18:19,12.06.2017,Hot joga MIMORADNE ZMENA ZACATKU LEKCE,18:30,20:00,10,30,Monika Stuart,klidna protahovaci,Hot-joga
12.06.2017 18:20,12.06.2017,Hot joga MIMORADNE ZMENA ZACATKU LEKCE,18:30,20:00,11,30,Monika Stuart,klidna protahovaci,Hot-joga
11.06.2017 23:53,12.06.2017,Hatha joga,18:55,19:55,6,20,Tomas  Helbig,klidna protahovaci,Joga zeleny sal
12.06.2017 09:29,12.06.2017,Hatha joga,18:55,19:55,7,20,Tomas  Helbig,klidna protahovaci,Joga zeleny sal
12.06.2017 13:39,12.06.2017,Hatha joga,18:55,19:55,8,20,Tomas  Helbig,klidna protahovaci,Joga zeleny sal
12.06.2017 17:48,12.06.2017,Hatha joga,18:55,19:55,9,20,Tomas  Helbig,klidna protahovaci,Joga zeleny sal
12.06.2017 17:54,12.06.2017,Hatha joga,18:55,19:55,10,20,Tomas  Helbig,klidna protahovaci,Joga zeleny sal
11.06.2017 23:53,12.06.2017,Powerjoga,7:00,8:00,1,20,Andrea Hraskova,zacatecnici,Joga zeleny sal
12.06.2017 06:42,12.06.2017,Powerjoga,7:00,8:00,2,20,Andrea Hraskova,zacatecnici,Joga zeleny sal
11.06.2017 23:53,12.06.2017,Hatha joga - vhodna i pro zacatecniky,8:05,8:50,3,20,Andrea Hraskova,klidna protahovaci,Joga zeleny sal
12.06.2017 07:36,12.06.2017,Hatha joga - vhodna i pro zacatecniky,8:05,8:50,4,20,Andrea Hraskova,klidna protahovaci,Joga zeleny sal
11.06.2017 23:53,13.06.2017,Jemna joga,10:20,11:20,0,20,Katerina  Kornova,klidna protahovaci,Joga zeleny sal
12.06.2017 11:57,13.06.2017,Jemna joga,10:20,11:20,1,20,Katerina  Kornova,klidna protahovaci,Joga zeleny sal
12.06.2017 20:11,13.06.2017,Jemna joga,10:20,11:20,2,20,Katerina  Kornova,klidna protahovaci,Joga zeleny sal
11.06.2017 23:53,13.06.2017,Joga pro seniory,10:35,11:35,0,30,Blanka Lorencova,klidna protahovaci,Joga modry sal
13.06.2017 08:42,13.06.2017,Joga pro seniory,10:35,11:35,1,30,Blanka Lorencova,klidna protahovaci,Joga modry sal
13.06.2017 09:56,13.06.2017,Joga pro seniory,10:35,11:35,2,30,Blanka Lorencova,klidna protahovaci,Joga modry sal
11.06.2017 23:53,13.06.2017,Joga pro zdrava zada,11:25,12:10,0,20,Katerina  Kornova,zdravotni,Joga zeleny sal
11.06.2017 23:53,13.06.2017,Powerjoga,11:40,12:25,0,30,Karolina Chudobova,zacatecnici,Joga modry sal
13.06.2017 09:34,13.06.2017,Powerjoga,11:40,12:25,1,30,Karolina Chudobova,zacatecnici,Joga modry sal
13.06.2017 11:06,13.06.2017,Powerjoga,11:40,12:25,2,30,Karolina Chudobova,zacatecnici,Joga modry sal
13.06.2017 11:23,13.06.2017,Powerjoga,11:40,12:25,3,30,Karolina Chudobova,zacatecnici,Joga modry sal
11.06.2017 23:53,13.06.2017,Joga pro zdrava zada,12:15,13:00,0,20,Katerina  Kornova,zdravotni,Joga zeleny sal
11.06.2017 23:53,13.06.2017,Powerjoga,12:30,13:15,1,30,Karolina Chudobova,dynamicka posilovaci,Joga modry sal
12.06.2017 10:18,13.06.2017,Powerjoga,12:30,13:15,2,30,Karolina Chudobova,dynamicka posilovaci,Joga modry sal
13.06.2017 10:08,13.06.2017,Powerjoga,12:30,13:15,3,30,Karolina Chudobova,dynamicka posilovaci,Joga modry sal
13.06.2017 10:11,13.06.2017,Powerjoga,12:30,13:15,4,30,Karolina Chudobova,dynamicka posilovaci,Joga modry sal
13.06.2017 11:09,13.06.2017,Powerjoga,12:30,13:15,5,30,Karolina Chudobova,dynamicka posilovaci,Joga modry sal
13.06.2017 11:49,13.06.2017,Powerjoga,12:30,13:15,6,30,Karolina Chudobova,dynamicka posilovaci,Joga modry sal
11.06.2017 23:53,13.06.2017,Powerjoga,15:15,16:15,0,20,Silvie Cifrincova,dynamicka posilovaci,Joga zeleny sal
11.06.2017 23:53,13.06.2017,Hatha joga,16:20,17:20,17,20,Lubica Vodvarkova,klidna protahovaci,Joga zeleny sal
12.06.2017 11:51,13.06.2017,Hatha joga,16:20,17:20,18,20,Lubica Vodvarkova,klidna protahovaci,Joga zeleny sal
12.06.2017 12:13,13.06.2017,Hatha joga,16:20,17:20,19,20,Lubica Vodvarkova,klidna protahovaci,Joga zeleny sal
13.06.2017 15:58,13.06.2017,Hatha joga,16:20,17:20,20,20,Lubica Vodvarkova,klidna protahovaci,Joga zeleny sal
11.06.2017 23:53,13.06.2017,Hot joga,16:40,17:40,5,30,Alexandra Mandova,zacatecnici,Hot-joga
12.06.2017 12:51,13.06.2017,Hot joga,16:40,17:40,6,30,Alexandra Mandova,zacatecnici,Hot-joga
13.06.2017 13:55,13.06.2017,Hot joga,16:40,17:40,6,30,Monika Vlachova,zacatecnici,Hot-joga
13.06.2017 14:03,13.06.2017,Hot joga,16:40,17:40,5,30,Monika Vlachova,zacatecnici,Hot-joga
11.06.2017 23:53,13.06.2017,Jemna joga,17:25,18:25,20,20,Lubica Vodvarkova,zacatecnici,Joga zeleny sal
12.06.2017 12:13,13.06.2017,Jemna joga,17:25,18:25,19,20,Lubica Vodvarkova,zacatecnici,Joga zeleny sal
12.06.2017 12:32,13.06.2017,Jemna joga,17:25,18:25,18,20,Lubica Vodvarkova,zacatecnici,Joga zeleny sal
11.06.2017 23:53,13.06.2017,Hot joga - vhodna i pro zacatecniky,18:00,19:30,7,30,Petr  Cmund,dynamicka posilovaci,Hot-joga
12.06.2017 09:10,13.06.2017,Hot joga - vhodna i pro zacatecniky,18:00,19:30,8,30,Petr  Cmund,dynamicka posilovaci,Hot-joga
12.06.2017 12:09,13.06.2017,Hot joga - vhodna i pro zacatecniky,18:00,19:30,9,30,Petr  Cmund,dynamicka posilovaci,Hot-joga
12.06.2017 13:49,13.06.2017,Hot joga - vhodna i pro zacatecniky,18:00,19:30,10,30,Petr  Cmund,dynamicka posilovaci,Hot-joga
12.06.2017 16:11,13.06.2017,Hot joga - vhodna i pro zacatecniky,18:00,19:30,11,30,Petr  Cmund,dynamicka posilovaci,Hot-joga
12.06.2017 16:53,13.06.2017,Hot joga - vhodna i pro zacatecniky,18:00,19:30,12,30,Petr  Cmund,dynamicka posilovaci,Hot-joga
12.06.2017 21:25,13.06.2017,Hot joga - vhodna i pro zacatecniky,18:00,19:30,13,30,Petr  Cmund,dynamicka posilovaci,Hot-joga
12.06.2017 22:00,13.06.2017,Hot joga - vhodna i pro zacatecniky,18:00,19:30,14,30,Petr  Cmund,dynamicka posilovaci,Hot-joga
12.06.2017 23:34,13.06.2017,Hot joga - vhodna i pro zacatecniky,18:00,19:30,15,30,Petr  Cmund,dynamicka posilovaci,Hot-joga
13.06.2017 09:18,13.06.2017,Hot joga - vhodna i pro zacatecniky,18:00,19:30,16,30,Petr  Cmund,dynamicka posilovaci,Hot-joga
11.06.2017 23:53,13.06.2017,Gravid joga,18:30,19:30,2,20,Hana Stepanova,zdravotni,Joga zeleny sal
12.06.2017 17:11,13.06.2017,Gravid joga,18:30,19:30,3,20,Hana Stepanova,zdravotni,Joga zeleny sal
13.06.2017 18:17,13.06.2017,Gravid joga,18:30,19:30,4,20,Hana Stepanova,zdravotni,Joga zeleny sal
13.06.2017 18:18,13.06.2017,Gravid joga,18:30,19:30,5,20,Hana Stepanova,zdravotni,Joga zeleny sal
11.06.2017 23:53,13.06.2017,Kurz powerjogy pro zacatecniky - uzavreny kurz,19:40,21:10,0,0,Marketa Makovska CJ / EN,,Joga zeleny sal
11.06.2017 23:53,13.06.2017,Kurz jogy pro zacatecniky - uzavreny kurz,19:45,21:15,0,0,Richard Holicky,,Joga modry sal
11.06.2017 23:53,13.06.2017,Powerjoga,7:00,8:00,2,20,Hana Hruskova CJ / EN,dynamicka posilovaci,Joga zeleny sal
12.06.2017 10:29,13.06.2017,Powerjoga,7:00,8:00,3,20,Hana Hruskova CJ / EN,dynamicka posilovaci,Joga zeleny sal
12.06.2017 13:05,13.06.2017,Powerjoga,7:00,8:00,4,20,Hana Hruskova CJ / EN,dynamicka posilovaci,Joga zeleny sal
12.06.2017 16:43,13.06.2017,Powerjoga,7:00,8:00,5,20,Hana Hruskova CJ / EN,dynamicka posilovaci,Joga zeleny sal
12.06.2017 17:41,13.06.2017,Powerjoga,7:00,8:00,6,20,Hana Hruskova CJ / EN,dynamicka posilovaci,Joga zeleny sal
12.06.2017 17:56,13.06.2017,Powerjoga,7:00,8:00,7,20,Hana Hruskova CJ / EN,dynamicka posilovaci,Joga zeleny sal
12.06.2017 21:12,13.06.2017,Powerjoga,7:00,8:00,9,20,Hana Hruskova CJ / EN,dynamicka posilovaci,Joga zeleny sal
12.06.2017 22:07,13.06.2017,Powerjoga,7:00,8:00,8,20,Hana Hruskova CJ / EN,dynamicka posilovaci,Joga zeleny sal
11.06.2017 23:53,13.06.2017,Powerjoga,8:05,9:05,1,20,Hana Hruskova CJ / EN,zacatecnici,Joga zeleny sal
12.06.2017 07:29,13.06.2017,Powerjoga,8:05,9:05,2,20,Hana Hruskova CJ / EN,zacatecnici,Joga zeleny sal
12.06.2017 13:55,13.06.2017,Powerjoga,8:05,9:05,3,20,Hana Hruskova CJ / EN,zacatecnici,Joga zeleny sal
13.06.2017 07:08,13.06.2017,Powerjoga,8:05,9:05,4,20,Hana Hruskova CJ / EN,zacatecnici,Joga zeleny sal
13.06.2017 08:00,13.06.2017,Powerjoga,8:05,9:05,5,20,Hana Hruskova CJ / EN,zacatecnici,Joga zeleny sal
11.06.2017 23:53,14.06.2017,Kurz jogy pro zacatecniky - uzavreny kurz,10:00,11:30,0,0,Richard Holicky,,Joga zeleny sal
11.06.2017 23:53,14.06.2017,Jemna joga - vhodna i pro seniory,10:15,11:15,0,30,Daniela  Fremuntova,klidna protahovaci,Joga modry sal
11.06.2017 23:53,14.06.2017,Powerjoga,11:25,12:10,1,30,Daniela  Fremuntova,dynamicka posilovaci,Joga modry sal
12.06.2017 10:19,14.06.2017,Powerjoga,11:25,12:10,2,30,Daniela  Fremuntova,dynamicka posilovaci,Joga modry sal
12.06.2017 10:58,14.06.2017,Powerjoga,11:25,12:10,3,30,Daniela  Fremuntova,dynamicka posilovaci,Joga modry sal
14.06.2017 10:26,14.06.2017,Powerjoga,11:25,12:10,4,30,Daniela  Fremuntova,dynamicka posilovaci,Joga modry sal
14.06.2017 10:52,14.06.2017,Powerjoga,11:25,12:10,5,30,Daniela  Fremuntova,dynamicka posilovaci,Joga modry sal
14.06.2017 10:56,14.06.2017,Powerjoga,11:25,12:10,6,30,Daniela  Fremuntova,dynamicka posilovaci,Joga modry sal
11.06.2017 23:53,14.06.2017,Joga pro zdrava zada,11:40,12:25,3,20,Katerina  Kornova,zdravotni,Joga zeleny sal
12.06.2017 08:12,14.06.2017,Joga pro zdrava zada,11:40,12:25,2,20,Katerina  Kornova,zdravotni,Joga zeleny sal
13.06.2017 22:12,14.06.2017,Joga pro zdrava zada,11:40,12:25,4,20,Katerina  Kornova,zdravotni,Joga zeleny sal
14.06.2017 09:28,14.06.2017,Joga pro zdrava zada,11:40,12:25,6,20,Katerina  Kornova,zdravotni,Joga zeleny sal
11.06.2017 23:53,14.06.2017,Powerjoga,12:15,13:00,0,30,Daniela  Fremuntova,zacatecnici,Joga modry sal
14.06.2017 08:17,14.06.2017,Powerjoga,12:15,13:00,2,30,Daniela  Fremuntova,zacatecnici,Joga modry sal
14.06.2017 09:49,14.06.2017,Powerjoga,12:15,13:00,3,30,Daniela  Fremuntova,zacatecnici,Joga modry sal
11.06.2017 23:53,14.06.2017,Joga pro zdrava zada,12:30,13:15,0,20,Katerina  Kornova,zdravotni,Joga zeleny sal
14.06.2017 10:18,14.06.2017,Joga pro zdrava zada,12:30,13:15,1,20,Katerina  Kornova,zdravotni,Joga zeleny sal
14.06.2017 10:19,14.06.2017,Joga pro zdrava zada,12:30,13:15,2,20,Katerina  Kornova,zdravotni,Joga zeleny sal
14.06.2017 10:31,14.06.2017,Joga pro zdrava zada,12:30,13:15,3,20,Katerina  Kornova,zdravotni,Joga zeleny sal
14.06.2017 11:34,14.06.2017,Joga pro zdrava zada,12:30,13:15,4,20,Katerina  Kornova,zdravotni,Joga zeleny sal
11.06.2017 23:53,14.06.2017,Joga zamerena na zdrava zada,16:20,17:20,0,20,Alexandra Mandova,zdravotni,Joga zeleny sal
12.06.2017 12:39,14.06.2017,Joga zamerena na zdrava zada,16:20,17:20,2,20,Alexandra Mandova,zdravotni,Joga zeleny sal
12.06.2017 17:13,14.06.2017,Joga zamerena na zdrava zada,16:20,17:20,3,20,Alexandra Mandova,zdravotni,Joga zeleny sal
12.06.2017 18:51,14.06.2017,Joga zamerena na zdrava zada,16:20,17:20,4,20,Alexandra Mandova,zdravotni,Joga zeleny sal
13.06.2017 10:47,14.06.2017,Joga zamerena na zdrava zada,16:20,17:20,5,20,Alexandra Mandova,zdravotni,Joga zeleny sal
13.06.2017 12:08,14.06.2017,Joga zamerena na zdrava zada,16:20,17:20,6,20,Alexandra Mandova,zdravotni,Joga zeleny sal
13.06.2017 15:29,14.06.2017,Joga zamerena na zdrava zada,16:20,17:20,7,20,Alexandra Mandova,zdravotni,Joga zeleny sal
13.06.2017 17:33,14.06.2017,Joga zamerena na zdrava zada,16:20,17:20,8,20,Alexandra Mandova,zdravotni,Joga zeleny sal
13.06.2017 19:23,14.06.2017,Joga zamerena na zdrava zada,16:20,17:20,10,20,Alexandra Mandova,zdravotni,Joga zeleny sal
14.06.2017 07:44,14.06.2017,Joga zamerena na zdrava zada,16:20,17:20,11,20,Alexandra Mandova,zdravotni,Joga zeleny sal
14.06.2017 07:52,14.06.2017,Joga zamerena na zdrava zada,16:20,17:20,12,20,Alexandra Mandova,zdravotni,Joga zeleny sal
14.06.2017 09:09,14.06.2017,Joga zamerena na zdrava zada,16:20,17:20,13,20,Alexandra Mandova,zdravotni,Joga zeleny sal
14.06.2017 10:26,14.06.2017,Joga zamerena na zdrava zada,16:20,17:20,14,20,Alexandra Mandova,zdravotni,Joga zeleny sal
14.06.2017 11:29,14.06.2017,Joga zamerena na zdrava zada,16:20,17:20,15,20,Alexandra Mandova,zdravotni,Joga zeleny sal
14.06.2017 15:13,14.06.2017,Joga zamerena na zdrava zada,16:20,17:20,16,20,Alexandra Mandova,zdravotni,Joga zeleny sal
14.06.2017 15:24,14.06.2017,Joga zamerena na zdrava zada,16:20,17:20,17,20,Alexandra Mandova,zdravotni,Joga zeleny sal
11.06.2017 23:53,14.06.2017,Hot joga - sestava z Hatha jogy,16:30,17:30,0,30,Lenka Uhlikova,zacatecnici,Hot-joga
12.06.2017 13:54,14.06.2017,Hot joga - sestava z Hatha jogy,16:30,17:30,1,30,Lenka Uhlikova,zacatecnici,Hot-joga
13.06.2017 16:23,14.06.2017,Hot joga - sestava z Hatha jogy,16:30,17:30,3,30,Lenka Uhlikova,zacatecnici,Hot-joga
11.06.2017 23:53,14.06.2017,Powerjoga,17:25,18:25,3,20,Alexandra Mandova,dynamicka posilovaci,Joga zeleny sal
12.06.2017 09:55,14.06.2017,Powerjoga,17:25,18:25,4,20,Alexandra Mandova,dynamicka posilovaci,Joga zeleny sal
12.06.2017 12:41,14.06.2017,Powerjoga,17:25,18:25,5,20,Alexandra Mandova,dynamicka posilovaci,Joga zeleny sal
12.06.2017 19:23,14.06.2017,Powerjoga,17:25,18:25,6,20,Alexandra Mandova,dynamicka posilovaci,Joga zeleny sal
13.06.2017 15:44,14.06.2017,Powerjoga,17:25,18:25,7,20,Alexandra Mandova,dynamicka posilovaci,Joga zeleny sal
13.06.2017 15:47,14.06.2017,Powerjoga,17:25,18:25,8,20,Alexandra Mandova,dynamicka posilovaci,Joga zeleny sal
14.06.2017 09:50,14.06.2017,Powerjoga,17:25,18:25,9,20,Alexandra Mandova,dynamicka posilovaci,Joga zeleny sal
14.06.2017 10:05,14.06.2017,Powerjoga,17:25,18:25,10,20,Alexandra Mandova,dynamicka posilovaci,Joga zeleny sal
14.06.2017 10:58,14.06.2017,Powerjoga,17:25,18:25,11,20,Alexandra Mandova,dynamicka posilovaci,Joga zeleny sal
14.06.2017 11:17,14.06.2017,Powerjoga,17:25,18:25,12,20,Alexandra Mandova,dynamicka posilovaci,Joga zeleny sal
14.06.2017 11:28,14.06.2017,Powerjoga,17:25,18:25,13,20,Alexandra Mandova,dynamicka posilovaci,Joga zeleny sal
14.06.2017 17:16,14.06.2017,Powerjoga,17:25,18:25,14,20,Alexandra Mandova,dynamicka posilovaci,Joga zeleny sal
11.06.2017 23:53,14.06.2017,Hot joga,18:00,19:30,0,30,Marketa  Samesova,dynamicka posilovaci,Hot-joga
13.06.2017 12:59,14.06.2017,Hot joga,18:00,19:30,1,30,Marketa  Samesova,dynamicka posilovaci,Hot-joga
14.06.2017 08:47,14.06.2017,Hot joga,18:00,19:30,2,30,Marketa  Samesova,dynamicka posilovaci,Hot-joga
11.06.2017 23:53,14.06.2017,Hatha joga - vedoma- harmonicka joga,18:30,20:00,0,20,Marie Kmochova,klidna protahovaci,Joga zeleny sal
13.06.2017 21:41,14.06.2017,Hatha joga - vedoma- harmonicka joga,18:30,20:00,1,20,Marie Kmochova,klidna protahovaci,Joga zeleny sal
14.06.2017 11:17,14.06.2017,Hatha joga - vedoma- harmonicka joga,18:30,20:00,2,20,Marie Kmochova,klidna protahovaci,Joga zeleny sal
14.06.2017 13:33,14.06.2017,Hatha joga - vedoma- harmonicka joga,18:30,20:00,3,20,Marie Kmochova,klidna protahovaci,Joga zeleny sal
14.06.2017 14:54,14.06.2017,Hatha joga - vedoma- harmonicka joga,18:30,20:00,4,20,Marie Kmochova,klidna protahovaci,Joga zeleny sal
14.06.2017 15:02,14.06.2017,Hatha joga - vedoma- harmonicka joga,18:30,20:00,5,20,Marie Kmochova,klidna protahovaci,Joga zeleny sal
14.06.2017 18:04,14.06.2017,Hatha joga - vedoma- harmonicka joga,18:30,20:00,7,20,Marie Kmochova,klidna protahovaci,Joga zeleny sal
14.06.2017 18:09,14.06.2017,Hatha joga - vedoma- harmonicka joga,18:30,20:00,8,20,Marie Kmochova,klidna protahovaci,Joga zeleny sal
14.06.2017 18:21,14.06.2017,Hatha joga - vedoma- harmonicka joga,18:30,20:00,9,20,Marie Kmochova,klidna protahovaci,Joga zeleny sal
11.06.2017 23:53,14.06.2017,Hot joga,19:45,21:15,1,30,Jarmila Kucmasova,zacatecnici,Hot-joga
14.06.2017 10:02,14.06.2017,Hot joga,19:45,21:15,3,30,Jarmila Kucmasova,zacatecnici,Hot-joga
14.06.2017 10:32,14.06.2017,Hot joga,19:45,21:15,2,30,Jarmila Kucmasova,zacatecnici,Hot-joga
14.06.2017 17:52,14.06.2017,Hot joga,19:45,21:15,4,30,Jarmila Kucmasova,zacatecnici,Hot-joga
11.06.2017 23:53,14.06.2017,Intenzivni kurz jogy - uzavreny kurz,20:05,21:35,0,0,Katka  Prymkova  CJ / EN,,Joga zeleny sal
11.06.2017 23:53,14.06.2017,Powerjoga,7:00,8:00,1,20,Veronika  Brozova CJ / EN,zacatecnici,Joga zeleny sal
12.06.2017 09:48,14.06.2017,Powerjoga,7:00,8:00,2,20,Veronika  Brozova CJ / EN,zacatecnici,Joga zeleny sal
12.06.2017 17:42,14.06.2017,Powerjoga,7:00,8:00,3,20,Veronika  Brozova CJ / EN,zacatecnici,Joga zeleny sal
13.06.2017 06:56,14.06.2017,Powerjoga,7:00,8:00,4,20,Veronika  Brozova CJ / EN,zacatecnici,Joga zeleny sal
13.06.2017 08:56,14.06.2017,Powerjoga,7:00,8:00,5,20,Veronika  Brozova CJ / EN,zacatecnici,Joga zeleny sal
13.06.2017 10:12,14.06.2017,Powerjoga,7:00,8:00,6,20,Veronika  Brozova CJ / EN,zacatecnici,Joga zeleny sal
13.06.2017 19:18,14.06.2017,Powerjoga,7:00,8:00,7,20,Veronika  Brozova CJ / EN,zacatecnici,Joga zeleny sal
13.06.2017 20:56,14.06.2017,Powerjoga,7:00,8:00,8,20,Veronika  Brozova CJ / EN,zacatecnici,Joga zeleny sal
14.06.2017 08:12,14.06.2017,Powerjoga,7:00,8:00,9,20,Veronika  Brozova CJ / EN,zacatecnici,Joga zeleny sal
14.06.2017 08:14,14.06.2017,Powerjoga,7:00,8:00,10,20,Veronika  Brozova CJ / EN,zacatecnici,Joga zeleny sal
11.06.2017 23:53,14.06.2017,Powerjoga,7:40,8:40,0,20,Silvie Cifrincova,dynamicka posilovaci,Joga modry sal
11.06.2017 23:53,14.06.2017,Hatha joga,8:45,9:45,1,20,Silvie Cifrincova,klidna protahovaci,Joga zeleny sal
11.06.2017 23:53,15.06.2017,Powerjoga,11:40,12:25,1,20,Marketa Makovska CJ / EN,dynamicka posilovaci,Joga zeleny sal
12.06.2017 10:18,15.06.2017,Powerjoga,11:40,12:25,2,20,Marketa Makovska CJ / EN,dynamicka posilovaci,Joga zeleny sal
13.06.2017 10:11,15.06.2017,Powerjoga,11:40,12:25,3,20,Marketa Makovska CJ / EN,dynamicka posilovaci,Joga zeleny sal
15.06.2017 09:58,15.06.2017,Powerjoga,11:40,12:25,4,20,Marketa Makovska CJ / EN,dynamicka posilovaci,Joga zeleny sal
11.06.2017 23:53,15.06.2017,Powerjoga,12:30,13:15,0,20,Marketa Makovska CJ / EN,zacatecnici,Joga zeleny sal
15.06.2017 09:05,15.06.2017,Powerjoga,12:30,13:15,1,20,Marketa Makovska CJ / EN,zacatecnici,Joga zeleny sal
15.06.2017 09:09,15.06.2017,Powerjoga,12:30,13:15,2,20,Marketa Makovska CJ / EN,zacatecnici,Joga zeleny sal
15.06.2017 11:21,15.06.2017,Powerjoga,12:30,13:15,3,20,Marketa Makovska CJ / EN,zacatecnici,Joga zeleny sal
15.06.2017 11:23,15.06.2017,Powerjoga,12:30,13:15,4,20,Marketa Makovska CJ / EN,zacatecnici,Joga zeleny sal
15.06.2017 12:14,15.06.2017,Powerjoga,12:30,13:15,5,20,Marketa Makovska CJ / EN,zacatecnici,Joga zeleny sal
11.06.2017 23:53,15.06.2017,Jemna joga,15:15,16:15,2,20,Lubica Vodvarkova,klidna protahovaci,Joga zeleny sal
12.06.2017 09:37,15.06.2017,Jemna joga,15:15,16:15,3,20,Lubica Vodvarkova,klidna protahovaci,Joga zeleny sal
12.06.2017 18:47,15.06.2017,Jemna joga,15:15,16:15,4,20,Lubica Vodvarkova,klidna protahovaci,Joga zeleny sal
13.06.2017 12:05,15.06.2017,Jemna joga,15:15,16:15,5,20,Lubica Vodvarkova,klidna protahovaci,Joga zeleny sal
15.06.2017 05:46,15.06.2017,Jemna joga,15:15,16:15,6,20,Lubica Vodvarkova,klidna protahovaci,Joga zeleny sal
11.06.2017 23:53,15.06.2017,Hatha joga,16:20,17:20,15,20,Lubica Vodvarkova,zacatecnici,Joga zeleny sal
12.06.2017 08:38,15.06.2017,Hatha joga,16:20,17:20,16,20,Lubica Vodvarkova,zacatecnici,Joga zeleny sal
12.06.2017 17:03,15.06.2017,Hatha joga,16:20,17:20,17,20,Lubica Vodvarkova,zacatecnici,Joga zeleny sal
14.06.2017 09:45,15.06.2017,Hatha joga,16:20,17:20,18,20,Lubica Vodvarkova,zacatecnici,Joga zeleny sal
15.06.2017 07:28,15.06.2017,Hatha joga,16:20,17:20,19,20,Lubica Vodvarkova,zacatecnici,Joga zeleny sal
15.06.2017 09:40,15.06.2017,Hatha joga,16:20,17:20,13,20,Lubica Vodvarkova,zacatecnici,Joga zeleny sal
15.06.2017 10:28,15.06.2017,Hatha joga,16:20,17:20,12,20,Lubica Vodvarkova,zacatecnici,Joga zeleny sal
15.06.2017 10:30,15.06.2017,Hatha joga,16:20,17:20,11,20,Lubica Vodvarkova,zacatecnici,Joga zeleny sal
15.06.2017 15:34,15.06.2017,Hatha joga,16:20,17:20,10,20,Lubica Vodvarkova,zacatecnici,Joga zeleny sal
11.06.2017 23:53,15.06.2017,Powerjoga,17:25,18:25,2,20,Karolina Chudobova,dynamicka posilovaci,Joga zeleny sal
12.06.2017 09:48,15.06.2017,Powerjoga,17:25,18:25,3,20,Karolina Chudobova,dynamicka posilovaci,Joga zeleny sal
13.06.2017 09:47,15.06.2017,Powerjoga,17:25,18:25,4,20,Karolina Chudobova,dynamicka posilovaci,Joga zeleny sal
13.06.2017 21:30,15.06.2017,Powerjoga,17:25,18:25,5,20,Karolina Chudobova,dynamicka posilovaci,Joga zeleny sal
14.06.2017 08:35,15.06.2017,Powerjoga,17:25,18:25,6,20,Karolina Chudobova,dynamicka posilovaci,Joga zeleny sal
14.06.2017 10:38,15.06.2017,Powerjoga,17:25,18:25,7,20,Karolina Chudobova,dynamicka posilovaci,Joga zeleny sal
14.06.2017 20:51,15.06.2017,Powerjoga,17:25,18:25,8,20,Karolina Chudobova,dynamicka posilovaci,Joga zeleny sal
15.06.2017 10:00,15.06.2017,Powerjoga,17:25,18:25,9,20,Karolina Chudobova,dynamicka posilovaci,Joga zeleny sal
15.06.2017 13:05,15.06.2017,Powerjoga,17:25,18:25,10,20,Karolina Chudobova,dynamicka posilovaci,Joga zeleny sal
15.06.2017 16:19,15.06.2017,Powerjoga,17:25,18:25,11,20,Karolina Chudobova,dynamicka posilovaci,Joga zeleny sal
11.06.2017 23:53,15.06.2017,Hot joga,18:00,19:30,0,30,Andrea Hraskova,zacatecnici,Hot-joga
12.06.2017 09:53,15.06.2017,Hot joga,18:00,19:30,2,30,Andrea Hraskova,zacatecnici,Hot-joga
12.06.2017 12:15,15.06.2017,Hot joga,18:00,19:30,3,30,Andrea Hraskova,zacatecnici,Hot-joga
12.06.2017 18:37,15.06.2017,Hot joga,18:00,19:30,4,30,Andrea Hraskova,zacatecnici,Hot-joga
13.06.2017 14:20,15.06.2017,Hot joga,18:00,19:30,5,30,Andrea Hraskova,zacatecnici,Hot-joga
13.06.2017 22:33,15.06.2017,Hot joga,18:00,19:30,6,30,Andrea Hraskova,zacatecnici,Hot-joga
14.06.2017 10:20,15.06.2017,Hot joga,18:00,19:30,7,30,Andrea Hraskova,zacatecnici,Hot-joga
11.06.2017 23:53,15.06.2017,Gravid joga,18:30,19:30,0,20,Karolina Chudobova,zdravotni,Joga zeleny sal
12.06.2017 16:52,15.06.2017,Gravid joga,18:30,19:30,1,20,Karolina Chudobova,zdravotni,Joga zeleny sal
13.06.2017 15:42,15.06.2017,Gravid joga,18:30,19:30,2,20,Karolina Chudobova,zdravotni,Joga zeleny sal
14.06.2017 10:04,15.06.2017,Gravid joga,18:30,19:30,3,20,Karolina Chudobova,zdravotni,Joga zeleny sal
14.06.2017 12:28,15.06.2017,Gravid joga,18:30,19:30,4,20,Karolina Chudobova,zdravotni,Joga zeleny sal
15.06.2017 13:21,15.06.2017,Gravid joga,18:30,19:30,5,20,Karolina Chudobova,zdravotni,Joga zeleny sal
11.06.2017 23:53,15.06.2017,Jemna joga,19:35,20:35,4,20,Karolina Chudobova,klidna protahovaci,Joga zeleny sal
14.06.2017 13:33,15.06.2017,Jemna joga,19:35,20:35,5,20,Karolina Chudobova,klidna protahovaci,Joga zeleny sal
14.06.2017 21:28,15.06.2017,Jemna joga,19:35,20:35,6,20,Karolina Chudobova,klidna protahovaci,Joga zeleny sal
15.06.2017 10:16,15.06.2017,Jemna joga,19:35,20:35,7,20,Karolina Chudobova,klidna protahovaci,Joga zeleny sal
15.06.2017 12:24,15.06.2017,Jemna joga,19:35,20:35,8,20,Karolina Chudobova,klidna protahovaci,Joga zeleny sal
15.06.2017 16:10,15.06.2017,Jemna joga,19:35,20:35,9,20,Karolina Chudobova,klidna protahovaci,Joga zeleny sal
15.06.2017 17:26,15.06.2017,Jemna joga,19:35,20:35,10,20,Karolina Chudobova,klidna protahovaci,Joga zeleny sal
15.06.2017 18:28,15.06.2017,Jemna joga,19:35,20:35,11,20,Karolina Chudobova,klidna protahovaci,Joga zeleny sal
15.06.2017 18:34,15.06.2017,Jemna joga,19:35,20:35,13,20,Karolina Chudobova,klidna protahovaci,Joga zeleny sal
15.06.2017 19:04,15.06.2017,Jemna joga,19:35,20:35,14,20,Karolina Chudobova,klidna protahovaci,Joga zeleny sal
15.06.2017 19:17,15.06.2017,Jemna joga,19:35,20:35,15,20,Karolina Chudobova,klidna protahovaci,Joga zeleny sal
11.06.2017 23:53,15.06.2017,Hot joga,19:45,21:15,0,30,Andrea Hraskova,klidna protahovaci,Hot-joga
13.06.2017 16:34,15.06.2017,Hot joga,19:45,21:15,1,30,Andrea Hraskova,klidna protahovaci,Hot-joga
11.06.2017 23:53,15.06.2017,Powerjoga,7:00,8:00,7,20,Alexandra Mandova,dynamicka posilovaci,Joga zeleny sal
13.06.2017 06:56,15.06.2017,Powerjoga,7:00,8:00,8,20,Alexandra Mandova,dynamicka posilovaci,Joga zeleny sal
14.06.2017 19:21,15.06.2017,Powerjoga,7:00,8:00,9,20,Alexandra Mandova,dynamicka posilovaci,Joga zeleny sal
14.06.2017 21:59,15.06.2017,Powerjoga,7:00,8:00,10,20,Alexandra Mandova,dynamicka posilovaci,Joga zeleny sal
14.06.2017 22:46,15.06.2017,Powerjoga,7:00,8:00,11,20,Alexandra Mandova,dynamicka posilovaci,Joga zeleny sal
11.06.2017 23:53,15.06.2017,Jemna joga,8:00,9:00,1,30,Blanka Lorencova,zacatecnici,Joga modry sal
12.06.2017 09:05,15.06.2017,Jemna joga,8:00,9:00,2,30,Blanka Lorencova,zacatecnici,Joga modry sal
14.06.2017 06:15,15.06.2017,Jemna joga,8:00,9:00,3,30,Blanka Lorencova,zacatecnici,Joga modry sal
14.06.2017 21:43,15.06.2017,Jemna joga,8:00,9:00,4,30,Blanka Lorencova,zacatecnici,Joga modry sal
15.06.2017 07:33,15.06.2017,Jemna joga,8:00,9:00,5,30,Blanka Lorencova,zacatecnici,Joga modry sal
15.06.2017 07:34,15.06.2017,Jemna joga,8:00,9:00,6,30,Blanka Lorencova,zacatecnici,Joga modry sal
15.06.2017 07:35,15.06.2017,Jemna joga,8:00,9:00,7,30,Blanka Lorencova,zacatecnici,Joga modry sal
15.06.2017 07:43,15.06.2017,Jemna joga,8:00,9:00,8,30,Blanka Lorencova,zacatecnici,Joga modry sal
15.06.2017 07:48,15.06.2017,Jemna joga,8:00,9:00,9,30,Blanka Lorencova,zacatecnici,Joga modry sal
15.06.2017 08:42,15.06.2017,Jemna joga,8:00,9:00,10,30,Blanka Lorencova,zacatecnici,Joga modry sal
11.06.2017 23:53,15.06.2017,Hatha joga - vhodna i pro zacatecniky,8:05,8:50,0,20,Alexandra Mandova,klidna protahovaci,Joga zeleny sal
14.06.2017 18:27,15.06.2017,Hatha joga - vhodna i pro zacatecniky,8:05,8:50,1,20,Alexandra Mandova,klidna protahovaci,Joga zeleny sal
14.06.2017 22:06,15.06.2017,Hatha joga - vhodna i pro zacatecniky,8:05,8:50,2,20,Alexandra Mandova,klidna protahovaci,Joga zeleny sal
11.06.2017 23:53,15.06.2017,Zdrava zada,9:05,10:05,0,30,Blanka Lorencova,zdravotni,Joga modry sal
14.06.2017 21:43,15.06.2017,Zdrava zada,9:05,10:05,1,30,Blanka Lorencova,zdravotni,Joga modry sal
14.06.2017 22:16,15.06.2017,Zdrava zada,9:05,10:05,2,30,Blanka Lorencova,zdravotni,Joga modry sal
15.06.2017 07:30,15.06.2017,Zdrava zada,9:05,10:05,3,30,Blanka Lorencova,zdravotni,Joga modry sal
15.06.2017 07:35,15.06.2017,Zdrava zada,9:05,10:05,5,30,Blanka Lorencova,zdravotni,Joga modry sal
15.06.2017 07:48,15.06.2017,Zdrava zada,9:05,10:05,6,30,Blanka Lorencova,zdravotni,Joga modry sal
15.06.2017 07:56,15.06.2017,Zdrava zada,9:05,10:05,7,30,Blanka Lorencova,zdravotni,Joga modry sal
15.06.2017 08:29,15.06.2017,Zdrava zada,9:05,10:05,8,30,Blanka Lorencova,zdravotni,Joga modry sal
15.06.2017 08:39,15.06.2017,Zdrava zada,9:05,10:05,9,30,Blanka Lorencova,zdravotni,Joga modry sal
15.06.2017 08:44,15.06.2017,Zdrava zada,9:05,10:05,10,30,Blanka Lorencova,zdravotni,Joga modry sal
15.06.2017 08:50,15.06.2017,Zdrava zada,9:05,10:05,11,30,Blanka Lorencova,zdravotni,Joga modry sal
11.06.2017 23:53,16.06.2017,Hot joga,10:00,11:00,0,30,Vera Vojtechova,zacatecnici,Hot-joga
11.06.2017 23:53,16.06.2017,Joga pro zdrava zada - vhodna pro zacatecniky,10:15,11:15,0,20,Silvie Cifrincova,zdravotni,Joga zeleny sal
13.06.2017 19:11,16.06.2017,Joga pro zdrava zada - vhodna pro zacatecniky,10:15,11:15,1,20,Silvie Cifrincova,zdravotni,Joga zeleny sal
11.06.2017 23:53,16.06.2017,Jogova terapie - sal je mirne vyhraty,11:15,12:15,4,20,Vera Vojtechova,zdravotni,Joga modry sal
12.06.2017 09:38,16.06.2017,Jogova terapie - sal je mirne vyhraty,11:15,12:15,5,20,Vera Vojtechova,zdravotni,Joga modry sal
15.06.2017 17:28,16.06.2017,Jogova terapie - sal je mirne vyhraty,11:15,12:15,5,20,Martina Koralova,zdravotni,Joga modry sal
11.06.2017 23:53,16.06.2017,Powerjoga,11:25,12:10,1,20,Tomas  Helbig,zacatecnici,Joga zeleny sal
16.06.2017 08:14,16.06.2017,Powerjoga,11:25,12:10,3,20,Tomas  Helbig,zacatecnici,Joga zeleny sal
16.06.2017 08:42,16.06.2017,Powerjoga,11:25,12:10,4,20,Tomas  Helbig,zacatecnici,Joga zeleny sal
16.06.2017 08:43,16.06.2017,Powerjoga,11:25,12:10,5,20,Tomas  Helbig,zacatecnici,Joga zeleny sal
16.06.2017 09:16,16.06.2017,Powerjoga,11:25,12:10,6,20,Tomas  Helbig,zacatecnici,Joga zeleny sal
16.06.2017 09:22,16.06.2017,Powerjoga,11:25,12:10,7,20,Tomas  Helbig,zacatecnici,Joga zeleny sal
16.06.2017 10:11,16.06.2017,Powerjoga,11:25,12:10,8,20,Tomas  Helbig,zacatecnici,Joga zeleny sal
16.06.2017 10:37,16.06.2017,Powerjoga,11:25,12:10,9,20,Tomas  Helbig,zacatecnici,Joga zeleny sal
11.06.2017 23:53,16.06.2017,Powerjoga,12:15,13:00,0,20,Tomas  Helbig,dynamicka posilovaci,Joga zeleny sal
12.06.2017 10:18,16.06.2017,Powerjoga,12:15,13:00,1,20,Tomas  Helbig,dynamicka posilovaci,Joga zeleny sal
14.06.2017 12:25,16.06.2017,Powerjoga,12:15,13:00,2,20,Tomas  Helbig,dynamicka posilovaci,Joga zeleny sal
14.06.2017 12:46,16.06.2017,Powerjoga,12:15,13:00,3,20,Tomas  Helbig,dynamicka posilovaci,Joga zeleny sal
16.06.2017 08:50,16.06.2017,Powerjoga,12:15,13:00,4,20,Tomas  Helbig,dynamicka posilovaci,Joga zeleny sal
16.06.2017 09:12,16.06.2017,Powerjoga,12:15,13:00,5,20,Tomas  Helbig,dynamicka posilovaci,Joga zeleny sal
16.06.2017 09:34,16.06.2017,Powerjoga,12:15,13:00,6,20,Tomas  Helbig,dynamicka posilovaci,Joga zeleny sal
16.06.2017 10:59,16.06.2017,Powerjoga,12:15,13:00,7,20,Tomas  Helbig,dynamicka posilovaci,Joga zeleny sal
16.06.2017 11:10,16.06.2017,Powerjoga,12:15,13:00,8,20,Tomas  Helbig,dynamicka posilovaci,Joga zeleny sal
16.06.2017 11:56,16.06.2017,Powerjoga,12:15,13:00,9,20,Tomas  Helbig,dynamicka posilovaci,Joga zeleny sal
16.06.2017 12:01,16.06.2017,Powerjoga,12:15,13:00,10,20,Tomas  Helbig,dynamicka posilovaci,Joga zeleny sal
16.06.2017 12:05,16.06.2017,Powerjoga,12:15,13:00,11,20,Tomas  Helbig,dynamicka posilovaci,Joga zeleny sal
11.06.2017 23:53,16.06.2017,Joga pro zdrava zada,15:15,16:15,0,20,Katerina  Kornova,zdravotni,Joga zeleny sal
15.06.2017 14:02,16.06.2017,Joga pro zdrava zada,15:15,16:15,1,20,Katerina  Kornova,zdravotni,Joga zeleny sal
15.06.2017 18:06,16.06.2017,Joga pro zdrava zada,15:15,16:15,2,20,Katerina  Kornova,zdravotni,Joga zeleny sal
11.06.2017 23:53,16.06.2017,Jemna joga,16:20,17:20,0,20,Katerina  Kornova,klidna protahovaci,Joga zeleny sal
15.06.2017 22:08,16.06.2017,Jemna joga,16:20,17:20,1,20,Katerina  Kornova,klidna protahovaci,Joga zeleny sal
11.06.2017 23:53,16.06.2017,Powerjoga,17:25,18:25,1,20,Hana Hruskova CJ / EN,dynamicka posilovaci,Joga zeleny sal
13.06.2017 16:36,16.06.2017,Powerjoga,17:25,18:25,2,20,Hana Hruskova CJ / EN,dynamicka posilovaci,Joga zeleny sal
14.06.2017 19:36,16.06.2017,Powerjoga,17:25,18:25,3,20,Hana Hruskova CJ / EN,dynamicka posilovaci,Joga zeleny sal
16.06.2017 15:15,16.06.2017,Powerjoga,17:25,18:25,5,20,Hana Hruskova CJ / EN,dynamicka posilovaci,Joga zeleny sal
16.06.2017 17:04,16.06.2017,Powerjoga,17:25,18:25,6,20,Hana Hruskova CJ / EN,dynamicka posilovaci,Joga zeleny sal
16.06.2017 17:07,16.06.2017,Powerjoga,17:25,18:25,7,20,Hana Hruskova CJ / EN,dynamicka posilovaci,Joga zeleny sal
11.06.2017 23:53,16.06.2017,Ashtanga joga - vhodna i pro zacatecniky,18:30,20:00,2,20,Hana Hruskova CJ / EN,zacatecnici,Joga zeleny sal
12.06.2017 23:11,16.06.2017,Ashtanga joga - vhodna i pro zacatecniky,18:30,20:00,1,20,Hana Hruskova CJ / EN,zacatecnici,Joga zeleny sal
15.06.2017 09:29,16.06.2017,Ashtanga joga - vhodna i pro zacatecniky,18:30,20:00,3,20,Hana Hruskova CJ / EN,zacatecnici,Joga zeleny sal
15.06.2017 09:44,16.06.2017,Ashtanga joga - vhodna i pro zacatecniky,18:30,20:00,4,20,Hana Hruskova CJ / EN,zacatecnici,Joga zeleny sal
15.06.2017 10:26,16.06.2017,Ashtanga joga - vhodna i pro zacatecniky,18:30,20:00,5,20,Hana Hruskova CJ / EN,zacatecnici,Joga zeleny sal
15.06.2017 21:48,16.06.2017,Ashtanga joga - vhodna i pro zacatecniky,18:30,20:00,6,20,Hana Hruskova CJ / EN,zacatecnici,Joga zeleny sal
16.06.2017 08:54,16.06.2017,Ashtanga joga - vhodna i pro zacatecniky,18:30,20:00,7,20,Hana Hruskova CJ / EN,zacatecnici,Joga zeleny sal
16.06.2017 14:40,16.06.2017,Ashtanga joga - vhodna i pro zacatecniky,18:30,20:00,8,20,Hana Hruskova CJ / EN,zacatecnici,Joga zeleny sal
16.06.2017 15:37,16.06.2017,Ashtanga joga - vhodna i pro zacatecniky,18:30,20:00,9,20,Hana Hruskova CJ / EN,zacatecnici,Joga zeleny sal
16.06.2017 16:50,16.06.2017,Ashtanga joga - vhodna i pro zacatecniky,18:30,20:00,10,20,Hana Hruskova CJ / EN,zacatecnici,Joga zeleny sal
16.06.2017 17:09,16.06.2017,Ashtanga joga - vhodna i pro zacatecniky,18:30,20:00,11,20,Hana Hruskova CJ / EN,zacatecnici,Joga zeleny sal
11.06.2017 23:53,16.06.2017,Hatha joga,7:00,8:00,2,20,Alexandra Mandova,zacatecnici,Joga zeleny sal
12.06.2017 09:49,16.06.2017,Hatha joga,7:00,8:00,3,20,Alexandra Mandova,zacatecnici,Joga zeleny sal
15.06.2017 20:43,16.06.2017,Hatha joga,7:00,8:00,4,20,Alexandra Mandova,zacatecnici,Joga zeleny sal
16.06.2017 06:34,16.06.2017,Hatha joga,7:00,8:00,1,20,Alexandra Mandova,zacatecnici,Joga zeleny sal
11.06.2017 23:53,16.06.2017,Jemna joga,8:05,8:50,1,20,Alexandra Mandova,klidna protahovaci,Joga zeleny sal
15.06.2017 12:39,16.06.2017,Jemna joga,8:05,8:50,2,20,Alexandra Mandova,klidna protahovaci,Joga zeleny sal
15.06.2017 21:58,16.06.2017,Jemna joga,8:05,8:50,3,20,Alexandra Mandova,klidna protahovaci,Joga zeleny sal
11.06.2017 23:53,16.06.2017,Powerjoga,9:10,10:10,0,20,Silvie Cifrincova,dynamicka posilovaci,Joga zeleny sal
14.06.2017 09:03,16.06.2017,Powerjoga,9:10,10:10,1,20,Silvie Cifrincova,dynamicka posilovaci,Joga zeleny sal
15.06.2017 17:29,16.06.2017,Jogova terapie - sal je mirne vyhraty,ZASKOK 11:15,12:15,5,20,Martina Koralova,zdravotni,Joga modry sal
15.06.2017 18:20,16.06.2017,Jogova terapie - sal je mirne vyhraty,ZASKOK 11:15,12:15,6,20,Martina Koralova,zdravotni,Joga modry sal
15.06.2017 19:40,16.06.2017,Jogova terapie - sal je mirne vyhraty,ZASKOK 11:15,12:15,4,20,Martina Koralova,zdravotni,Joga modry sal
16.06.2017 12:48,16.06.2017,Jogova terapie - sal je mirne vyhraty,ZASKOK 11:15,12:15,7,20,Martina Koralova,zdravotni,Joga modry sal
11.06.2017 23:53,17.06.2017,Powerjoga,10:20,11:20,0,20,Martina Dvorakova,dynamicka posilovaci,Joga zeleny sal
14.06.2017 12:21,17.06.2017,Powerjoga,10:20,11:20,1,20,Martina Dvorakova,dynamicka posilovaci,Joga zeleny sal
16.06.2017 14:49,17.06.2017,Powerjoga,10:20,11:20,2,20,Martina Dvorakova,dynamicka posilovaci,Joga zeleny sal
16.06.2017 19:10,17.06.2017,Powerjoga,10:20,11:20,3,20,Martina Dvorakova,dynamicka posilovaci,Joga zeleny sal
16.06.2017 19:40,17.06.2017,Powerjoga,10:20,11:20,4,20,Martina Dvorakova,dynamicka posilovaci,Joga zeleny sal
16.06.2017 19:41,17.06.2017,Powerjoga,10:20,11:20,5,20,Martina Dvorakova,dynamicka posilovaci,Joga zeleny sal
17.06.2017 08:26,17.06.2017,Powerjoga,10:20,11:20,6,20,Martina Dvorakova,dynamicka posilovaci,Joga zeleny sal
17.06.2017 08:56,17.06.2017,Powerjoga,10:20,11:20,7,20,Martina Dvorakova,dynamicka posilovaci,Joga zeleny sal
17.06.2017 09:34,17.06.2017,Powerjoga,10:20,11:20,8,20,Martina Dvorakova,dynamicka posilovaci,Joga zeleny sal
17.06.2017 09:38,17.06.2017,Powerjoga,10:20,11:20,9,20,Martina Dvorakova,dynamicka posilovaci,Joga zeleny sal
17.06.2017 10:08,17.06.2017,Powerjoga,10:20,11:20,10,20,Martina Dvorakova,dynamicka posilovaci,Joga zeleny sal
11.06.2017 23:53,17.06.2017,Hatha joga,11:30,13:00,0,20,Martina Koralova,zacatecnici,Joga zeleny sal
12.06.2017 16:12,17.06.2017,Hatha joga,11:30,13:00,1,20,Martina Koralova,zacatecnici,Joga zeleny sal
15.06.2017 20:02,17.06.2017,Hatha joga,11:30,13:00,2,20,Martina Koralova,zacatecnici,Joga zeleny sal
15.06.2017 20:09,17.06.2017,Hatha joga,11:30,13:00,3,20,Martina Koralova,zacatecnici,Joga zeleny sal
16.06.2017 14:04,17.06.2017,Hatha joga,11:30,13:00,4,20,Martina Koralova,zacatecnici,Joga zeleny sal
16.06.2017 19:40,17.06.2017,Hatha joga,11:30,13:00,5,20,Martina Koralova,zacatecnici,Joga zeleny sal
16.06.2017 21:50,17.06.2017,Hatha joga,11:30,13:00,6,20,Martina Koralova,zacatecnici,Joga zeleny sal
17.06.2017 08:10,17.06.2017,Hatha joga,11:30,13:00,7,20,Martina Koralova,zacatecnici,Joga zeleny sal
17.06.2017 09:33,17.06.2017,Hatha joga,11:30,13:00,8,20,Martina Koralova,zacatecnici,Joga zeleny sal
17.06.2017 10:16,17.06.2017,Hatha joga,11:30,13:00,9,20,Martina Koralova,zacatecnici,Joga zeleny sal
17.06.2017 11:26,17.06.2017,Hatha joga,11:30,13:00,10,20,Martina Koralova,zacatecnici,Joga zeleny sal
17.06.2017 11:28,17.06.2017,Hatha joga,11:30,13:00,11,20,Martina Koralova,zacatecnici,Joga zeleny sal
17.06.2017 11:29,17.06.2017,Hatha joga,11:30,13:00,12,20,Martina Koralova,zacatecnici,Joga zeleny sal
11.06.2017 23:53,17.06.2017,Zaciname s jogou - Kurz zakladu vinyasy,13:05,14:35,0,20,Martina Koralova,,Joga zeleny sal
11.06.2017 23:53,17.06.2017,Powerjoga,15:50,16:50,1,20,Veronika  Brozova CJ / EN,dynamicka posilovaci,Joga zeleny sal
15.06.2017 18:15,17.06.2017,Powerjoga,15:50,16:50,0,20,Veronika  Brozova CJ / EN,dynamicka posilovaci,Joga zeleny sal
11.06.2017 23:53,17.06.2017,SEMINAR GRAVID JOGY,16:00,19:00,0,20,Karolina Chudobova,zdravotni,Joga modry sal
12.06.2017 15:55,17.06.2017,SEMINAR GRAVID JOGY,16:00,19:00,1,20,Karolina Chudobova,zdravotni,Joga modry sal
11.06.2017 23:53,17.06.2017,Jemna joga,17:00,18:30,0,20,Veronika  Brozova CJ / EN,klidna protahovaci,Joga zeleny sal
11.06.2017 23:53,17.06.2017,Hatha joga,9:15,10:15,0,20,Martina Dvorakova,klidna protahovaci,Joga zeleny sal
12.06.2017 17:01,17.06.2017,Hatha joga,9:15,10:15,1,20,Martina Dvorakova,klidna protahovaci,Joga zeleny sal
14.06.2017 07:52,17.06.2017,Hatha joga,9:15,10:15,2,20,Martina Dvorakova,klidna protahovaci,Joga zeleny sal
15.06.2017 10:54,17.06.2017,Hatha joga,9:15,10:15,3,20,Martina Dvorakova,klidna protahovaci,Joga zeleny sal
17.06.2017 08:08,17.06.2017,Hatha joga,9:15,10:15,4,20,Martina Dvorakova,klidna protahovaci,Joga zeleny sal
17.06.2017 08:27,17.06.2017,Hatha joga,9:15,10:15,5,20,Martina Dvorakova,klidna protahovaci,Joga zeleny sal
17.06.2017 08:47,17.06.2017,Hatha joga,9:15,10:15,6,20,Martina Dvorakova,klidna protahovaci,Joga zeleny sal
17.06.2017 09:10,17.06.2017,Hatha joga,9:15,10:15,8,20,Martina Dvorakova,klidna protahovaci,Joga zeleny sal
11.06.2017 23:53,18.06.2017,Joga pro zdrava zada,16:05,17:05,0,20,Tomas  Helbig,zdravotni,Joga zeleny sal
15.06.2017 18:03,18.06.2017,Joga pro zdrava zada,16:05,17:05,1,20,Tomas  Helbig,zdravotni,Joga zeleny sal
18.06.2017 10:42,18.06.2017,Joga pro zdrava zada,16:05,17:05,2,20,Tomas  Helbig,zdravotni,Joga zeleny sal
18.06.2017 10:43,18.06.2017,Joga pro zdrava zada,16:05,17:05,3,20,Tomas  Helbig,zdravotni,Joga zeleny sal
18.06.2017 10:44,18.06.2017,Joga pro zdrava zada,16:05,17:05,4,20,Tomas  Helbig,zdravotni,Joga zeleny sal
11.06.2017 23:53,18.06.2017,Hatha joga,17:10,18:10,0,20,Tomas  Helbig,klidna protahovaci,Joga zeleny sal
12.06.2017 23:14,18.06.2017,Hatha joga,17:10,18:10,1,20,Tomas  Helbig,klidna protahovaci,Joga zeleny sal
13.06.2017 10:48,18.06.2017,Hatha joga,17:10,18:10,3,20,Tomas  Helbig,klidna protahovaci,Joga zeleny sal
16.06.2017 07:55,18.06.2017,Hatha joga,17:10,18:10,4,20,Tomas  Helbig,klidna protahovaci,Joga zeleny sal
16.06.2017 13:49,18.06.2017,Hatha joga,17:10,18:10,5,20,Tomas  Helbig,klidna protahovaci,Joga zeleny sal
17.06.2017 10:54,18.06.2017,Hatha joga,17:10,18:10,6,20,Tomas  Helbig,klidna protahovaci,Joga zeleny sal
17.06.2017 11:05,18.06.2017,Hatha joga,17:10,18:10,7,20,Tomas  Helbig,klidna protahovaci,Joga zeleny sal
18.06.2017 15:01,18.06.2017,Hatha joga,17:10,18:10,8,20,Tomas  Helbig,klidna protahovaci,Joga zeleny sal
18.06.2017 15:54,18.06.2017,Hatha joga,17:10,18:10,9,20,Tomas  Helbig,klidna protahovaci,Joga zeleny sal
18.06.2017 16:47,18.06.2017,Hatha joga,17:10,18:10,10,20,Tomas  Helbig,klidna protahovaci,Joga zeleny sal
18.06.2017 16:55,18.06.2017,Hatha joga,17:10,18:10,11,20,Tomas  Helbig,klidna protahovaci,Joga zeleny sal
11.06.2017 23:53,18.06.2017,Hot joga,18:00,19:30,0,30,Veronika  Brozova CJ / EN,zacatecnici,Hot-joga
15.06.2017 09:32,18.06.2017,Hot joga,18:00,19:30,1,30,Veronika  Brozova CJ / EN,zacatecnici,Hot-joga
15.06.2017 12:49,18.06.2017,Hot joga,18:00,19:30,2,30,Veronika  Brozova CJ / EN,zacatecnici,Hot-joga
15.06.2017 14:02,18.06.2017,Hot joga,18:00,19:30,3,30,Veronika  Brozova CJ / EN,zacatecnici,Hot-joga
15.06.2017 15:23,18.06.2017,Hot joga,18:00,19:30,4,30,Veronika  Brozova CJ / EN,zacatecnici,Hot-joga
16.06.2017 18:09,18.06.2017,Hot joga,18:00,19:30,5,30,Veronika  Brozova CJ / EN,zacatecnici,Hot-joga
16.06.2017 21:41,18.06.2017,Hot joga,18:00,19:30,6,30,Veronika  Brozova CJ / EN,zacatecnici,Hot-joga
18.06.2017 13:55,18.06.2017,Hot joga,18:00,19:30,7,30,Veronika  Brozova CJ / EN,zacatecnici,Hot-joga
11.06.2017 23:53,18.06.2017,Powerjoga - vhodna i pro zacatecniky,18:15,19:45,20,20,Petra Tomkova,dynamicka posilovaci,Joga zeleny sal
18.06.2017 04:43,18.06.2017,Powerjoga - vhodna i pro zacatecniky,18:15,19:45,19,20,Petra Tomkova,dynamicka posilovaci,Joga zeleny sal
18.06.2017 13:28,18.06.2017,Powerjoga - vhodna i pro zacatecniky,18:15,19:45,18,20,Petra Tomkova,dynamicka posilovaci,Joga zeleny sal
11.06.2017 23:53,18.06.2017,Intenzivni kurz jogy - uzavreny kurz,20:05,21:35,0,0,Katka  Prymkova  CJ / EN,,Joga zeleny sal
18.06.2017 23:51,19.06.2017,Joga pro zdrava zada - vhodna pro zacatecniky,10:15,11:15,3,20,Silvie Cifrincova,zdravotni,Joga zeleny sal
19.06.2017 07:20,19.06.2017,Joga pro zdrava zada - vhodna pro zacatecniky,10:15,11:15,2,20,Silvie Cifrincova,zdravotni,Joga zeleny sal
18.06.2017 23:51,19.06.2017,Power joga,11:25,12:10,0,20,Tomas  Helbig,dynamicka posilovaci,Joga zeleny sal
18.06.2017 23:51,19.06.2017,Hatha joga,11:30,12:30,1,30,Silvie Cifrincova,klidna protahovaci,Joga modry sal
18.06.2017 23:51,19.06.2017,Powerjoga,12:15,13:00,0,20,Tomas  Helbig,zacatecnici,Joga zeleny sal
18.06.2017 23:51,19.06.2017,Jemna joga,15:05,16:05,2,20,Vera Vojtechova,klidna protahovaci,Joga zeleny sal
18.06.2017 23:51,19.06.2017,Joga pro zdrava zada - vhodna pro zacatecniky,16:10,17:10,2,20,Vera Vojtechova,zdravotni,Joga zeleny sal
18.06.2017 23:51,19.06.2017,Hot joga,16:40,17:40,2,30,Veronika  Brozova CJ / EN,zacatecnici,Hot-joga
18.06.2017 23:51,19.06.2017,Ashtanga joga,17:20,18:50,4,20,Tomas  Helbig,dynamicka posilovaci,Joga zeleny sal
18.06.2017 23:51,19.06.2017,Hot joga,18:00,19:30,6,30,Monika Stuart,klidna protahovaci,Hot-joga
18.06.2017 23:51,19.06.2017,Hatha joga,18:55,19:55,2,20,Tomas  Helbig,klidna protahovaci,Joga zeleny sal
18.06.2017 23:51,19.06.2017,Hot joga,19:45,20:45,4,30,Monika Stuart,dynamicka posilovaci,Hot-joga
18.06.2017 23:51,19.06.2017,Powerjoga,7:00,8:00,3,20,Andrea Hraskova,zacatecnici,Joga zeleny sal
19.06.2017 05:29,19.06.2017,Powerjoga,7:00,8:00,2,20,Andrea Hraskova,zacatecnici,Joga zeleny sal
19.06.2017 06:23,19.06.2017,Powerjoga,7:00,8:00,4,20,Andrea Hraskova,zacatecnici,Joga zeleny sal
19.06.2017 06:26,19.06.2017,Powerjoga,7:00,8:00,5,20,Andrea Hraskova,zacatecnici,Joga zeleny sal
18.06.2017 23:51,19.06.2017,Hatha joga - vhodna i pro zacatecniky,8:05,8:50,1,20,Andrea Hraskova,klidna protahovaci,Joga zeleny sal
18.06.2017 23:51,20.06.2017,Jemna joga,10:20,11:20,0,20,Katerina  Kornova,klidna protahovaci,Joga zeleny sal
18.06.2017 23:51,20.06.2017,Joga pro seniory,10:35,11:35,0,30,Blanka Lorencova,klidna protahovaci,Joga modry sal
18.06.2017 23:51,20.06.2017,Joga pro zdrava zada,11:25,12:10,1,20,Katerina  Kornova,zdravotni,Joga zeleny sal
18.06.2017 23:51,20.06.2017,Powerjoga,11:40,12:25,0,30,Karolina Chudobova,zacatecnici,Joga modry sal
18.06.2017 23:51,20.06.2017,Joga pro zdrava zada,12:15,13:00,0,20,Katerina  Kornova,zdravotni,Joga zeleny sal
18.06.2017 23:51,20.06.2017,Powerjoga,12:30,13:15,1,30,Karolina Chudobova,dynamicka posilovaci,Joga modry sal
18.06.2017 23:51,20.06.2017,Powerjoga,15:15,16:15,0,20,Alexandra Mandova,dynamicka posilovaci,Joga zeleny sal
18.06.2017 23:51,20.06.2017,Hatha joga,16:20,17:20,17,20,Lubica Vodvarkova,klidna protahovaci,Joga zeleny sal
18.06.2017 23:51,20.06.2017,Hot joga,16:40,17:40,1,30,Alexandra Mandova,zacatecnici,Hot-joga
18.06.2017 23:51,20.06.2017,Jemna joga,17:25,18:25,17,20,Lubica Vodvarkova,zacatecnici,Joga zeleny sal
18.06.2017 23:51,20.06.2017,Hot joga - vhodna i pro zacatecniky,18:00,19:30,3,30,Petr  Cmund,dynamicka posilovaci,Hot-joga
18.06.2017 23:51,20.06.2017,Gravid joga,18:30,19:30,3,20,Hana Stepanova,zdravotni,Joga zeleny sal
18.06.2017 23:51,20.06.2017,Kurz powerjogy pro zacatecniky - uzavreny kurz,19:40,21:10,0,0,Marketa Makovska CJ / EN,,Joga zeleny sal
18.06.2017 23:51,20.06.2017,Kurz jogy pro zacatecniky - uzavreny kurz,19:45,21:15,0,0,Richard Holicky,,Joga modry sal
18.06.2017 23:51,20.06.2017,Powerjoga,7:00,8:00,1,20,Hana Hruskova CJ / EN,dynamicka posilovaci,Joga zeleny sal
19.06.2017 05:14,20.06.2017,Powerjoga,7:00,8:00,2,20,Hana Hruskova CJ / EN,dynamicka posilovaci,Joga zeleny sal
18.06.2017 23:51,20.06.2017,Powerjoga,8:05,9:05,1,20,Hana Hruskova CJ / EN,zacatecnici,Joga zeleny sal
18.06.2017 23:51,21.06.2017,Kurz jogy pro zacatecniky - uzavreny kurz,10:00,11:30,0,0,Richard Holicky,,Joga zeleny sal
18.06.2017 23:51,21.06.2017,Jemna joga - vhodna i pro seniory,10:15,11:15,0,30,Daniela  Fremuntova,klidna protahovaci,Joga modry sal
18.06.2017 23:51,21.06.2017,Powerjoga,11:25,12:10,1,30,Daniela  Fremuntova,dynamicka posilovaci,Joga modry sal
18.06.2017 23:51,21.06.2017,Joga pro zdrava zada,11:40,12:25,3,20,Katerina  Kornova,zdravotni,Joga zeleny sal
18.06.2017 23:51,21.06.2017,Powerjoga,12:15,13:00,0,30,Daniela  Fremuntova,zacatecnici,Joga modry sal
18.06.2017 23:51,21.06.2017,Joga pro zdrava zada,12:30,13:15,0,20,Katerina  Kornova,zdravotni,Joga zeleny sal
18.06.2017 23:51,21.06.2017,Joga zamerena na zdrava zada,16:20,17:20,3,20,Alexandra Mandova,zdravotni,Joga zeleny sal
18.06.2017 23:51,21.06.2017,Hot joga - sestava z Hatha jogy,16:30,17:30,0,30,Lenka Uhlikova,zacatecnici,Hot-joga
18.06.2017 23:51,21.06.2017,Powerjoga,17:25,18:25,4,20,Alexandra Mandova,dynamicka posilovaci,Joga zeleny sal
18.06.2017 23:51,21.06.2017,Hot joga,18:00,19:30,0,30,Marketa  Samesova,dynamicka posilovaci,Hot-joga
18.06.2017 23:51,21.06.2017,Hatha joga - vedoma- harmonicka joga,18:30,20:00,1,20,Marie Kmochova,klidna protahovaci,Joga zeleny sal
18.06.2017 23:51,21.06.2017,Hot joga,19:45,21:15,0,30,Jarmila Kucmasova,zacatecnici,Hot-joga
18.06.2017 23:51,21.06.2017,Intenzivni kurz jogy - uzavreny kurz,20:05,21:35,0,0,Katka  Prymkova  CJ / EN,,Joga zeleny sal
18.06.2017 23:51,21.06.2017,Powerjoga,7:00,8:00,0,20,Veronika  Brozova CJ / EN,zacatecnici,Joga zeleny sal
18.06.2017 23:51,21.06.2017,Powerjoga,7:40,8:40,0,20,Silvie Cifrincova,dynamicka posilovaci,Joga modry sal
18.06.2017 23:51,21.06.2017,Hatha joga,8:45,9:45,0,20,Silvie Cifrincova,klidna protahovaci,Joga zeleny sal
18.06.2017 23:51,22.06.2017,Powerjoga,11:40,12:25,0,20,Marketa Makovska CJ / EN,dynamicka posilovaci,Joga zeleny sal
18.06.2017 23:51,22.06.2017,Powerjoga,12:30,13:15,0,20,Marketa Makovska CJ / EN,zacatecnici,Joga zeleny sal
18.06.2017 23:51,22.06.2017,Jemna joga,15:15,16:15,3,20,Lubica Vodvarkova,klidna protahovaci,Joga zeleny sal
18.06.2017 23:51,22.06.2017,Hatha joga,16:20,17:20,14,20,Lubica Vodvarkova,zacatecnici,Joga zeleny sal
18.06.2017 23:51,22.06.2017,Powerjoga,17:25,18:25,4,20,Karolina Chudobova,dynamicka posilovaci,Joga zeleny sal
18.06.2017 23:51,22.06.2017,Hot joga,18:00,19:30,2,30,Pavla  Krecanova,zacatecnici,Hot-joga
18.06.2017 23:51,22.06.2017,Gravid joga,18:30,19:30,2,20,Karolina Chudobova,zdravotni,Joga zeleny sal
18.06.2017 23:51,22.06.2017,Jemna joga,19:35,20:35,2,20,Karolina Chudobova,klidna protahovaci,Joga zeleny sal
18.06.2017 23:51,22.06.2017,Hot joga,19:45,21:15,1,30,Andrea Hraskova,klidna protahovaci,Hot-joga
18.06.2017 23:51,22.06.2017,Powerjoga,7:00,8:00,0,20,Alexandra Mandova,dynamicka posilovaci,Joga zeleny sal
18.06.2017 23:51,22.06.2017,Jemna joga,8:00,9:00,0,30,Blanka Lorencova,zacatecnici,Joga modry sal
18.06.2017 23:51,22.06.2017,Hatha joga - vhodna i pro zacatecniky,8:05,8:50,2,20,Alexandra Mandova,klidna protahovaci,Joga zeleny sal
18.06.2017 23:51,22.06.2017,Zdrava zada,9:05,10:05,0,30,Blanka Lorencova,zdravotni,Joga modry sal
18.06.2017 23:51,23.06.2017,Hot joga,10:00,11:00,0,30,Vera Vojtechova,zacatecnici,Hot-joga
18.06.2017 23:51,23.06.2017,Joga pro zdrava zada - vhodna pro zacatecniky,10:15,11:15,1,20,Silvie Cifrincova,zdravotni,Joga zeleny sal
18.06.2017 23:51,23.06.2017,Jogova terapie - sal je mirne vyhraty,11:15,12:15,3,20,Vera Vojtechova,zdravotni,Joga modry sal
18.06.2017 23:51,23.06.2017,Powerjoga,11:25,12:10,1,20,Tomas  Helbig,zacatecnici,Joga zeleny sal
18.06.2017 23:51,23.06.2017,Powerjoga,12:15,13:00,1,20,Tomas  Helbig,dynamicka posilovaci,Joga zeleny sal
18.06.2017 23:51,23.06.2017,Joga pro zdrava zada,15:15,16:15,1,20,Katerina  Kornova,zdravotni,Joga zeleny sal
18.06.2017 23:51,23.06.2017,Jemna joga,16:20,17:20,0,20,Katerina  Kornova,klidna protahovaci,Joga zeleny sal
18.06.2017 23:51,23.06.2017,Powerjoga,17:25,18:25,2,20,Hana Hruskova CJ / EN,dynamicka posilovaci,Joga zeleny sal
18.06.2017 23:51,23.06.2017,Ashtanga joga - vhodna i pro zacatecniky,18:30,20:00,0,20,Hana Hruskova CJ / EN,zacatecnici,Joga zeleny sal
18.06.2017 23:51,23.06.2017,Hatha joga,7:00,8:00,2,20,Alexandra Mandova,zacatecnici,Joga zeleny sal
18.06.2017 23:51,23.06.2017,Jemna joga,8:05,8:50,0,20,Alexandra Mandova,klidna protahovaci,Joga zeleny sal
18.06.2017 23:51,23.06.2017,Powerjoga,9:10,10:10,0,20,Silvie Cifrincova,dynamicka posilovaci,Joga zeleny sal
18.06.2017 23:51,24.06.2017,Powerjoga,10:20,11:20,0,20,Martina Dvorakova,dynamicka posilovaci,Joga zeleny sal
18.06.2017 23:51,24.06.2017,Hatha joga,11:30,13:00,1,20,Martina Koralova,zacatecnici,Joga zeleny sal
18.06.2017 23:51,24.06.2017,Zaciname s jogou - Kurz zakladu vinyasy,13:05,14:35,0,20,Martina Koralova,,Joga zeleny sal
18.06.2017 23:51,24.06.2017,Powerjoga,15:50,16:50,1,20,Veronika  Brozova CJ / EN,dynamicka posilovaci,Joga zeleny sal
18.06.2017 23:51,24.06.2017,Jemna joga,17:00,18:30,0,20,Veronika  Brozova CJ / EN,klidna protahovaci,Joga zeleny sal
18.06.2017 23:51,24.06.2017,Hatha joga,9:15,10:15,1,20,Martina Dvorakova,klidna protahovaci,Joga zeleny sal
18.06.2017 23:51,25.06.2017,Joga pro zdrava zada,16:05,17:05,0,20,Tomas  Helbig,zdravotni,Joga zeleny sal
18.06.2017 23:51,25.06.2017,Hatha joga,17:10,18:10,1,20,Tomas  Helbig,klidna protahovaci,Joga zeleny sal
18.06.2017 23:51,25.06.2017,Hot joga,18:00,19:30,2,30,Veronika  Brozova CJ / EN,zacatecnici,Hot-joga
18.06.2017 23:51,25.06.2017,Powerjoga - vhodna i pro zacatecniky,18:15,19:45,20,20,Petra Tomkova,dynamicka posilovaci,Joga zeleny sal
18.06.2017 23:51,25.06.2017,Intenzivni kurz jogy - uzavreny kurz,20:05,21:35,0,0,Katka  Prymkova  CJ / EN,,Joga zeleny sal
